0,1,2,3,4,5,6,7,8,9,10,11,12,13,14,15,16,17
-0.4725588414040492,-0.4830175523563869,-0.23119150211199674,-0.4369345966779749,-0.33072226259801674,-0.3534695780150586,-0.5185717082223169,-0.26048251950658075,-0.2896236929706183,-0.20989710984306242,-0.2542912706710266,-0.18410139725463004,-0.5411489712437344,-0.19587454197846071,-0.2596388831682913,-0.5262358779475188,-0.1917041628601125,-0.27073192299191057
-0.2986700379738924,-0.42684022186553694,-0.44327501963291277,-0.3348228277804325,-0.3042388536326769,-0.4502029656578907,-0.3209358826887462,-0.21478403019243872,-0.3865328462328103,-0.4331442066404362,-0.5096419539189785,-0.21779500981293412,-0.2937077465570776,-0.27512797524617416,-0.5678803210438541,-0.20081594460176375,-0.3659255394834665,-0.25857982214514585
-0.43895136217546227,-0.14514251746566936,-0.4303718008807996,-0.26129143878253724,-0.28374039309508997,-0.346940924341657,-0.3477447671242611,-0.44449657581145796,-0.44557955283372913,-0.3615315093094812,-0.26902847324268225,-0.3433358043422198,-0.5635616103170293,-0.49270815505173393,-0.5559400751261415,-0.45597203367793426,-0.4481130938162514,-0.5466189307966813
-0.2967500313001599,-0.4405070810448772,-0.3726256715706778,-0.48866624519366364,-0.2480292113462702,-0.41287253791517947,-0.4134648932961045,-0.23126263917585957,-0.1534447889030101,-0.43444301113448,-0.5365355529948223,-0.41737724220431777,-0.5277827427197905,-0.18628067642118426,-0.2168171222162094,-0.18856819297106897,-0.5388412656784253,-0.40640434939335124
-0.3201799662074136,-0.2997447963974517,-0.23894937887966364,-0.47960567389635755,-0.4578423984110274,-0.38256391205699725,-0.46705995212357276,-0.3896223602485319,-0.34107169572181706,-0.27187186406631014,-0.20816041945131913,-0.488056846293189,-0.367240121165131,-0.3803201225748111,-0.25119379883475645,-0.28424878154320343,-0.306029106480538,-0.29163910545522603
-0.5649446966896937,-0.25679301831323603,-0.3170362463052999,-0.25269736377018726,-0.2956868793930032,-0.40284552506106064,-0.23144327579439034,-0.4331179245849208,-0.18557683987831688,-0.31292908538166325,-0.2511814209265806,-0.3783014164716295,-0.2160666380244763,-0.573341346154256,-0.30986506017634163,-0.5208353296846175,-0.2947597006199757,-0.3870092955867367
-0.16625748707662913,-0.5203264777816833,-0.20854521952796473,-0.5661162029851904,-0.18622574932406136,-0.3305083105092909,-0.5452761913676896,-0.15035592928581445,-0.41158617020779864,-0.2501546580539896,-0.5323528116037956,-0.3172616553464734,-0.1712659922071089,-0.4585936148766866,-0.3332530030240705,-0.31323150918014453,-0.39644832403645897,-0.5303127948248275
-0.17681591532538296,-0.49877318826759787,-0.46566298116098026,-0.32780534837324915,-0.14627906587382045,-0.2839783854137452,-0.23745807908732103,-0.5311495242636712,-0.29983099016390324,-0.5665288364261535,-0.20695359671227362,-0.22973718271247182,-0.23271177414760627,-0.26734932295011066,-0.39389592731108014,-0.5030696886988772,-0.30318576974257094,-0.4729359231458649
-0.23314430842458544,-0.17966522047195632,-0.535428852418618,-0.5131866460923015,-0.49714670695817875,-0.2515406482589807,-0.5219828268000037,-0.5246833573579407,-0.24016335165989275,-0.5358150514726902,-0.1494087927912919,-0.3889817629036753,-0.2851621979174901,-0.3558661005854119,-0.2970450383199957,-0.3602963046002077,-0.19320255730681696,-0.34639055823833326
-0.5193622243975767,-0.49456172462772796,-0.20763559455034147,-0.5334258859959629,-0.469105683556505,-0.24410756197188319,-0.43929057889344436,-0.34619168144789264,-0.5545816885977009,-0.25168647995548854,-0.35757085981711273,-0.26871132517007157,-0.19231714922207044,-0.38529718183076767,-0.41164556911988887,-0.4308897822987456,-0.46680316318901793,-0.1545802866663585
-0.5022075217300125,-0.5424055730114868,-0.3228976621158538,-0.48604930107415184,-0.32406156175395184,-0.16898752433669492,-0.18638784415666051,-0.4208549624135838,-0.2350557282124256,-0.27055653855575396,-0.42005730591585155,-0.44933739475106405,-0.1503149338818132,-0.268337619367213,-0.5512738054169791,-0.40014636667478864,-0.545749202951029,-0.3697090818343974
-0.3182924387741951,-0.4608467180503349,-0.2343498870545854,-0.3561882620309257,-0.30056909369040796,-0.4093653696197145,-0.2872863043832519,-0.2928607223859327,-0.26447561053597496,-0.19013854337301173,-0.5186918435835066,-0.2635154687891177,-0.2809734055112892,-0.5333036777337233,-0.24065198557724476,-0.49352057743351807,-0.5182567475409502,-0.3391850937623562
-0.24912633875912604,-0.5369023805087012,-0.38495602579479254,-0.15827350349755273,-0.1551410117502104,-0.355519415816529,-0.1807429762848726,-0.4685386548384122,-0.2883538940359843,-0.47954056268335804,-0.17938451767418492,-0.17680002910694836,-0.2794407321765396,-0.40450643761089405,-0.377428362145125,-0.39021656145724776,-0.14595308772815838,-0.4483185478750668
-0.3136249067895891,-0.46438067282445517,-0.3989058702332376,-0.23733825612161996,-0.356577816570431,-0.31212635176753717,-0.3195669462020505,-0.21751351588761286,-0.17097083661869977,-0.3384629376654701,-0.21828053667198102,-0.5578723967008236,-0.22114311543627216,-0.31297001864578633,-0.2515209062666927,-0.47258301579403933,-0.24465706492605474,-0.48719047487531286
-0.5472249554249601,-0.22365621539836725,-0.28625624177648074,-0.4396677722238252,-0.3477805465663889,-0.5460418482297956,-0.4388896727464787,-0.26550020241777395,-0.4703764014406405,-0.19532003729832959,-0.234845047750069,-0.5243974103481172,-0.4144306095515507,-0.25453368405538956,-0.23233158556512032,-0.5096767293009086,-0.49314221836889205,-0.4317848196805289
-0.25282255538935594,-0.46399209681939,-0.2818119048898775,-0.44684515882750836,-0.4363868026163515,-0.3047350058971892,-0.39426348399228045,-0.27061336541100356,-0.25092027460061944,-0.2503257672429609,-0.49578744365052163,-0.2402195732389857,-0.19741471081594317,-0.48465141969603925,-0.37814386705682246,-0.4434611646542763,-0.17843667489930445,-0.3286990265960032
-0.27311680210985906,-0.4998754584436321,-0.40624346274318446,-0.34101814973738626,-0.29388793786524003,-0.36113644478642726,-0.4044909311852371,-0.2552801849367349,-0.3070282340803333,-0.29231330603658484,-0.22946761870548293,-0.4699615661714761,-0.25260600319885934,-0.20370677488465255,-0.2180669232731646,-0.3475643746506385,-0.14777585675487237,-0.5420932395142694
-0.2600669833645358,-0.43689776709989925,-0.3377918750305603,-0.4811670178078632,-0.3508957498126711,-0.5130764982056231,-0.4436449286824348,-0.2540927230264676,-0.4904530633828105,-0.5550200982691129,-0.49701617606042525,-0.20868274734590567,-0.27586711001675035,-0.45348788849203525,-0.5234184226004683,-0.32144292175736244,-0.4855392796637707,-0.38709177434035186
-0.26377533498327377,-0.4037971494902499,-0.40439473992724706,-0.4157609762900353,-0.3510074210596271,-0.4534195646460019,-0.46528005865152733,-0.5206701931098299,-0.4626486740015663,-0.1932203529651347,-0.2424665773053639,-0.27889807479813666,-0.25715312434996834,-0.32110577781330646,-0.23397209960208665,-0.33445984364986253,-0.20143519508988666,-0.16247830585924233
-0.2755616666311125,-0.48112906037578174,-0.5473361204899613,-0.42612554349523035,-0.16914104796883558,-0.21308029744584678,-0.5026303303692129,-0.2550309699876094,-0.26890155732910753,-0.2155814303569869,-0.2452192069732721,-0.33568436816830427,-0.24769933021558094,-0.36001013499186435,-0.26296114043652136,-0.2874913286690377,-0.18605620505985704,-0.19609462104915243
-0.5141948525430213,-0.21582301250235492,-0.2771314075453052,-0.3715694209585415,-0.47652211334994604,-0.32663228465253286,-0.2797582196009113,-0.4367870536374365,-0.16190670583844527,-0.3351938012559722,-0.44811594142091504,-0.4597618357723679,-0.45906943938899814,-0.47989615674649233,-0.42004420714230106,-0.2735845528138998,-0.1723731339677787,-0.23050320013440856
-0.1550942518184933,-0.32948761191356585,-0.17273652239788775,-0.315650673801696,-0.3643945971378402,-0.5701125536442048,-0.2079245667839264,-0.5457680192738822,-0.33146704167092333,-0.1576113156537833,-0.4465921584356761,-0.43441811698069577,-0.44723050568636635,-0.4107741907067636,-0.43569275652739775,-0.4845091330511824,-0.24091130107734865,-0.22412911686056447
-0.17882982588659876,-0.48542097961221486,-0.306138410471953,-0.4462661731928318,-0.23138265285028622,-0.492030568567313,-0.2636547574594678,-0.2434449854679315,-0.3568014888518689,-0.29514034802093114,-0.5540655751366204,-0.34611481173012065,-0.3393193623447358,-0.232928853895198,-0.44198322443070515,-0.5428275193441321,-0.2301009813356898,-0.43455896407953076
-0.36051927663882155,-0.5401882352716284,-0.4298693783862567,-0.31183910586493524,-0.28614773577214525,-0.35247925866697616,-0.2476960109923785,-0.46902037913230976,-0.2693131955486528,-0.15979342610464461,-0.1994668885536774,-0.19883923250244515,-0.20786683585414972,-0.5330133002243745,-0.25664338575138607,-0.24140466688916598,-0.25544229744331726,-0.4198099998515999
-0.20488319298298463,-0.4920836721136522,-0.4702509595892586,-0.2536183721348723,-0.18524507879430246,-0.26643976067279573,-0.3399763795048988,-0.31222086398016635,-0.2712421612358557,-0.31160023353384897,-0.5571130762956787,-0.5026095870038908,-0.47954046240477105,-0.41594383629358733,-0.4388498499635918,-0.20076107053569783,-0.25804755260901063,-0.41426848532128135
-0.2543726681210478,-0.4913009440744595,-0.5382023355708744,-0.3201577797439993,-0.2625282530902859,-0.5007743022328212,-0.2104084254859471,-0.4034464677962052,-0.4718714396415396,-0.49741447540343964,-0.20667762968880132,-0.46874857196593195,-0.24290152052775413,-0.19171436620432092,-0.4327876811842739,-0.21957170245424945,-0.46626041024493653,-0.5318431046209825
-0.45423938771230354,-0.32300761756913055,-0.3356594722999701,-0.26187719668817344,-0.319658273854492,-0.5005323802755673,-0.4541085961998812,-0.47214600486784736,-0.352097899412774,-0.4404135868512548,-0.5406828527728619,-0.3740926701167998,-0.45006090360458656,-0.3074555981514945,-0.1604499403754426,-0.4501896192463279,-0.28304532266200466,-0.27900934036232894
-0.2337649631632729,-0.531072750504087,-0.32745447117015714,-0.3638783011812073,-0.43862576798007014,-0.5050858507910129,-0.3559561210186535,-0.46949759028732957,-0.34217954000953316,-0.5151785070864303,-0.2257376788844208,-0.5115982677544837,-0.5340512781637164,-0.31783990815551555,-0.4498298652540718,-0.22217331332204454,-0.38397581538907755,-0.49170084908868805
-0.27742746626687886,-0.22975076225358415,-0.5202419918166215,-0.4537523972038152,-0.563166768659682,-0.29493767717799474,-0.424297578950497,-0.4017665656578332,-0.41337577666729386,-0.2442082971398137,-0.18653557090324077,-0.4732952021620336,-0.28113380223235085,-0.24727874121341173,-0.32270207599846656,-0.25696433117454387,-0.2704179085680522,-0.5446976694253123
-0.25359647186369505,-0.4585678852608535,-0.359240373107179,-0.3806178731856328,-0.15131441149346816,-0.5128074778473133,-0.5393507233563104,-0.20796414709279518,-0.38455834934775757,-0.2626759097092445,-0.45309137422603013,-0.19644364399957376,-0.3675757520033471,-0.5076288254133403,-0.4696935349375848,-0.19103416456623212,-0.28858010498814485,-0.3381442009534032
-0.5096494457060304,-0.3956832420886524,-0.4842174377168628,-0.49297168188640816,-0.384439576570103,-0.286744338163047,-0.48069866650450493,-0.4631002440607298,-0.33605069289397754,-0.4537067413724092,-0.16111919292454419,-0.4369734150226958,-0.20435174788722338,-0.20413627577313545,-0.47903810337118946,-0.37733083055721073,-0.5729892302407589,-0.4228772403705259
-0.386039339785744,-0.37005141586932755,-0.47281316447838095,-0.3440583514025387,-0.48763078938493604,-0.32325433492028877,-0.2098660833399667,-0.4043120919249493,-0.31393589198448923,-0.4626334762802654,-0.2611498879538477,-0.4743416109430253,-0.3843795397732454,-0.33575256159804934,-0.5397414044550054,-0.477187352619793,-0.532990042032086,-0.5632440673064385
-0.4577873707381774,-0.3580855322919671,-0.3717113568357885,-0.5157013488939987,-0.20543829490913054,-0.3948281122125151,-0.14659967702030563,-0.464655933432378,-0.5476690398954785,-0.5221093573005848,-0.3502520661070337,-0.3486944082062217,-0.3171535054346185,-0.23336688416474705,-0.49124225497965024,-0.5539282221280354,-0.3875693666541872,-0.5393788810944109
-0.14663298540005149,-0.3405541043618952,-0.2602271988358331,-0.23508819598293196,-0.3471211454926092,-0.24880293112151639,-0.24419342021967674,-0.40266458481441125,-0.3429200030656293,-0.5482616849930129,-0.20729250926841672,-0.5139613480399385,-0.20263048712000412,-0.16237402515969612,-0.3866633251220821,-0.4911053848248637,-0.2578752777688158,-0.4917611513160982
-0.4555151290694553,-0.3009442348962748,-0.3619767379838937,-0.573493642165733,-0.16750642624333245,-0.2712848250098127,-0.4584768504457796,-0.1498759372734053,-0.2808320190584861,-0.5016371367771087,-0.18982775222587572,-0.22308533072744496,-0.22555520229505074,-0.19901025757827068,-0.28122375329777755,-0.46810379047388945,-0.2859750139588612,-0.28677741322169054
-0.29667930861439695,-0.40285317061000187,-0.39413461882455925,-0.4241830830788297,-0.2852100902356295,-0.23560765415254992,-0.5172318583562883,-0.22645013102595252,-0.24046590382711602,-0.2253773483347504,-0.169046959847262,-0.4532060346700531,-0.40297347012850737,-0.24882675396396675,-0.2657803599609558,-0.1920568083086434,-0.21656902687472118,-0.2668531146407992
-0.26763429199856137,-0.49522432994717425,-0.28458229570674165,-0.27441086236070306,-0.17332928778123677,-0.1827580199357148,-0.543443033918334,-0.2012180325865336,-0.25148301359301495,-0.21747561867482665,-0.3399650680094365,-0.2764129019175499,-0.271653617047728,-0.15703779063179643,-0.3224955006626948,-0.4643911179771944,-0.260911770575871,-0.5479394359341949
-0.4771412546739812,-0.17621071088448043,-0.3231636610476484,-0.2801492532039098,-0.16459072441008915,-0.45950534985102964,-0.2306091791963361,-0.5595640556774366,-0.3632273260800515,-0.2828411662347988,-0.3330392924516886,-0.19534567887104204,-0.32580252350366024,-0.2794775844472244,-0.49914346084754024,-0.44284553769418356,-0.5169825360740626,-0.5273187082187116
-0.19072196809135272,-0.25019762389136097,-0.39906043574866823,-0.3711643718933787,-0.5748843139526103,-0.21650476695366555,-0.43592224982995226,-0.481629852161369,-0.2846740441881977,-0.4059017492267524,-0.43265296181449325,-0.2759110646267217,-0.4690548517278777,-0.4558125370272249,-0.45212001256537987,-0.24751992085576244,-0.34132827765834856,-0.25758379693307976
-0.22881991274939856,-0.2628229057607395,-0.32167905132753954,-0.2453329501574344,-0.5095492626263766,-0.3637807211046736,-0.17483956067382297,-0.3294273738939997,-0.3195744795626391,-0.34594131137703366,-0.32727013466090316,-0.2231036505015584,-0.5173112905146803,-0.3125381304855136,-0.2261345759544653,-0.4396056301883805,-0.22226445429251504,-0.2519737832433003
-0.18025842175358728,-0.3584282438792286,-0.43206065337390703,-0.5324963077295342,-0.49893870202697876,-0.2849321056989269,-0.32566324771900296,-0.49069747961227456,-0.23432460195092997,-0.493115513624819,-0.4289540001463033,-0.4351318205828189,-0.4619127215165409,-0.4705657334519989,-0.4143747669697758,-0.2182770225768561,-0.4529876989848351,-0.3006824461328584
-0.549860490229,-0.17680309783488612,-0.2610044513570005,-0.2566723300287599,-0.332069679167901,-0.2830863238092272,-0.47467491072279605,-0.38174069942160893,-0.26247002121841734,-0.34805065299688476,-0.22824779104348142,-0.15250360779294533,-0.3524824833263524,-0.48957424695770774,-0.36171071577905745,-0.4739151519991155,-0.19970646254799515,-0.5147574848800168
-0.15124015765875212,-0.44384663772957345,-0.2174455194571622,-0.3331393883763555,-0.3477837566983101,-0.5285733002613314,-0.2927271935305671,-0.22248414075837375,-0.2838642812157016,-0.3816144164166101,-0.5230223038436771,-0.2138481492345857,-0.5471369983623595,-0.4754483846346389,-0.37127285263718524,-0.20750314126727698,-0.4639116148001595,-0.1917082827229714
-0.47443124525428576,-0.504191596796195,-0.40302516337525435,-0.3356702544907438,-0.22987332023312496,-0.23241673632082704,-0.21780136031367361,-0.2536519733277755,-0.4229204008927816,-0.5131052584249685,-0.49186336122288093,-0.48910127810786824,-0.2644825728488343,-0.22644846820620346,-0.3855900847928014,-0.32938415634194734,-0.4351369206268979,-0.15033560141244845
-0.5506049467270256,-0.4911862028115953,-0.48552435091111307,-0.23108827116589467,-0.19809472947249623,-0.33856730326735857,-0.3834294061840328,-0.26209105198863186,-0.44254294639032843,-0.23096125931563413,-0.23771933186317157,-0.2947886212778513,-0.24349729537366308,-0.3970256810251231,-0.20114147858168235,-0.3725741635970633,-0.15777402099171323,-0.5092302549222014
-0.45486971363812545,-0.1989441148076905,-0.1647566569524054,-0.27955844042196626,-0.43393767697154895,-0.28216823954358167,-0.29233062782893354,-0.5693749580569639,-0.4138094578633572,-0.5047956796987881,-0.22747953524004094,-0.1806399151681879,-0.16803291370466036,-0.4759075593114692,-0.1503693188822264,-0.1688773271142725,-0.440947370053418,-0.3617273571593437
-0.4963199565389527,-0.1721053061506212,-0.2945357528129916,-0.18783386019734913,-0.2970833397399298,-0.45595353664100813,-0.2880523989629393,-0.21438715700144528,-0.4490118159966297,-0.4595613989696122,-0.28551939095413037,-0.5669371369232711,-0.443532597731922,-0.270878450709718,-0.26216996688493877,-0.4832167754251547,-0.28448165302872624,-0.46800869975445497
-0.30869089577343223,-0.38452460776552594,-0.41721248892098234,-0.3095352772749884,-0.4846899514841265,-0.38492589714276815,-0.2913184072803326,-0.5637740111946304,-0.20730866972603615,-0.3737075172278426,-0.3391304930683931,-0.30507105505199583,-0.44947700140489566,-0.1763227519159604,-0.3107968658656262,-0.1497249130307479,-0.30563784289399704,-0.1962433959621991
-0.1873021334066317,-0.43096336509650224,-0.24800567431585155,-0.2654139370946336,-0.2406154244874125,-0.5087623200609395,-0.3865109788840153,-0.3392370248024517,-0.5507124860240978,-0.4595817498348921,-0.31865061669856326,-0.549506707672712,-0.19008877634742338,-0.26736501073615804,-0.20638568284110892,-0.2210731019476881,-0.5502584062761523,-0.1451280705462968
-0.24939193177635172,-0.3323855699672856,-0.40640882238845355,-0.20734865318787285,-0.5666852030856901,-0.259663563874133,-0.47662216671068036,-0.47348797401086723,-0.2238761010948234,-0.4854449452507182,-0.4340948078156363,-0.24055796027703252,-0.5107597783950114,-0.46296346302693203,-0.5137128985171444,-0.21889642383527405,-0.5232957866166489,-0.24470442495131123
-0.26860104778691,-0.34615510181398956,-0.45933074959884207,-0.32099282960418274,-0.5368811014288931,-0.4084347213947136,-0.20744274831327325,-0.39143188171327276,-0.47812466332851034,-0.2576297507424657,-0.17019176829139857,-0.40763563579518064,-0.35634402398028897,-0.3097210304099377,-0.2310615106763218,-0.2964857648209461,-0.23823589469397768,-0.4691333542706365
-0.2731182776644853,-0.25851944361504736,-0.3379976468865291,-0.4675753260647023,-0.3353974327828444,-0.4741594206617983,-0.5636425270035144,-0.5307050644817914,-0.5319343431951538,-0.4959615122526867,-0.342862019063665,-0.2662068721771194,-0.4117082561255946,-0.493268328377215,-0.4661877380682264,-0.3083645856154871,-0.47344585773302283,-0.4026192818455027
-0.5032198101353087,-0.1515086119865816,-0.2933589654337383,-0.1548780128262066,-0.47097785333575254,-0.5564305760735871,-0.26782625168296886,-0.5316758923159267,-0.40908930198489585,-0.5532440336001307,-0.5670015080423382,-0.3841588350343062,-0.2719874158138121,-0.33836821174364135,-0.47304655308993115,-0.2864879096188641,-0.3537113319623498,-0.20829396287179952
-0.5463539863045358,-0.3587038024626762,-0.43155630543075263,-0.3594484097121843,-0.5507202893663141,-0.3638623561050571,-0.4413181356822186,-0.2145175214134544,-0.35217090223452463,-0.34797483664936535,-0.29823756090205417,-0.15507973647567835,-0.4490942552666018,-0.3275787697805291,-0.26653109830140254,-0.5156246395476848,-0.2621036026625456,-0.2696233812145366
-0.22701082484594082,-0.2655891828244924,-0.49307988301883143,-0.22330263493237743,-0.2515098895639448,-0.3871356513684667,-0.4494442658463834,-0.23338962679836736,-0.15791779594590186,-0.4498846767256528,-0.49688419954392204,-0.41512673983056797,-0.5186969613838429,-0.4342931677867206,-0.5420251624168377,-0.17827249751394544,-0.5377264375045404,-0.2788022123572423
-0.45782241260473966,-0.20963926966342186,-0.15564400583928598,-0.43395925312179584,-0.48499894590133297,-0.41407678949209037,-0.2588192690491914,-0.2972484669308828,-0.43561941473810717,-0.15779201906559054,-0.5106511512904388,-0.3160286032057524,-0.1663054777967357,-0.19710385053468665,-0.2717228979683419,-0.3010624223214597,-0.27991585683728254,-0.27943519066113354
-0.2847199145146117,-0.3582334259235206,-0.49035039303582834,-0.17818534584017737,-0.2494934005222999,-0.48719682511240076,-0.29800509647882445,-0.21866711305878353,-0.41897234610421774,-0.2779985125119642,-0.4495027198879622,-0.4299370729405218,-0.2568419996088168,-0.3209406212353043,-0.5599158520970211,-0.2306965798578052,-0.2629370292202305,-0.2852812746309417
-0.1628919275848224,-0.33511482711357193,-0.28503907293903447,-0.3532700756222128,-0.3983815331480716,-0.4052987499680053,-0.4340314008415783,-0.5483667825067395,-0.4965043461761208,-0.15198469342222537,-0.1780350074788114,-0.2485322475017858,-0.3701177196754278,-0.3866450320729113,-0.2930312166065974,-0.5297100069411599,-0.3255517526631175,-0.1527645239506909
-0.3031272335654396,-0.2350829275166401,-0.32136799484806666,-0.2943074205737836,-0.4784950546200786,-0.1971152206766913,-0.19337447503842514,-0.25707234607655977,-0.28102874338802636,-0.17069572892947427,-0.43260150495867905,-0.33381655802932586,-0.39557849008120594,-0.2945274505477075,-0.17707662930839585,-0.2723273514458702,-0.2581750506946415,-0.19016257066829667
-0.46206465089774723,-0.2024918142288997,-0.4144163138357543,-0.5341328175322299,-0.26772254209646384,-0.20622127721030786,-0.48405154863878097,-0.4675948956075343,-0.35960334135811933,-0.26910763876034666,-0.3604498683415711,-0.3478728925628659,-0.270075100969521,-0.2794380239432788,-0.4124079820796978,-0.5431692025446825,-0.20444603816339085,-0.18324208375451723
-0.26819366351179685,-0.5069202497446581,-0.45982595037973706,-0.3849594571093575,-0.4470024987434529,-0.30733096100236146,-0.26417997355078493,-0.24994732397974073,-0.2588551988354987,-0.5164957228071704,-0.3392129962996261,-0.3902096176187238,-0.15368973356928967,-0.471227086176709,-0.16354143137887223,-0.17991104122175333,-0.36754903323056176,-0.2139747690219213
-0.46680741572180623,-0.34374316970575325,-0.4907061141142832,-0.2752714529180951,-0.39452847450225875,-0.42689914670089085,-0.224785633928788,-0.41216733034417025,-0.2658472077263027,-0.4428203340391709,-0.15121385904195112,-0.4080181301627457,-0.43430469092687257,-0.3456935364735654,-0.32938571720729,-0.4084166323703754,-0.5348923830225025,-0.4063542511622103
-0.31313151267385564,-0.4726738392344288,-0.332159165612055,-0.25791597129397037,-0.4633457638388463,-0.44888282786277744,-0.1877417009694515,-0.43581223609987324,-0.36393356847551966,-0.3597016886991201,-0.4969882952111713,-0.2857789648976241,-0.42375192815356855,-0.44703855438824974,-0.5035468931651867,-0.14733024700837374,-0.45937672583664557,-0.3499581745195496
-0.16764072582566142,-0.3704970561399794,-0.41308480547006454,-0.4365672005516285,-0.5396215700363998,-0.3486454240132234,-0.3991033777581301,-0.27704081173346545,-0.3696681904335979,-0.3819661625447131,-0.5161019281004968,-0.17700874489470625,-0.36615263453507824,-0.27131727559973423,-0.5244756980751922,-0.1909516145874924,-0.5729444517764407,-0.4400210581586726
-0.4410869991778469,-0.17814711370432967,-0.2772444742614674,-0.17251374389456384,-0.5266100323541664,-0.39813205957529685,-0.3422070131074275,-0.29134952502751194,-0.2202132521150217,-0.3751224989144501,-0.24209086209642802,-0.3514021663422867,-0.3402881651586075,-0.49783831686834823,-0.30047202639717996,-0.21958618538561658,-0.45441590801877657,-0.33932845573565545
-0.5077346375509638,-0.24106164930781288,-0.28267689260408024,-0.23341481170261397,-0.23382382235652727,-0.39133693999903457,-0.3111834776789054,-0.19897353455806088,-0.492799148957757,-0.21101096349177487,-0.4574400430839026,-0.48238583569649607,-0.4142331909855364,-0.5367542915345518,-0.3860150344630435,-0.4382009496489493,-0.3677187451491065,-0.2682543385172099
-0.37065137183301855,-0.4039390557603248,-0.15683228269672284,-0.21520824323484358,-0.31070964416567487,-0.5354577113742303,-0.27353906691186797,-0.37238420039250497,-0.2157712365940502,-0.483836555349138,-0.22477703720497821,-0.4107848015537761,-0.29453758311747924,-0.17317629359309625,-0.3755296093444389,-0.3028410535820685,-0.4478775170339826,-0.5192328291779976
-0.5003249985738576,-0.15045563513633586,-0.2966199595317514,-0.36460939574322737,-0.4637453270285591,-0.2804484216769382,-0.311485259055064,-0.5171466029823613,-0.3559934618834981,-0.3759447948861173,-0.4754516311268985,-0.41091497600084004,-0.4667518637069342,-0.41703552204151845,-0.4942348729297251,-0.44319022395307583,-0.4757900590680776,-0.24923391227708405
-0.3798638472009683,-0.4123554239094596,-0.2756819052284968,-0.35834999072419105,-0.41581162863881865,-0.36461220489102747,-0.34729655849318053,-0.528692259102389,-0.48322020316105657,-0.17860222757776092,-0.46275406268250063,-0.42215234249953737,-0.40000564803615346,-0.17516393608529954,-0.45545935069454185,-0.2839447730745789,-0.46687908140784656,-0.39503689479836596
-0.20465782501612376,-0.2393799346449114,-0.45590724558784396,-0.5022970494903802,-0.39096673660961556,-0.17904203856746206,-0.4488157809778147,-0.22319195506652778,-0.2226368164947689,-0.24039488587187027,-0.15040521719645483,-0.2146051874606707,-0.4627723795713654,-0.5299976984994752,-0.2521385246405944,-0.1735629171435728,-0.23443625648823962,-0.3441955421672521
-0.44332738863157745,-0.48147717219443387,-0.18869662915282276,-0.4118325845452816,-0.2715395410006797,-0.4318953781107175,-0.18750433446675724,-0.48859313099921814,-0.21017535129668305,-0.5717415554646982,-0.5422105432044604,-0.2376609114544763,-0.3100605648247678,-0.2400618855876463,-0.4830228986958757,-0.44096924049241965,-0.5658259069729199,-0.21986987783538497
-0.24088974853482198,-0.4002660313737059,-0.5068476606585267,-0.4128993631828929,-0.40388668558919,-0.34404043921539224,-0.40131178643574106,-0.43302905990856827,-0.39634256598478995,-0.15981081126593905,-0.5365440296462441,-0.4667767416719271,-0.43670490500296594,-0.35405278861566014,-0.45003583913907963,-0.26760563428346,-0.5531301779373754,-0.4306077242224249
-0.2343560556932248,-0.44852371089018106,-0.5084195921213035,-0.5290701053983535,-0.3573485044953805,-0.4977823621373969,-0.49499572788123747,-0.5062535873230822,-0.43915165976617854,-0.5184185216463325,-0.3535107143424242,-0.21974925551184263,-0.15600322785863213,-0.4198384417226628,-0.4715542617378441,-0.20616753106970986,-0.4612726791851113,-0.4509192004844351
-0.508320284500563,-0.2623548384861452,-0.1907691430851605,-0.16898021293337817,-0.4392268211903559,-0.432004741588401,-0.27001510358820396,-0.46203839301838734,-0.3513049714044203,-0.20598467474169913,-0.2440259707543928,-0.48749121900305736,-0.23663275650127172,-0.3759035248221444,-0.32577761407412503,-0.45057069199336874,-0.3574276555522894,-0.322301577550772
-0.5162102625130951,-0.29315040897194855,-0.29981974076525286,-0.16318467177131213,-0.5021634307375171,-0.5244882547214182,-0.2479936415294356,-0.19391626151285188,-0.2672974467586776,-0.24237897592673308,-0.435032854187627,-0.39092088881880904,-0.3138424836920846,-0.3652467537835572,-0.3546967332755498,-0.5332246942852482,-0.47255426362533526,-0.5406159516523105
-0.43734925062612245,-0.2731349343392283,-0.2856966401212168,-0.3340239183226224,-0.5062415112597214,-0.3611330075412272,-0.19987779793031987,-0.5081501968526492,-0.2575048099714298,-0.23591509114494644,-0.2518892827205951,-0.20220194814934206,-0.20607570388160132,-0.31429835464624223,-0.3091110504889633,-0.5132923893628943,-0.27088658469865334,-0.4302932540612255
-0.2816085593482042,-0.5582232501398445,-0.4183113118619559,-0.5039141148347372,-0.2900395346795044,-0.3132747297540665,-0.5037897331813295,-0.2853660610865197,-0.4632410362367686,-0.27417300833035574,-0.4473334049328961,-0.28266288901780207,-0.1490820550991088,-0.49299767996401495,-0.5536142837638911,-0.1457443933242013,-0.22944453486194938,-0.16523749098503593
-0.434582537993487,-0.24625990453469582,-0.19394621871790954,-0.5656814767941486,-0.40775454432698455,-0.4722390336467714,-0.161869264625046,-0.4415017185732766,-0.4639162580343853,-0.3028951304572277,-0.265158724956761,-0.20697448981689215,-0.4617251490588557,-0.5687211055919471,-0.24724579423626494,-0.4294962335505773,-0.4406149066259594,-0.44786297155807697
-0.28416396437977054,-0.2683978663829144,-0.5509428940644143,-0.4894019422367795,-0.4359304479389723,-0.5373949653083264,-0.22963453142834303,-0.4283553542229203,-0.2787033530346712,-0.21802164909367747,-0.1700897414728767,-0.24964071323827303,-0.5242625031161432,-0.45369923877917023,-0.49689517655399756,-0.27705981989840106,-0.522593658928336,-0.36477669255274053
-0.3260837982807096,-0.4156166362764265,-0.38583670412128346,-0.45693534748331094,-0.1492647448244097,-0.27263228830663355,-0.491141325309972,-0.5609540069716827,-0.18356625634199508,-0.28416043408634256,-0.25356893034704825,-0.18234600809819304,-0.28577139601815327,-0.29368656475323823,-0.2758907302653313,-0.4940860379627526,-0.28673729935114656,-0.4481959193181312
-0.41442567801735075,-0.5286535526610118,-0.33575255501221946,-0.2646990860814365,-0.4986010043493102,-0.24584968863561532,-0.3819193548331995,-0.5294096725687907,-0.229569442072048,-0.48748169530002733,-0.23859425191274275,-0.4479065879835211,-0.39410625124504994,-0.34987293831158395,-0.3223124585789122,-0.3425526866110691,-0.44622147982412164,-0.25595181860037736
-0.39302801802207665,-0.3112289346172958,-0.3777663357571662,-0.33205126180621336,-0.38158388319015013,-0.26075206924978456,-0.5438830980223216,-0.5390211579769789,-0.19984268895032348,-0.5414823924790838,-0.4307440779034625,-0.35925951234228254,-0.35683271983935905,-0.23802516760822087,-0.4923718016641649,-0.5232148183183829,-0.25404009377181486,-0.20771366063280353
-0.4370231564614741,-0.2535672846472548,-0.5509005922830275,-0.16683753263924755,-0.20464449198423737,-0.29038891601290284,-0.39807151844526995,-0.56880840312018,-0.26934240830772554,-0.4742508870352443,-0.3346961264585405,-0.35742017802351367,-0.43931475998848624,-0.43275796445451203,-0.44094492276818453,-0.4362131809690733,-0.48297482265445607,-0.22514968686646178
-0.47849797944433137,-0.32561240655031,-0.19316357425724068,-0.5565110844252944,-0.5033388242135859,-0.4649778984109119,-0.25904057880803616,-0.48558211546215363,-0.5128237256451235,-0.2848538804464046,-0.26020027103794446,-0.2813702976112123,-0.36719138531707796,-0.4625100536114741,-0.3890867678940675,-0.24316599473236267,-0.43685276162159725,-0.48254706876534254
-0.262894694675715,-0.397096713399377,-0.5525812167721301,-0.34867007160357766,-0.287863670019623,-0.4372552301066617,-0.20803346225418234,-0.1934593415802663,-0.3669550520140188,-0.40287007366740524,-0.4518253479609978,-0.155995554606172,-0.21946190779163902,-0.4431085627704726,-0.5428301522977268,-0.33420628144253267,-0.42345341399201686,-0.24789098526765455
-0.4621484508141756,-0.24616248190265377,-0.36704429150273726,-0.5378234405966933,-0.3256055549120485,-0.37435045329033934,-0.21588339934249343,-0.3211252869858465,-0.574556425718359,-0.40447844993356485,-0.28325909611640937,-0.5506369558594254,-0.23896078454719144,-0.3101451855148056,-0.20810958044447417,-0.5182677318651109,-0.1976841310029451,-0.47861134872824285
-0.2367248661079006,-0.15099026487110906,-0.49950684938621587,-0.2630619702398724,-0.477921590776688,-0.3240863309637515,-0.2547048138459694,-0.18408522306602365,-0.49994411092926105,-0.25773179823040876,-0.27276334725943124,-0.4153437370432161,-0.4036780912114681,-0.28793938866982727,-0.19160208780768825,-0.24285871702522507,-0.21150916299202005,-0.5020309087548908
-0.471378261393173,-0.15361067424346667,-0.22039969579620408,-0.1983076117064926,-0.529704107499613,-0.5130227112091981,-0.5128210879024734,-0.42048732999771393,-0.5269082435276164,-0.5658237488257346,-0.4083014064606717,-0.272462049880037,-0.5650711081098941,-0.21079645713178605,-0.5374043678376776,-0.19960769137842427,-0.21451785861416175,-0.2777922314040772
-0.22724812333646552,-0.4847214875036359,-0.3848740310696675,-0.44449973207106996,-0.38937501687070397,-0.1659977186458907,-0.45073740425312403,-0.3307421772486787,-0.4086206167884119,-0.27295864629180305,-0.4767577978328187,-0.49799198047623805,-0.3749085098317622,-0.26461252046637945,-0.17066765175101145,-0.37163371663277983,-0.3432455088986982,-0.569829435832138
-0.244068989437278,-0.5028608852262744,-0.44661563026220236,-0.22611676019951893,-0.15271702900667686,-0.32818968115768604,-0.4140884535271712,-0.5492318149999754,-0.20220722234841743,-0.4552830624691115,-0.5354371188267741,-0.4799850292989308,-0.18373138369925932,-0.28929634805904314,-0.4635160119909177,-0.1967976136606394,-0.48834846747971294,-0.3339624417629786
-0.4531781981317502,-0.46003235667087816,-0.46730931660515423,-0.43690285389848843,-0.2592000604099333,-0.46378334556859435,-0.46913704225895836,-0.49368141802107435,-0.19845179902449567,-0.36775578395794134,-0.20413606693573297,-0.3169763820073413,-0.4930084442831554,-0.18244518325201292,-0.24930444945267216,-0.3874593153845996,-0.3322731779717243,-0.5117832133476381
-0.44797104082624517,-0.187055106016066,-0.3985877645958487,-0.542969137376737,-0.2365944549284836,-0.36765609980995084,-0.20593084872873293,-0.15876615591188115,-0.34693436979107906,-0.27120391423838575,-0.43786262308903745,-0.5058808095368309,-0.29549722557069125,-0.4636724674017611,-0.5110516577882822,-0.5044855795185961,-0.20879076312778821,-0.3519352298908905
-0.29182031404573283,-0.4694567759778865,-0.1459557019708974,-0.42181395764191204,-0.2482886733766795,-0.2614198595694947,-0.30016230976601904,-0.4165494586142948,-0.3579498974842529,-0.38526399299248454,-0.17413390581601132,-0.23404693857043704,-0.1890547302720716,-0.5614105972938671,-0.44380261980707536,-0.2430107229658204,-0.3667244255853989,-0.3252168383283022
-0.21104803294937335,-0.49015002402625074,-0.5325023242915383,-0.5163850119520255,-0.4364970763710714,-0.47347482318634815,-0.5071699169046424,-0.3356176323476697,-0.5048550391231191,-0.36289721088152926,-0.4606269689559953,-0.47305158669286407,-0.46168132091240743,-0.567846579727571,-0.23689286718752303,-0.45717819670441645,-0.3703251270428635,-0.38203322113821636
-0.28085103584275534,-0.28616996985940385,-0.4152101778359373,-0.18558021504000344,-0.3935723813848567,-0.39048629096671644,-0.3486278180012497,-0.39443323671203695,-0.48929284821202607,-0.5310362115183715,-0.4588991647394224,-0.31418379342377073,-0.4485258813281929,-0.40206993004560426,-0.3847151715750757,-0.26011549489377706,-0.42966776721839245,-0.19105552682871535
-0.325568091938844,-0.5197102642730557,-0.24538863599887747,-0.47763381120550846,-0.22659844581095723,-0.4567244852972904,-0.21796056122077714,-0.2916883446236257,-0.4217727687587945,-0.28461015752933266,-0.39167041592199625,-0.4694274782317502,-0.5032885012431991,-0.4387483950073348,-0.5250673177601204,-0.4648143939316381,-0.5646635818254284,-0.5202495656571616
-0.46488873466181413,-0.5416350330419405,-0.19760925229482892,-0.28841135207425167,-0.24742313878122957,-0.20033755694442118,-0.5338627332882606,-0.4394676705806225,-0.4733689698207741,-0.29321723045381204,-0.2309486022760781,-0.3117668932581644,-0.14586119041087306,-0.24304863542777155,-0.4839991691460324,-0.4303647982183674,-0.3369346058487239,-0.4562822822351083
-0.22181044895777113,-0.49329954854816555,-0.2944108908020517,-0.2278987312806757,-0.276684499214295,-0.2945533631122051,-0.5437208395012297,-0.2595875045625839,-0.4387520555614363,-0.36435499074461736,-0.2547896329632107,-0.2989209260724278,-0.3245380082128007,-0.4077463542139414,-0.1650722854367421,-0.2626749878683268,-0.3932781592211057,-0.23261954371797333
-0.24152529001804676,-0.3513732307116416,-0.44119347813139703,-0.4710181099607508,-0.555142122226926,-0.26958133106970333,-0.4900450408746621,-0.4635314508662226,-0.2631027493978161,-0.24747160099814006,-0.42764327105757555,-0.36351618349911335,-0.562011035897594,-0.33074959021200834,-0.5469066254163449,-0.32352446775909743,-0.18139827704984704,-0.3827002718277136
-0.3941372823991414,-0.14989366288990685,-0.42531443498402427,-0.3067070987347086,-0.2284825660280913,-0.5286107462559854,-0.5558020360634467,-0.26913831919864395,-0.4680300729961514,-0.4447641723323544,-0.2844864726031982,-0.44874824855539464,-0.27423533079119966,-0.27128327061828245,-0.2909363175923104,-0.4579986527188257,-0.5021055333170666,-0.4595995607016894
-0.2518780947884024,-0.23752084866513756,-0.24556885593875494,-0.2963497954601748,-0.2210958799263737,-0.5160316753158718,-0.49540353501172996,-0.29703794187499966,-0.5034925683544783,-0.32263132801974626,-0.35227992672830266,-0.4500964884080435,-0.22750800695696127,-0.23407689289892195,-0.20923688318945283,-0.5269627204432514,-0.5725424714501385,-0.2645829461116377
-0.42974453344496205,-0.3967909841805649,-0.22132398288561497,-0.38110302863912643,-0.2583905399684488,-0.4547190499420116,-0.20020802024106296,-0.4137617539390989,-0.5645925145930816,-0.28286994208559624,-0.3213700833865426,-0.2553541629392437,-0.44199654512818415,-0.1556948479383751,-0.24665489015847814,-0.5169884204800389,-0.15195018760877135,-0.45880918971665485
-0.5387919903487141,-0.38383444829450825,-0.27446736231342495,-0.5603857213760032,-0.33849557568992206,-0.23500971350467342,-0.16912694700830408,-0.4763381601697472,-0.4838485511369433,-0.21787446836347205,-0.49066308784831425,-0.45571644244246795,-0.5170777951390588,-0.3597749256283841,-0.14614822496800683,-0.418537053303603,-0.3255912120819033,-0.38502819030737573
-0.5292266137711571,-0.41304903959683836,-0.44137914980731674,-0.18750455062636165,-0.21362951284924064,-0.35576829934789156,-0.5232941844865207,-0.29603675989978406,-0.4250257719646896,-0.28541021583439125,-0.20509690987168822,-0.5658470762484862,-0.29501191068644944,-0.2680469758475791,-0.30821168224909734,-0.36691181177922333,-0.2680813635126163,-0.5345102339914862
-0.24756982116618706,-0.458080737965173,-0.5447285641958748,-0.27793284785465916,-0.458660443896837,-0.14647980073744876,-0.29249886321669877,-0.47370191418468466,-0.5630809253459561,-0.48923848289310345,-0.4935443306611756,-0.4303364235471733,-0.5009569079917341,-0.554317876390784,-0.47017290653092203,-0.2798007675544117,-0.49427330288637117,-0.15685781045547903
-0.5410957639041717,-0.3999984195277283,-0.3894894116898547,-0.49213433590713196,-0.4757693638950193,-0.2599330367262222,-0.5156998229316949,-0.31278891420323507,-0.40522568541077353,-0.18739891466142466,-0.45474453103761736,-0.26276482883795815,-0.430990772668063,-0.5019482269297593,-0.2582580339978478,-0.16441962826232806,-0.23031022106319124,-0.26445326897688165
-0.44070071567466346,-0.36199899669025903,-0.4811776720263616,-0.5208917901211942,-0.5355576011106133,-0.3749155958230624,-0.3127190319218317,-0.39611016873785704,-0.5261595554036994,-0.532621431431458,-0.24513607780017355,-0.4832472215819494,-0.49382572927302937,-0.2372548973132944,-0.2804930928491236,-0.441960147368263,-0.4107492969020261,-0.5117257785982244
-0.2070995101090486,-0.23532842981854846,-0.5482425506238368,-0.17109093534690287,-0.2083508874075699,-0.3066217410352146,-0.3420396659650667,-0.2098868397347727,-0.5051073668951334,-0.2798700319430182,-0.3396888332124686,-0.43367199556600056,-0.27692067090140304,-0.30837617960427866,-0.442372080239802,-0.35789790181773756,-0.2135593122390349,-0.4788177287696691
