0,1,2,3,4,5,6,7,8,9,10
0.19565217743482363,0.024793368142919683,0.24999969215699652,0.310861409299781,0.03408233515965679,0.17666666372222228,0.09224806165795324,0.27720351563476614,0.2912617475197962,0.07999992753028473,0.4528300964494572
0.09782608871741182,0.20661139298099826,0.1499998003930553,0.0037453145264532348,0.009363283336375894,0.14499999758333337,0.08914728647617332,0.3618011748359169,0.3689314851319881,0.06714279312695666,0.19056592844655085
0.20652178316018596,0.29338819379621583,0.04999992725554234,0.33333329645850046,0.07490622483389132,0.316666661388889,0.39922480465416743,0.7938071414261432,0.33009661632589216,0.3357140720715748,0.18867916486828065
0.06521740111662809,0.4008261142055353,0.06874990835826343,0.018726590491334558,0.1458798773636433,0.049999999166666684,0.0678294571014362,0.33210348039472665,0.5436886262334966,0.0,0.2641508596057597
0.09782608871741182,0.22727251257510017,0.09249987846125311,0.02022471273010218,0.016853907215002222,0.03333333277777779,0.10077519340784809,0.38880590637799634,0.3786402023335121,0.03928567071514833,0.13207542980287984
0.26086960446651236,0.12396681608460106,0.1624998101465833,0.07340822722522275,0.05393248355468638,0.0983333316944445,0.17558139466828918,0.4698040076004551,0.2524268787137003,0.0,0.10188672671649232
0.07608698092692978,0.016528895675281544,0.3499995466680812,0.045692871154959395,0.009363283336375894,0.03333333277777779,0.13953488318009735,0.41580527345214924,0.34951405072894015,0.07071422857462527,0.17169805874374378
0.01086960572536235,0.1545453174178672,0.1499998003930553,0.10823968625346776,0.0822095813715055,0.2766666620555557,0.1624031001457244,0.019800251116769012,0.3689314851319881,0.1142856235299646,0.6037735219121236
0.07608698092692978,0.12396681608460106,0.2024997482257315,0.018726590491334558,0.001872659457749568,0.3666666605555557,0.1162790693167478,0.24300503260322934,0.43689273701673276,0.12642846914077027,0.2264150482247286
0.5217391052727821,0.1347106204405317,0.3874995014229521,0.13857676249224837,0.05056170769263472,0.31833332802777786,0.24651162695150536,0.6318055745132991,0.2912617475197962,0.2642855334170688,0.09433961842184876
0.021739159620603365,0.11570236824696029,0.03749995475487089,0.025468156638950377,0.0642320882485139,0.016666666388888893,0.11007751895318792,0.16200156691284406,0.4077665854121608,0.17142841613632442,0.30188667098679073
0.21739128522530565,0.14049576101987735,0.0749998908833135,0.026217219544241027,0.03745311939313163,0.016666666388888893,0.0,0.4518062177069953,0.2815530303182723,0.0,0.07547164075591635
0.23913039301578767,0.1438015229139355,0.3124995919132103,0.044194743558471264,0.015917574695653046,0.33333332777777785,0.08798449578300585,0.26460238047538104,0.41747530261368476,0.11428561075754962,0.43396210078967057
0.11956524833801517,0.13223126392224183,0.09124987748590031,0.014232204130056486,0.013483121586290192,0.08333333194444448,0.0,0.3438033849424571,0.33980533352741615,0.036428532574945424,0.07547162276206212
0.3478260356284405,0.024793368142919683,0.412499446424295,0.3408239255114069,0.03745311939313163,0.3749999937500001,0.17093023189561923,0.5418058961101472,0.2815530303182723,0.15714272543530988,0.39622628940863946
0.05434782130632641,0.24380143780637856,0.1624998101465833,0.05917601952335259,0.1134829385064355,0.2549999957500001,0.23565891381527554,0.30780244068761103,0.24271816151217632,0.35714260812309656,0.07547162276206212
0.0445652228006095,0.1900824973057167,0.13374983055425393,0.011235943579359704,0.05917592166496201,0.08333333194444448,0.29069767329186946,0.055801195371615084,0.8446590909548168,0.0,0.622641337633368
0.09782608871741182,0.4380161294749188,0.09124987934854314,0.026217219544241027,0.003745318915499136,0.05333333244444446,0.09186046476023076,0.37080275201661006,0.3980578682106368,0.009285698955659463,0.03773581138103106
0.043478267411085396,0.1818180002080812,0.09624988138731153,0.028464410046019805,0.02621717659900617,0.09999999833333337,0.028294573533741967,0.20700408834838327,0.42718401981520876,0.06571422831432686,0.3584904780276084
0.043478267411085396,0.08264455226639983,0.11249986240196985,0.0037453145264532348,0.014793984601952082,0.11833333136111115,0.026356589045129504,0.23310222481088158,0.4077665854121608,0.0564285080713091,0.245282863945973
0.44565217617597364,0.028099142351976518,0.2749996371583394,0.07191009784282779,0.013108588299503085,0.11666666472222226,0.09767441822606815,0.25830449512965176,0.2912617475197962,0.09285707470602779,0.43396210078967057
0.0,0.14049576101987735,0.06624990827020065,0.01498126703534713,0.022471868845404586,0.049999999166666684,0.019379844886124632,0.4248068506328424,0.6116496466441644,0.028571381402029115,0.03773581138103106
0.11956524833801517,0.16528910453279966,0.13749982789238385,0.056179766116283156,0.021348275961229242,0.23333332944444451,0.34496123897301845,0.3303010191714174,0.3009704647213202,0.12285704646551665,0.09245274688045321
0.228260890950668,0.14462797262369903,0.26249966465766794,0.2808988573700184,0.04475647314027141,0.2699999955000001,0.1418604645664323,0.3600040780805342,0.3106791819228442,0.014285690701014557,0.47169809210924385
0.043478267411085396,0.23140473649392057,0.16124979427008787,0.023220967923078435,0.04438194264395869,0.016666666388888893,0.03488372079502434,0.39780211909076296,0.44660145421825675,0.0,0.030188613117116403
0.06521742703168876,0.2016527119634151,0.04999992725554234,0.07790260644287347,0.007116094777550803,0.2666666622222223,0.06589147261282376,0.2862050928154593,0.43689273701673276,0.05928565472645534,0.07547162276206212
0.06521742703168876,0.23966923359155606,0.08499988564763611,0.03595504624255363,0.013108588299503085,0.34499999425000016,0.14999999941860467,0.5148065290359943,0.6116496466441644,0.25714264549184496,0.05660362710227548
0.021739159620603365,0.12396681608460106,0.06249991838264206,0.0337078485971475,0.007490623878626326,0.09833333169444447,0.02325581386334956,0.38430511778764975,0.4660188886213047,0.07285706940736249,0.2641508596057597
0.03260871351584438,0.1900824973057167,0.1249998553917124,0.1760299434749175,0.09400731781724425,0.13333333111111115,0.3062015492007692,0.5904079755243784,0.3106791819228442,0.40714252557664754,0.11320743414309319
0.05434782130632641,0.14049576101987735,0.0874999006368415,0.0337078485971475,0.013108588299503085,0.0,0.18217054192957155,0.3438033849424571,0.3980578682106368,0.07857134143029665,0.2641508596057597
0.11956524833801517,0.17355355237044043,0.11749985512752407,0.01573032994063778,0.019662886634966213,0.12333333127777782,0.0949612399420107,0.37980432919730317,0.3689314851319881,0.025714260291712837,0.13773577451925315
0.17391306964434158,0.13223128362623976,0.23749968240346853,0.018726590491334558,0.001872659457749568,0.08333333194444448,0.04651162772669912,0.16740358611484524,0.3203878991243682,0.1214284561080569,0.547169714871306
0.01086960572536235,0.4462806265725543,0.09874987029951732,0.11610485390264694,0.06498115342685092,0.16999999716666672,0.11434108482813535,0.3006033247302271,0.5339799090319726,0.028571381402029115,0.245282863945973
0.06521742703168876,0.0909090001040406,0.1499998003930553,0.05468163851979503,0.0295879622277182,0.316666661388889,0.08914728647617332,0.42300438940953317,0.3106791819228442,0.035714226752536396,0.07547162276206212
0.021739159620603365,0.38842939318907943,0.012499972500671445,0.14606739154515486,0.01591757469565305,0.06666666555555557,0.1317829452256475,0.5256052029720701,0.5339799090319726,0.0857142293555205,0.06792449647356437
0.05434782130632641,0.2190080647374594,0.05624992095644936,0.0337078485971475,0.0,0.06666666555555557,0.21317829374737096,0.44100217930299296,0.5145624746289246,0.004999991745355095,0.01886781572124442
0.5326087109981444,0.08677677618522021,0.24999969215699652,0.038202236744332416,0.02621717659900617,0.16499999725000003,0.2046511619974761,0.4014016770694549,0.08737845481371584,0.035714226752536396,0.08176101462817174
0.228260890950668,0.2231402886562798,0.13499982780432107,0.05617977147400368,0.013108588299503085,0.21666666305555562,0.3837209287452677,0.5040024906319919,0.24271816151217632,0.15285702673994883,0.0
0.03260871351584438,0.11570236824696029,0.2612496674076008,0.07041197381815331,0.03876397264213316,0.25666666238888897,0.1585271311684995,0.29340420877284323,0.35922276793046415,0.08142850085785786,0.1698112411839109
0.13043480223325618,0.09917347257167873,0.1499998003930553,0.04119849193730868,0.009363283336375894,0.08333333194444448,0.4379844944264167,0.37980432919730317,0.21359200990760438,0.11428562778743626,0.10754707143286564
0.13043480223325618,0.10619824830767392,0.03749995475487089,0.02322096792307844,0.0,0.09999999833333337,0.05426356568114897,0.3303010191714174,0.3009704647213202,0.035714226752536396,0.03584897582734395
0.05108696032076624,0.1400825189239974,0.12999982762819554,0.0940074785515976,0.10842676355146046,0.2499999958333334,0.12403100727119765,0.10080210746677636,0.6796108985289091,0.13571418938378804,0.8301885701368522
0.11956524833801517,0.16528910453279966,0.20749973350071443,0.011235943579359704,0.02865163249884341,0.3666666605555557,0.05426356568114897,0.14310254640772965,0.4660188886213047,0.09999992005653506,0.584905526252337
0.2934782143221141,0.20247916906217786,0.09999987313751295,0.07865167649179147,0.018726552720379843,0.09999999833333337,0.15891472806622198,0.6768080959488384,0.3203878991243682,0.04785710216564369,0.01886781572124442
0.01086960572536235,0.2561981292668376,0.14249981316736676,0.13108613343934192,0.041385693092508176,0.049999999166666684,0.08720930198756083,0.23940011015661086,0.41747530261368476,0.06785708191947905,0.2830188552655463
0.18478257170946127,0.20661139298099826,0.21874971992717568,0.11647939249891956,0.08408224222449225,0.43333332611111125,0.0581395346583739,0.2214023202631511,0.3883491510091128,0.20714268546357742,0.4150942850684261
0.3478260356284405,0.10743792040931952,0.37499952892228067,0.8726591240398178,0.2396999222589266,0.5999999900000001,0.19767441783847126,0.8856039165846779,0.17475714110150845,0.10714276540704235,0.3716980210078964
0.5760869265791085,0.21487584081863903,0.37499952892228067,0.03445691686015866,0.03127335015874403,0.14999999750000007,0.1220930227825852,0.47970681539280285,0.08737845481371584,0.0,0.15094324552412425
0.3695652470791652,0.0,0.17499978264725474,0.018726590491334558,0.014981247757252653,0.19166666347222225,0.16472868153205938,0.3825026565643405,0.18446585830303244,0.035714226752536396,0.18867923684369753
0.07608698092692978,0.3429749300820552,0.1824997680103004,0.22846438256339954,0.031835141019882926,0.11666666472222226,0.25968992147407005,0.4095020236384934,0.17475714110150845,0.08571421232563388,-0.006289391866109619
0.05434782130632641,0.1421486308834076,0.04999992725554234,0.02172283675477663,0.009176014600126549,0.2999999950000001,0.08139534852172346,0.2862050928154593,0.44660145421825675,0.04142853283524382,0.09433961842184876
0.13043480223325618,0.28925596987739544,0.14749980775556387,0.0337078485971475,0.035580459935382065,0.13333333111111115,0.027131782840574485,0.4698040076004551,0.4077665854121608,0.07999992753028475,0.18679238329615624
0.5652173208537462,0.008264447837640772,0.3624995564216092,0.04119849550912235,0.03932576489850926,0.0,0.04263565874947419,0.7038020985550648,0.17475714110150845,0.007142845350507279,0.13207542980287984
0.05434782130632641,0.21487584081863903,0.04499993825527375,0.0037453145264532348,0.005617964420876758,0.08333333194444448,0.2209302317018208,0.4383038519359556,0.5339799090319726,0.022857122151509923,0.03773581138103106
0.03260871351584438,0.1570246566951589,0.12749984244127538,0.032958792835484196,0.01573031154035248,0.049999999166666684,0.03643410838591431,0.23040389744384424,0.44660145421825675,0.05714280537877481,0.1792452390138042
0.061956534948055794,0.17355355237044043,0.03749995475487089,0.026217219544241027,0.011048669872164532,0.06666666555555557,0.15116279011177214,0.08460302366907724,0.4660188886213047,0.035714226752536396,0.547169714871306
0.08695653482217079,0.21487584081863903,0.26249967583352496,0.2209737535104931,0.0636702959921378,0.633333322777778,0.3062015492007692,0.5148065290359943,0.2718443131167483,0.1214284561080569,0.2867923644282325
0.09782608871741182,0.04132226381820123,0.06249991838264206,0.13108613343934192,0.05056170769263472,0.2666666622222223,0.22868216965627067,0.47340356557914703,0.16504842389998448,0.2599997921469911,0.0867924021640799
0.064130445727104,0.5371896020465975,0.09374987571132026,0.07415729370232707,0.011235928841753517,0.08333333194444448,0.08875968957845083,0.16110033630118945,0.5922322122411164,0.05285709391099878,0.30188667098679073
0.09782608871741182,0.12396681608460106,0.12874983969134252,0.06367040052691014,0.05730326499768682,0.0,0.08527131749894838,0.40680369627145613,0.3689314851319881,0.042857097647873627,0.07924522189401946
0.04239131720457343,0.19834694514335746,0.09374988129924876,0.1018726479866836,0.005617964420876758,0.29833332836111126,0.10465116238507302,0.4392050825476102,0.6893196157304331,0.09285707470602779,0.1698112411839109
0.5652173208537462,0.17355355237044043,0.5749993124501631,0.026217219544241027,0.03445686426073232,0.04499999925000002,0.02325581386334956,0.5958046302584531,0.06796102041066789,0.05928565898392699,0.07547162276206212
0.902173854417067,0.24958655375572683,0.29999961941253883,0.0037453145264532348,0.01947561929395406,0.2633333289444445,0.15620154978216455,0.6723019428905652,0.08737845481371584,0.17142841613632442,0.173584822322014
0.20652178316018596,0.09917347257167873,0.1124998456381844,0.10037452217610228,0.06179763653438824,0.11666666472222226,0.3953488356769425,0.41580527345214924,0.2553394707267499,0.9857135950137692,0.03773581138103106
0.043478267411085396,0.3140493133903178,0.14999981343155505,0.0037453145264532348,0.06629201365203842,0.1416666643055556,0.061627906737876326,0.10647127717151801,0.3980578682106368,0.029285691481909792,0.6037735219121236
0.11956524833801517,0.049586736285839365,0.1499998003930553,0.04868912456202882,0.005617964420876758,0.2833333286111112,0.10465116238507302,0.43380306334560903,0.3203878991243682,0.028571381402029115,0.13207542980287984
0.08695653482217079,0.28099147277975994,0.13874982141716533,0.051685379755005104,0.02808983605675574,0.16666666388888896,0.0,0.3393025963521105,0.3883491510091128,0.04499995551049746,0.07547162276206212
0.0,0.07438010442875906,0.04999992725554234,0.034456918646065496,0.0,0.09999999833333337,0.01162790693167478,0.19979960792307283,0.3980578682106368,0.0,0.18867923684369753
0.17391306964434158,0.12024782440966167,0.3499995466680812,0.09400747676569074,0.029962495514505305,0.10166666497222225,0.09612403063517819,0.13500219983869113,0.2718443131167483,0.014285690701014557,0.5283017192115194
0.44565217617597364,0.08264455226639983,0.2874996469118674,0.1370786331098534,0.17602964021916076,0.2499999958333334,0.13565891420287243,0.5058049518553012,0.18446585830303244,0.11428561075754962,0.2264150482247286
0.16304346391897923,0.10743792040931952,0.1874997551479262,0.05617977147400368,0.0,0.14999999750000004,0.37209302181359294,0.4518062177069953,0.24271816151217632,0.014285690701014557,0.09622631002470208
0.06521742703168876,0.06611563196112091,0.19999976490145419,0.2808988573700184,0.14962518511724487,0.0,0.21705426272459588,0.4698040076004551,0.33980533352741615,0.16428557078581715,0.1698112411839109
0.05434782130632641,0.03305781598056046,0.1249998553917124,0.07453182158315874,0.011235928841753517,0.38333332694444455,0.15891472806622198,0.39780211909076296,0.44660145421825675,0.07285707792230581,0.12452821354511094
0.13043480223325618,0.18512380397313485,0.012499972500671445,0.2704119641946014,0.07041185608766432,0.5666666572222224,0.2751937973829698,0.3438033849424571,0.2815530303182723,0.2592855076119404,0.14716975435529223
0.26086960446651236,0.2561981292668376,0.04874993559340368,0.04868912456202882,0.029962495514505305,0.06166666563888891,0.050387596703924044,0.5670081664289174,0.3203878991243682,0.06857137071200144,0.07547164075591635
0.043478267411085396,0.19008248006471853,0.1249998553917124,0.0037453145264532348,0.22958758490611125,0.39999999333333347,0.37209302181359294,0.35280496212315027,0.247572473818123,0.7285709069472077,0.06603766091987726
0.3586956413538029,0.049586736285839365,0.1624998101465833,0.04119849550912235,0.0337078004776325,0.2666666622222223,0.22480620067904575,0.523802741748761,0.23300944431065235,0.05714280537877481,0.07547162276206212
0.03260871351584438,0.3016526416338566,0.03874994082908106,0.037078642386396445,0.007490623878626326,0.016666666388888893,0.08914728647617332,0.3618011748359169,0.3980578682106368,0.07071422005968195,0.03773581138103106
0.021739159620603365,0.12396681608460106,0.06249991838264206,0.0337078485971475,0.007490623878626326,0.09833333169444447,0.02325581386334956,0.38430511778764975,0.4660188886213047,0.07285706940736249,0.2641508596057597
0.44565217617597364,0.024793368142919683,0.26249966465766794,0.0037453145264532348,0.013108588299503085,0.16666666388888896,0.13062015453248002,0.523802741748761,0.09708717201523982,0.04999996002826753,0.1471697183675838
0.15217396185385956,0.16942132845162003,0.02499996362777117,0.025468158424857223,0.0,0.0,0.1317829452256475,0.37080275201661006,0.3009704647213202,0.05071423604837495,0.08113198547228968
0.17391306964434158,0.23140473649392057,0.06999991119625906,0.05617977147400368,0.02247187163587898,0.08333333194444448,0.03488372079502434,0.4905054893288787,0.3009704647213202,0.05285708965352713,0.06981124205798035
0.07608698092692978,0.2190080647374594,0.14624980864285383,0.018726590491334558,0.005617964420876758,0.06666666555555557,0.007751937954449853,0.4302035053669171,0.5825234950395924,0.06428565072928209,0.2264150482247286
0.10869564261265283,0.33471043298441966,0.2749996371583394,0.1453183375693984,0.02808983605675574,0.26999999550000015,0.21317829374737096,0.2988008635069179,0.24271816151217632,0.16785699771854248,0.27893073255872086
0.10869564261265283,0.4876028657607582,0.0,0.06741571683927021,0.011423201763714448,0.049999999166666684,0.11240310033952287,0.26280528371999834,0.3689314851319881,0.03142854082959032,0.245282863945973
0.13043480223325618,0.024793368142919683,0.1249998553917124,0.08913856430948788,0.1498124636201546,0.16666666388888896,0.05426356568114897,0.4221031587978785,0.3203878991243682,0.22142841873930855,0.18301878416419887
0.09782608871741182,0.049586736285839365,0.1124998456381844,0.05468163673388819,0.012546796043126992,0.11666666472222226,0.13565891420287243,0.41400281222884,0.4077665854121608,0.028571381402029115,0.08490558460424699
0.5434782130632642,0.0541321825965418,0.3374995741674098,0.04044943081792487,0.013483122981527387,0.08333333194444448,0.0038759689772249264,0.3852063483993044,0.16504842389998448,0.04999996002826753,0.18867923684369753
0.20652178316018596,0.08264455226639983,0.0874999006368415,0.011235943579359704,0.07190997807291519,0.03333333277777779,0.06937984469232619,0.23220099419922696,0.1941745755045564,0.1428570347342953,0.30188667098679073
0.17391306964434158,0.21074361689981863,0.0,0.09887638743598681,0.005617964420876758,0.2499999958333334,0.3410852699957935,0.41580527345214924,0.17475714110150845,0.37142829882411116,0.10377349029476254
0.32608692783795845,0.1785122457030223,0.24999969215699652,0.0329587928354842,0.0732208355076283,0.03333333277777779,0.02945736422690944,0.26820193845407303,0.15533970669846048,0.04928566272080183,0.245282863945973
0.16304346391897923,0.15082631589092882,0.2749996371583394,0.044943810035575585,0.09662903408190768,0.15166666413888893,0.10658914687368548,0.10620037154122897,0.22330072710912838,0.1392855907716834,0.5094339034902748
0.05434782130632641,0.16942134076661874,0.1499998003930553,0.026217219544241027,0.02434453109362855,0.5166666580555557,0.31782945613244395,0.3618011748359169,0.33009661632589216,0.13571418938378804,0.2830188552655463
0.05434782130632641,0.13223126392224183,0.05749991820651651,0.016479394631835263,0.03726585065688228,0.09999999833333337,0.14844961182771468,0.2835014009804955,0.22330072710912838,0.05714280537877481,0.05660362710227548
0.10869564261265283,0.09917347257167873,0.0749998908833135,0.009737823126498926,0.018913825642340773,0.0483333325277778,0.0,0.3618011748359169,0.3980578682106368,0.028571381402029115,0.0
0.05434782130632641,0.29338819379621583,0.13624981946645978,0.18726590491334558,0.016853907215002222,0.15166666413888893,0.1217054258848627,0.3258055950489973,0.41747530261368476,0.04142852432030051,0.245282863945973
0.16304346391897923,0.2190080647374594,0.3087496113388658,0.13857676070634156,0.020224681681816688,0.21666666305555562,0.11240310033952287,0.34200092371914786,0.3009704647213202,0.10714276540704235,0.245282863945973
0.17391306964434158,0.1900824973057167,0.21624973287761273,0.0337078485971475,0.014981247757252653,0.33666666105555565,0.1686046505092843,0.523802741748761,0.3203878991243682,0.0707142158022103,0.18301882015190732
0.08695653482217079,0.23140473649392057,0.2224997228532341,0.36329584838826307,0.020599212178129413,0.2499999958333334,0.24418604556517037,0.5913038416681065,0.3883491510091128,0.1214284561080569,0.1424527734341998
0.05434782130632641,0.016528895675281544,0.29999961941253883,0.0337078485971475,0.035767723090682636,0.16666666388888896,0.06589147261282376,0.21240074308245793,0.3106791819228442,0.17142841613632442,0.3584904780276084
0.12717393088167178,0.13223126392224183,0.21874971992717568,0.13108613343934192,0.08614216762801678,0.03333333277777779,0.0,0.37980432919730317,0.5048537574274006,0.04999996002826753,0.2641508596057597
0.043478267411085396,0.2644625771044784,0.12874983596605685,0.015730328154730938,0.06142310882854991,0.11666666472222226,0.1360465111005949,0.40860615749476537,0.44660145421825675,0.04999996002826753,0.03773581138103106
0.08695653482217079,0.1900824973057167,0.1399998261178038,0.06217227471632884,0.0337078004776325,0.21666666305555562,0.263565890451295,0.21780276228445913,0.35922276793046415,0.10285704968179465,0.09433961842184876
0.16304346391897923,0.016528895675281544,0.22499970990279708,0.01947564625299785,0.023408197179042183,0.16499999725000006,0.1639534877366144,0.3258055950489973,0.2718443131167483,0.09999992005653506,0.03773581138103106
0.16304346391897923,0.17231390243579248,0.17499978264725474,0.2209737535104931,0.10074888209848235,0.23833332936111118,0.1317829452256475,0.43380306334560903,0.23300944431065235,0.2428569547908304,0.245282863945973
0.24999999874115003,0.049586736285839365,0.17499978264725474,0.026217219544241027,0.005617964420876758,0.23333332944444451,0.21317829374737096,0.5508074732908403,0.3883491510091128,0.014285690701014557,0.13396215739344158
0.08695653482217079,0.260330353185658,0.17374977608397343,0.026217219544241027,0.017790231362928226,0.10999999816666668,0.029457364226909442,0.33660426898507323,0.3883491510091128,0.06142850833160751,0.245282863945973
0.3586956413538029,0.07438010442875906,0.29999961941253883,0.05617977147400368,0.03445686565596952,0.22166666297222232,0.08875968957845082,0.374402309995302,0.33980533352741615,0.014285690701014557,0.49056590783048826
0.4021738569347669,0.19834694514335746,0.3624995564216092,0.10112358150957927,0.23033665287492266,0.2083333298611112,0.13294573591881495,0.6138077846198393,0.17475714110150845,0.021428536051521837,0.22075463153293842
0.01086960572536235,0.24793368142919683,0.09499987482403024,0.20561795502250063,0.07209724401869014,0.16666666388888896,0.11395348793041285,0.3258055950489973,0.48543632302435263,0.06785708191947903,0.22264141310506283
0.07391305459884516,0.3966938902867149,0.1224998385398642,0.043445680653180614,0.09250918606533301,0.0,0.2209302317018208,0.1848633198752755,0.5631060606365446,0.15714272543530988,0.622641337633368
0.11956524833801517,0.13305773087300352,0.21249973740212563,0.04719100053735436,0.009363283336375894,0.19999999666666674,0.10465116238507302,0.3438033849424571,0.34951405072894015,0.04285709764787362,0.1811319845982202
0.18478257170946127,0.3099170894714974,0.07624990675980894,0.05131085187417343,0.02434453109362855,0.06666666555555557,0.12403100727119765,0.35280496212315027,0.2038832927060804,0.15714272543530988,0.0
0.10869564261265283,0.3140493133903178,0.0874999006368415,0.12359548652736706,0.06179763653438824,0.3666666605555557,0.22480620067904575,0.36540609728253537,0.2524268787137003,0.1214284646230002,0.13396219338115006
0.41304346266012926,0.04132226381820123,0.5749993124501631,0.059925086000456915,0.07303356537614175,0.0,0.08604651129439338,0.39780211909076296,0.2524268787137003,0.10714276540704235,0.39622628940863946
0.09782608871741182,0.04132226381820123,0.15374980704439933,0.04119849550912235,0.013108588299503085,0.049999999166666684,0.06589147261282376,0.37980432919730317,0.22330072710912838,0.07714278513261016,0.07547162276206212
0.089130445601219,0.11570236824696029,0.14374981600536235,0.058426956618061944,0.062172168425938146,0.06666666555555557,0.27131782840574487,0.11592132387086787,0.4660188886213047,0.19285699476256285,0.622641337633368
0.03260871351584438,0.49999958677721407,0.14374981228007672,0.08539324799712782,0.018726552720379843,0.0,0.13953488318009735,0.27630228502311155,0.35922276793046415,0.0,0.16603769603351623
0.26086960446651236,0.0,0.1499998003930553,0.04756553198999969,0.07771521402051566,0.20666666322222227,0.0945736430442882,0.2862050928154593,0.3106791819228442,0.1428570347342953,0.30188667098679073
0.17391306964434158,0.13223128362623976,0.23749968240346853,0.018726590491334558,0.001872659457749568,0.08333333194444448,0.04651162772669912,0.16740358611484524,0.3203878991243682,0.1214284561080569,0.547169714871306
0.07608698092692978,0.09917347257167873,0.0874999006368415,0.014981267035347131,0.02041194902282884,0.03333333277777779,0.01666666660206718,0.11699904547730483,0.35922276793046415,0.021428536051521837,0.4528300964494572
0.11956524833801517,0.1818180002080812,0.1624998101465833,0.029213476523124133,0.0340823337644196,0.19999999666666674,0.34496123897301845,0.37980432919730317,0.2621355959152243,0.0799999317877564,0.13773577451925317
0.2934782143221141,0.024793368142919683,0.13749982789238385,0.0037453145264532348,0.02434453109362855,0.016666666388888893,0.12015503829397273,0.3618011748359169,0.08737845481371584,0.021428536051521837,0.1698112411839109
0.26086960446651236,0.1760328965737316,0.17499978264725474,0.041198493723215504,0.03295874088024425,0.5499999908333335,0.13953488318009735,0.4599065642760338,0.44660145421825675,0.18571414941205558,0.11320743414309319
0.1413043561284972,0.20661139298099826,0.1624998101465833,0.04119849550912235,0.020599212178129413,0.06666666555555557,0.02325581386334956,0.41580527345214924,0.3203878991243682,0.07428563847746394,0.20754705256494196
0.18478257170946127,0.1570246566951589,0.18499976623572037,0.015730329940637777,0.009363283336375894,0.12999999783333338,0.11279069723724536,0.4518062177069953,0.23300944431065235,0.04999995151332422,0.0
0.1413043561284972,0.10743792040931952,0.23749968240346853,0.0337078485971475,0.009363283336375894,0.0,0.0581395346583739,0.5328043189294541,0.43689273701673276,0.014285690701014557,0.20754705256494196
0.0,0.4008261142055353,0.1912497617992702,0.04494381182148243,0.08988746980066958,0.2833333286111112,0.027131782840574485,0.19260049196568893,0.3106791819228442,0.11285704594491983,0.21698105039483528
0.05434782130632641,0.13140483637947592,0.3249996016667383,0.05917602309516625,0.032584211779168724,0.19999999666666674,0.050387596703924044,0.248401687337304,0.4077665854121608,0.17857130406154828,0.2641508596057597
0.08695653482217079,0.024793368142919683,0.18749976446114033,0.04981272249177847,0.003745318915499136,0.19999999666666674,0.10465116238507302,0.35280496212315027,0.34951405072894015,0.07928563873776236,0.17169800476218114
0.5652173208537462,0.049586736285839365,0.5749993124501631,0.07116102957981661,0.059924977076638665,0.1566666640555556,0.10503875928279552,0.6678065187681452,0.16504842389998448,0.17857130406154828,0.15094324552412425
0.5326087109981444,0.052892510494896204,0.46249941093269387,0.05692883080748064,0.01947562068919125,0.11333333144444446,0.1317829452256475,0.496803374674608,0.15533970669846048,0.07142849607978936,0.05660362710227548
0.03260871351584438,0.10743792040931952,0.07624990117188044,0.02996253764250794,0.001872659457749568,0.17166666380555565,0.1255813948620876,0.34020382696376517,0.5339799090319726,0.007142845350507279,0.15094324552412425
0.1413043561284972,0.3801649453514387,0.0874999006368415,0.056928827235666966,0.005617964420876758,0.18166666363888892,0.12403100727119765,0.35460205887853297,0.3009704647213202,0.04785709365070037,0.03773581138103106
0.08695653482217079,0.049586736285839365,0.1249998553917124,0.0037453145264532348,0.015730310145115285,0.12499999791666672,0.03798449597680428,0.21330197369411255,0.44660145421825675,0.0857142293555205,0.3584904780276084
0.228260890950668,0.0644627522455917,0.22499970990279708,0.011235943579359704,0.02415725956690481,0.11666666472222226,0.15891472806622198,0.2565020339063425,0.3980578682106368,0.0857142293555205,0.4150942850684261
0.11956524833801517,0.0909090001040406,0.599999257451506,0.21011233424015133,0.632957599148763,0.03333333277777779,0.0038759689772249264,0.35820161685722496,0.1067958892167638,0.3285711415716343,0.2396225372234539
0.30434782004747646,0.1570246566951589,0.1624998101465833,0.018726590491334558,0.02247187163587898,0.38333332694444455,0.13953488318009735,0.41580527345214924,0.2912617475197962,0.09285707470602779,0.4150942850684261
0.16304346391897923,0.024793368142919683,0.29999961941253883,0.04868912456202882,0.02247187163587898,0.07666666538888892,0.04651162772669912,0.4428046405263022,0.5339799090319726,0.007142845350507279,0.1698112411839109
0.08695653482217079,0.10743792040931952,0.19999976490145419,0.2958801154758313,0.12958776938120314,0.08333333194444448,0.2751937973829698,0.4698040076004551,0.35922276793046415,0.1428570347342953,0.1698112411839109
0.1413043561284972,0.20661139298099826,0.1874997551479262,0.04868912456202882,0.016853907215002222,0.2666666622222223,0.08139534852172346,0.39780211909076296,0.3203878991243682,0.014285690701014557,0.2264150482247286
0.04021740642552522,0.23966923359155606,0.07749989469666194,0.026217219544241027,0.04082389665042048,0.08666666522222224,0.04186046495402921,0.09234073220628332,0.5242711918304486,0.027142825104342634,0.622641337633368
0.09891305447296017,0.13223126392224183,0.16124979985801635,0.10861421949201995,0.12228441842453774,0.2833333286111112,0.050387596703924044,0.20789995449211138,0.3883491510091128,0.16428557078581715,0.13207542980287984
0.3586956413538029,0.0909090001040406,0.04999992725554234,0.04119849550912235,0.046816388777135585,0.016666666388888893,0.0038759689772249264,0.6678065187681452,0.2912617475197962,0.14928560406469518,0.07547162276206212
0.6195651421600725,0.07438009211376038,0.3624995564216092,0.0337078485971475,0.003745318915499136,0.2499999958333334,0.14728682113454722,0.6138077846198393,0.13592204082133577,0.10714276540704235,0.15094324552412425
0.05434782130632641,0.23140473649392057,0.09624987021145456,0.011235943579359704,0.031835141019882926,0.11499999808333339,0.0,0.6048062074391463,0.6699021813273851,0.1428570347342953,0.01886781572124442
0.05434782130632641,0.03305781598056046,0.1249998553917124,0.07453182158315874,0.011235928841753517,0.38333332694444455,0.15891472806622198,0.39780211909076296,0.44660145421825675,0.07285707792230581,0.12452821354511094
0.03260871351584438,0.1995865975410052,0.012499972500671445,0.018726590491334558,0.016853907215002222,0.19999999666666674,0.14728682113454722,0.26820193845407303,0.4077665854121608,0.05071423604837494,0.09433961842184876
0.04130437218107359,0.10743792040931952,0.11874985610287689,0.022471899660067275,0.019288354743416298,0.049999999166666684,0.02751937973829698,0.1710031440935372,0.3689314851319881,0.05714279686383149,0.3075470696847267
0.06521742703168876,0.26859480102329875,0.08374988653492614,0.026217219544241027,0.02041194762759165,0.1466666642222223,0.22519379757676822,0.4878071619618414,0.49514504022587663,0.0149999837510086,0.05094333636746482
0.01086960572536235,0.1818180002080812,0.038749944554366714,0.012734074747661514,0.00823968347601457,0.3666666605555557,0.08527131749894838,0.28980465079415124,0.41747530261368476,0.04999996002826753,0.01886781572124442
0.21739128522530565,0.33884265690324006,0.3874995014229521,0.40224714982379295,0.632957599148763,0.0,0.13565891420287243,0.32850392241603465,0.019417434403047967,0.40714252557664754,0.34339615347519603
0.1413043561284972,0.36363604967615715,0.06249991838264206,0.09363295245667279,0.0520598296778856,0.3666666605555557,0.20930232477014604,0.3690056552612273,0.2038832927060804,0.14642844889460566,0.11132068855867719
0.2717391065316321,0.14049576101987735,0.13749982789238385,0.011235943579359704,0.06554295544988738,0.07666666538888892,0.027131782840574485,0.39690625294703485,0.2524268787137003,0.10642848512946328,0.245282863945973
0.3804347491442849,0.03305781598056046,0.2874996469118674,0.0037453145264532348,0.06179763653438824,0.034999999416666684,0.02325581386334956,0.42300438940953317,0.17475714110150845,0.04999996002826753,0.2264150482247286
0.09782608871741182,0.09793379554403367,0.49999940294042133,0.0337078485971475,0.04588006323397238,0.18333333027777785,0.050387596703924044,0.35820161685722496,0.3883491510091128,0.13571418938378804,0.2830188552655463
0.32608692783795845,0.08760322096898428,0.3374995741674098,0.02022471094419534,0.039325769084220835,0.016666666388888893,0.007751937954449853,0.5148065290359943,0.2815530303182723,0.04285711467776025,0.07547162276206212
0.05434782130632641,0.0,0.1499998003930553,0.02172283675477663,0.025093586505305205,0.049999999166666684,0.025968992147407007,0.1908033952103062,0.24271816151217632,0.09285707470602779,0.32075466664657737
0.13043480223325618,0.28925596987739544,0.07249990010846487,0.014981267035347134,0.02134827735646643,0.028333332861111123,0.0038759689772249264,0.3690056552612273,0.3980578682106368,0.05857137019140461,0.0
0.1413043561284972,0.2231402886562798,0.02499996362777117,0.018726590491334558,0.031835141019882926,0.08333333194444448,0.007751937954449853,0.3186011146236869,0.3786402023335121,0.0985713509864336,0.2641508596057597
0.2826087122569944,0.016528895675281544,0.29999961941253883,0.16029960817655922,0.05617967211351148,0.3666666605555557,0.3643410838591431,0.4698040076004551,0.15533970669846048,0.4428568374786171,0.23962253722345395
0.0695652382237609,0.05785118412348014,0.18874976543649316,0.0037453145264532348,0.02471905600899249,0.1433333309444445,0.05620155016976144,0.16740358611484524,0.42718401981520876,0.06428565072928209,0.32075466664657737
0.15217396185385956,0.3719004975137979,0.0812498957600775,0.14606739154515486,0.0337078004776325,0.2849999952500001,0.2062015495883661,0.5364038769081461,0.3689314851319881,0.10571418782199757,0.0
0.03260871351584438,0.10743792040931952,0.06249991838264206,0.013857670891504326,0.024344525512679772,0.1099999981666667,0.10503875928279549,0.334801807761764,0.2621355959152243,0.021428536051521837,0.09245274688045323
0.09130436156327934,0.008264447837640772,0.19999975000031156,0.0037453145264532348,0.027153509118355346,0.049999999166666684,0.05813953465837389,0.23040389744384424,0.44660145421825675,0.035714226752536396,0.2830188552655463
0.3152174257728388,0.1570246566951589,0.13749982789238385,0.04868912456202882,0.02247187163587898,0.049999999166666684,0.0581395346583739,0.47880558478114826,0.12621332361981177,0.22857126408981582,0.07547162276206212
0.7173912827076058,0.10991725722361148,0.6874991394619192,0.04868912456202882,0.013108588299503085,0.18333333027777785,0.04651162772669912,0.5418058961101472,0.058252303209143895,0.05714280537877481,0.3396224823678218
0.1413043561284972,0.29338819379621583,0.04999992725554234,0.04868912456202882,0.011235928841753517,0.10499999825000003,0.12015503829397273,0.38430511778764975,0.35922276793046415,0.03999995099272739,0.07547162276206212
0.08695653482217079,0.008264447837640772,0.3499995466680812,0.0337078485971475,0.01217226415157708,0.16666666388888896,0.2054263557929211,0.41580527345214924,0.33009661632589216,0.07142849607978936,0.0
0.16304346391897923,0.08181810994563547,0.22499970990279708,0.026217219544241027,0.005617964420876758,0.0,0.10077519340784809,0.4698040076004551,0.3106791819228442,0.0828570699279593,0.17735843944782556
0.021739159620603365,0.05785118412348014,0.17124977972119637,0.0853932426394073,0.07003732001040279,0.3333333277777779,0.027131782840574485,0.16200156691284406,0.33009661632589216,0.11642847713511677,0.3396224823678218
0.034782639843928986,0.07438010442875906,0.09249987846125313,0.01348313765295216,0.03202241254660666,0.1549999974166667,0.10852713136229794,0.15030166236511355,0.6116496466441644,0.037142821367467806,0.3396224823678218
0.13043480223325618,0.14710730204899178,0.24999969215699652,0.0037453145264532348,0.030524290561355787,0.43333332611111125,0.13953488318009735,0.30780244068761103,0.33980533352741615,0.23571410944032312,0.32075466664657737
0.03478262429489258,0.27685924886093954,0.07499990392181331,0.04868912456202882,0.007490623878626326,0.016666666388888893,0.08449612370350341,0.3357030383734186,0.6019409294426404,0.04285711467776025,0.11320743414309319
0.03260871351584438,0.19834694514335746,0.044999940117916595,0.01498126703534713,0.05374521760891142,0.09999999833333337,0.02325581386334956,0.2025032997580367,0.5533973434350206,0.04285711467776025,0.245282863945973
0.3586956413538029,0.2644625771044784,0.234999700941834,0.010486882459975897,0.013108588299503085,0.11333333144444449,0.17364341017967672,0.28800218957084206,0.20388329270608044,0.019999975496363696,0.01886781572124442
0.3152174257728388,0.2561981292668376,0.04999992725554234,0.0037453145264532348,0.018726552720379843,0.11999999800000002,0.23178294483805056,0.559803686003607,0.15533970669846048,0.0,0.11320743414309319
0.2717391065316321,0.03305781598056046,0.37499952892228067,0.026217219544241027,0.07659161834586595,0.0,0.08759689888528334,0.2358005521779189,0.34951405072894015,0.13571418938378804,0.6981131403339724
0.053260881465838704,0.23966923359155606,0.23499970839240536,0.06367040052691014,0.07116091987076413,0.14999999750000004,0.0,0.3339059416180359,0.4563101714197807,0.021428536051521837,0.13207542980287984
0.2826087122569944,0.03884293931890794,0.3124995919132103,0.016104863179189945,0.07996239839362919,0.11666666472222226,0.02325581386334956,0.2160003010611499,0.1941745755045564,0.20714268546357742,0.2830188552655463
0.6630434614012793,0.20247916906217786,0.5749993124501631,0.2734082283171119,0.011235928841753517,0.18499999691666674,0.04263565874947419,0.8658090299358353,0.08737845481371584,0.09285707470602779,0.07547162276206212
0.42391306838549164,0.3801649453514387,0.21249973740212563,0.0337078485971475,0.016853907215002222,0.23333332944444451,0.15116279011177214,0.496803374674608,0.17475714110150845,0.02642854056929191,0.05660362710227548
0.12173913320200272,0.19834694268035774,0.21249973740212563,0.08389511861473284,0.06254670171272526,0.0,0.2519379835196202,0.2538037065393052,0.33009661632589216,0.12428561127814644,0.35283011531738084
0.18478257170946127,0.2190080647374594,0.19999976490145419,0.02696628066362483,0.02247187163587898,0.049999999166666684,0.09302325545339823,0.4383038519359556,0.3203878991243682,0.04142852857777216,0.15094324552412425
0.17391306964434158,0.1570246566951589,0.02499996362777117,0.018726590491334558,0.009363283336375894,0.1433333309444445,0.21317829374737096,0.5148065290359943,0.3786402023335121,0.014285690701014557,0.06415087934775279
0.043478267411085396,0.2561981292668376,0.08999988023583316,0.011235943579359704,0.018726552720379843,0.08333333194444448,0.12325581347575265,0.47250233496749244,0.4563101714197807,0.05499995177362262,0.045282937669528824
0.2826087122569944,0.049586736285839365,0.29999961941253883,0.08614231090241846,0.014981247757252653,0.21333332977777783,0.15697674357760952,0.4050065995160734,0.2912617475197962,0.09357134646866355,0.17169802275603535
0.09782608871741182,0.09917347257167873,0.1624998101465833,0.08539324442531412,0.013670388927302346,0.2499999958333334,0.20930232477014604,0.40320413829276414,0.41747530261368476,0.079285642995234,0.16792444161793224
0.17391306964434158,0.3925616663678946,0.09499988041195873,0.0037453145264532348,0.02097374406967932,0.1899999968333334,0.15968992186166697,0.37080275201661006,0.33009661632589216,0.05428566723857189,0.2641508596057597
0.2717391065316321,0.07438010442875906,0.03749995475487089,0.0337078485971475,0.02621717659900617,0.09999999833333337,0.17829457295234663,0.5976070914817623,0.16504842389998448,0.026428544826763562,0.08490560259810123
0.24999999874115003,0.14049576101987735,0.3624995564216092,0.05617977147400368,0.031835141019882926,0.48333332527777795,0.3062015492007692,0.5058049518553012,0.09708717201523982,0.007142845350507279,0.1933961457893731
0.3586956413538029,0.17355355237044043,0.02499996362777117,0.02172284211249715,0.005617964420876758,0.07499999875000002,0.0038759689772249264,0.43380306334560903,0.1456309894969365,0.07857136271765494,0.09245274688045321
0.0989130596559723,0.11570236824696029,0.236249700054544,0.011235943579359704,0.031835146600831705,0.2833333286111112,0.03488372079502434,0.28440263159215007,0.42718401981520876,0.10714276540704235,0.2641508596057597
0.13043480223325618,0.11735525781448845,0.2749996371583394,0.01123594715117338,0.0340823337644196,0.09999999833333337,0.024418604556517034,0.1278030838813072,0.3009704647213202,0.06428565072928209,0.30188667098679073
0.18478257170946127,0.12396681608460106,0.02499996362777117,0.04119849550912235,0.013108588299503085,0.20666666322222232,0.11395348793041285,0.3816014259526859,0.2718443131167483,0.07785707392513254,0.05660362710227548
0.17391306964434158,0.17355355237044043,0.10874986133855427,0.05617977147400368,0.035580459935382065,0.03333333277777779,0.12403100727119765,0.523802741748761,0.18446585830303244,0.014285690701014557,0.08113202145999812
0.2141304294227576,0.09917347257167873,0.2849996300600192,0.01947564803890469,0.06535568531840083,0.2666666622222223,0.21705426272459588,0.18360213346575166,0.5048537574274006,0.15714272543530988,0.8301885701368522
0.9673912814487557,0.260330353185658,0.6999991119625907,0.11610485747446059,0.04307108381400839,0.12333333127777783,0.04651162772669912,0.9558140728069138,-0.029126151604571947,0.05714280537877481,0.30188667098679073
0.021739159620603365,0.305784865552677,0.12624983587799407,0.011235943579359704,0.10955035643563578,0.17499999708333341,0.0844961237035034,0.22500187824184303,0.4563101714197807,0.021428536051521837,0.3584904780276084
0.10869564261265283,0.17355355237044043,0.12749983871598974,0.06516852633749143,0.020599212178129413,0.0,0.1217054258848627,0.2790006123901489,0.33009661632589216,0.04857137818575109,0.1698112411839109
0.48913039175693773,0.10743792040931952,0.6749991669612477,0.22471908589601472,0.04307108381400839,0.11166666480555561,0.06627906951054625,0.6318055745132991,0.23300944431065235,0.014285690701014557,0.30188667098679073
0.08695653482217079,0.1900824973057167,0.1499998003930553,0.04119849550912235,0.04868904823488515,0.016666666388888893,0.25968992147407005,0.6120053233965301,0.4563101714197807,0.014285690701014557,0.16132069711856958
0.228260890950668,0.27272702494211915,0.04874992814283237,0.020224709158288494,0.015917574695653046,0.04333333261111113,0.0899224802716183,0.39870334970241755,0.3203878991243682,0.04071423978524978,0.07547162276206212
0.01086960572536235,0.1570246566951589,0.02499996362777117,0.045692874726773074,0.0642320882485139,0.049999999166666684,0.11279069723724536,0.16200156691284406,0.4077665854121608,0.15714272543530988,0.30188667098679073
0.15217396185385956,0.008264447837640772,0.3499995466680812,0.1595505470571754,0.1498124636201546,0.331666661138889,0.31821705303016656,0.4518062177069953,0.3106791819228442,0.321428296221127,0.18490558373017757
0.10869564261265283,0.27685924886093954,0.07874989008408625,0.0337078485971475,0.013108588299503085,0.13333333111111115,0.14457364285048974,0.4518062177069953,0.3980578682106368,0.028571389916972428,0.01886781572124442
0.33695653356332084,0.05785118412348014,0.3374995741674098,0.026217219544241027,0.05037443895638538,0.06499999891666668,0.03255813940868939,0.496803374674608,0.2524268787137003,0.035714226752536396,0.2264150482247286
0.23913039301578767,0.20785106015664434,0.13749982789238385,0.04569287472677307,0.020599212178129413,0.0,0.1360465111005949,0.28080307361345813,0.18446585830303244,0.04714281337312131,0.15094324552412425
0.32608692783795845,0.04132226381820123,0.3249996016667383,0.30486888641248067,0.05056170350692313,0.2366666627222223,0.17325581328195422,0.3519037315114956,0.2815530303182723,0.09999992005653506,0.5094339034902748
0.17391306964434158,0.23140473649392057,0.06999991119625906,0.05617977147400368,0.02247187163587898,0.08333333194444448,0.03488372079502434,0.4905054893288787,0.3009704647213202,0.05285708965352713,0.06981124205798035
0.043478267411085396,0.049586736285839365,0.13624982691703102,0.10786515301491559,0.009363283336375894,0.2499999958333334,0.07751937954449853,0.33840136574045593,0.49514504022587663,0.028571381402029115,0.15094324552412425
0.17391306964434158,0.20247916906217786,0.02499996362777117,0.0337078485971475,0.018726552720379843,0.08833333186111113,0.17906976674779157,0.5058049518553012,0.2718443131167483,0.007142845350507279,0.05471693549942215
0.021739159620603365,0.024793368142919683,0.04999992725554234,0.026217219544241027,0.011235928841753517,0.2999999950000001,0.05426356568114897,0.2988008635069179,0.2718443131167483,0.19499984411024335,0.07547162276206212
0.32608692783795845,0.14876020885751812,0.1512498088189794,0.05617977147400368,0.018726552720379843,0.13333333111111115,0.08527131749894838,0.7038020985550648,0.15533970669846048,0.007142845350507279,0.1358489929471287
0.3478260356284405,0.07107431790470353,0.26249966465766794,0.011235943579359704,0.011235928841753517,0.22333332961111116,0.1162790693167478,0.5058049518553012,0.22330072710912838,0.07928563448029069,0.15754707999275802
0.21739128522530565,0.04132226381820123,0.3124995919132103,0.018726590491334558,0.03838944075058325,0.3333333277777779,0.10852713136229794,0.3231019032140335,0.33980533352741615,0.1214284561080569,0.4528300964494572
0.3478260356284405,0.305784865552677,0.09999987313751295,0.0337078485971475,0.001872659457749568,0.14999999750000004,0.17829457295234663,0.4878071619618414,0.2912617475197962,0.020714260031414425,0.03773581138103106
0.24999999874115003,0.1900824973057167,0.1124998456381844,0.10187264798668358,0.028464367948305654,0.3333333277777779,0.16279069704344692,0.3564045201018422,0.34951405072894015,0.04714280911564965,0.07547162276206212
0.10869564261265283,0.4876028657607582,0.0,0.06741571683927021,0.011423201763714448,0.049999999166666684,0.11240310033952287,0.26280528371999834,0.3689314851319881,0.03142854082959032,0.245282863945973
0.15217396185385956,0.23966923359155606,0.02499996362777117,0.0037453145264532348,0.07977513384309141,0.29999999500000013,0.3085271305871042,0.37980432919730317,0.3106791819228442,0.42857114677760255,0.13207542980287984
0.08695653482217079,0.04132226381820123,0.13749982789238385,0.038202238530239255,0.005617964420876758,0.049999999166666684,0.04263565874947419,0.4698040076004551,0.3203878991243682,0.028571381402029115,0.06603766091987726
0.21739128522530565,0.38842939318907943,0.09124988866175729,0.018726583347707205,0.015355779648802567,0.19999999666666674,0.007751937954449853,0.2538037065393052,0.2815530303182723,0.061428508331607526,0.01886781572124442
0.16304346391897923,0.04132226381820123,0.3624995564216092,0.0337078485971475,0.013108588299503085,0.3333333277777779,0.09302325545339823,0.559803686003607,0.34951405072894015,0.10714276540704235,0.11320747013080164
0.043478267411085396,0.07024786819493999,0.1249998553917124,0.07228463108137997,0.005617964420876758,0.38333332694444455,0.15116279011177214,0.3915042337450337,0.44660145421825675,0.0849999235331115,0.11886783284102917
0.08695653482217079,0.09917347257167873,0.07124990285839773,0.02771534714072916,0.00692883022701304,0.0633333322777778,0.050387596703924044,0.28080307361345813,0.3980578682106368,0.021428536051521833,0.01886781572124442
0.03260871351584438,0.260330353185658,0.06124991554464643,0.023595499375723764,0.041198424356258825,0.0933333317777778,0.17093023189561923,0.3132044598896122,0.34951405072894015,0.0,0.01886781572124442
0.06739131707868844,0.1900824973057167,0.13249983516682962,0.03595504624255363,0.02434453109362855,0.3333333277777779,0.050387596703924044,0.208801185103766,0.4563101714197807,0.0485713781857511,0.1698112411839109
0.05434782130632641,0.016528895675281544,0.1499998003930553,0.08277152425679687,0.03146061610451899,0.3666666605555557,0.11240310033952287,0.41040325425014806,0.4660188886213047,0.12857130145856419,0.05660362710227548
0.09782608871741182,0.3016526416338566,0.15874979790731075,0.026217219544241027,0.020973745464916517,0.15333333077777783,0.04883720911303407,0.25200124531599594,0.5145624746289246,0.07857134143029665,0.39622628940863946
0.05543478706187478,0.4338839055560984,0.12624983960327973,0.011235943579359704,0.03707858471110733,0.18333333027777785,0.04263565874947419,0.291601747549534,0.5339799090319726,0.04142852857777216,0.2264150482247286
0.10326087603105658,0.2276857448189812,0.11249985681404137,0.07865167649179147,0.03576772448591982,0.049999999166666684,0.03100775181779941,0.27180149643276497,0.5631060606365446,0.05071423604837494,0.584905526252337
0.3804347491442849,0.24793368142919683,0.23749968240346853,0.058426954832155084,0.05224709283318616,0.19333333011111117,0.15620154978216452,0.4518062177069953,0.18446585830303244,0.05499994325867931,0.07547162276206212
0.3586956413538029,0.08429743937092823,0.3374995741674098,0.18202245028905634,0.043071081023534005,0.2883333285277779,0.15174418545835586,0.2943054393844978,0.24271816151217632,0.13857131900904765,0.4528300964494572
0.1413043561284972,0.17231389504679323,0.21249973740212563,0.055805234663637834,0.1112357499476104,0.39999999333333347,0.3023255802235443,0.13050248414192986,0.3388345312494868,0.1557141563652084,0.584905526252337
0.05434782130632641,0.26859480102329875,0.0287499553779726,0.02247189966006728,0.021161010015454278,0.0,0.12674418555525507,0.25920036127337986,0.3009704647213202,0.045714235788076533,0.09433961842184876
0.01086960572536235,0.0909090001040406,0.09374987943660593,0.12172283283595411,0.08689122443493064,0.46666665888888903,0.12790697624842257,0.24390089874695745,0.13592204082133577,0.09928562700654102,0.0
0.11956524833801517,0.049586736285839365,0.6249992024528489,0.14082395120812033,0.7247177172452847,0.16666666388888896,0.13953488318009735,0.43380306334560903,0.1456309894969365,0.4857139095816608,0.1433961372294807
0.3586956413538029,0.09917347257167873,0.0,0.662921296249616,0.1294005048306654,0.016666666388888893,0.07364341056727361,0.8028087186068363,0.17475714110150845,0.06428565072928209,0.26226406003978103
0.13695652420437654,0.11570236824696029,0.2437496910055182,0.14007489008873647,0.08913841299375573,0.46666665888888903,0.08914728647617332,0.21780276228445913,0.5436886262334966,0.23571410944032312,0.20754705256494196
0.043478267411085396,0.1652891069957994,0.3624995564216092,0.1430711417098991,0.12808965158166385,0.21499999641666673,0.13217054212337,0.07739854324376681,0.3980578682106368,0.14714273768712802,0.5283017192115194
0.39130435486964726,0.11074370200737556,0.44999943843202245,0.036704114505564794,0.05655420400506139,0.11333333144444449,0.06705426330599121,0.19170462582196082,0.17475714110150845,0.05357137844604952,0.4150942850684261
0.13043480223325618,0.10661146823655623,0.3874995014229521,0.11910110552380951,0.4943810783227339,0.08333333194444448,0.09689922443062317,0.38880590637799634,0.058252303209143895,0.342856917422082,0.09245274688045321
0.03260871351584438,0.3698343954063867,0.24999969215699652,0.1018726444148699,0.05842685788186217,0.14999999750000004,0.13953488318009735,0.2358005521779189,0.5048537574274006,0.021428536051521837,0.2830188552655463
0.17391306964434158,0.13223126392224183,0.08124989017214902,0.015730329940637777,0.034831396152282236,0.1516666641388889,0.11007751895318792,0.30150455534188175,0.2621355959152243,0.028571381402029115,0.07547162276206212
0.3695652470791652,0.08099166269887167,0.1874997551479262,0.04756553020409285,0.015168512307790413,0.06499999891666668,0.03178294561324439,0.3726052132399193,0.2524268787137003,0.16428557078581715,0.30188667098679073
0.15217396185385956,0.4132227859619965,0.07499990205917048,0.0037453145264532348,0.013108588299503085,0.019999999666666674,0.0,0.35820161685722496,0.2621355959152243,0.06499993526433281,0.03773581138103106
0.08695653482217079,0.11570236824696029,0.11499985131417564,0.028464411831926644,0.013108588299503085,0.016666666388888893,0.0,0.25200124531599594,0.3689314851319881,0.015714259771116016,0.1698112411839109
0.03586958486742882,0.290495605034045,0.06249991838264206,0.026966286021345355,0.04868904823488515,0.016666666388888893,0.07364341056727361,0.28080307361345813,0.3883491510091128,0.05785708991382554,0.13018863023690116
0.07608698092692978,0.13223126392224183,0.18499976996100603,0.09812732631660301,0.16479371137740725,0.18333333027777782,0.1682170536115618,0.3996045803140722,0.2718443131167483,0.18571414941205558,0.1113206885586772
0.19565217743482363,0.05867762890724423,0.2749996371583394,0.011235943579359704,0.07958786789731646,0.0,0.03449612389730184,0.1584020089341521,0.15533970669846048,0.07857134143029665,0.4150942850684261
0.01086960572536235,0.1818180002080812,0.19874974902495873,0.28838948642292483,0.06722833919520163,0.16333333061111116,0.12868217004386756,0.3258055950489973,0.41747530261368476,0.05785708991382554,0.2264150482247286
0.10326088639708084,0.11570237070996,0.06249991838264206,0.011235943579359704,0.06104857972747437,0.18333333027777785,0.10465116238507302,0.3375054995967278,0.42718401981520876,0.2642855334170688,0.18867923684369753
0.05434782130632641,0.19834694514335746,0.18374976898565326,0.13857676249224837,0.009363283336375894,0.23333332944444451,0.29844961124631936,0.34470461555411175,0.2621355959152243,0.11071418808229601,0.13773575652539893
0.01086960572536235,0.33471043298441966,0.09624987207409738,0.06367040052691014,0.046816388777135585,0.19999999666666674,0.08178294541944593,0.35280496212315027,0.4563101714197807,0.04785709365070037,0.20754705256494196
0.26086960446651236,0.009090895084404586,0.26249966465766794,0.05692882902157381,0.05262162611997327,0.19999999666666674,0.07713178264677603,0.23850424401288275,0.2815530303182723,0.17857130406154828,0.39622628940863946
0.630434747885435,0.008264447837640772,0.49999940294042133,0.0337078485971475,0.007490623878626326,0.316666661388889,0.15891472806622198,0.6318055745132991,0.11650460641828779,0.09285707470602779,0.1698112411839109
0.41304346266012926,0.055371844846188435,0.3874995014229521,0.11947564233417533,0.005617964420876758,0.4549999924166667,0.18062015433868156,0.5058049518553012,0.21359200990760438,0.20714268546357742,0.23396219250708059
0.6630434614012793,0.20247916906217786,0.5749993124501631,0.2734082283171119,0.011235928841753517,0.18499999691666674,0.04263565874947419,0.8658090299358353,0.08737845481371584,0.09285707470602779,0.07547162276206212
0.05652175800043528,0.21487584081863903,0.1624998101465833,0.022471903231880953,0.042509283186209126,0.06666666555555557,0.08682170508983836,0.24570335997026668,0.3689314851319881,0.028571381402029115,0.09433961842184876
0.24999999874115003,0.17355355237044043,0.06249991838264206,0.04868912456202882,0.029587960832481004,0.16166666397222226,0.2829457353374196,0.46890277698880045,0.24271816151217632,0.05928565898392699,0.01886781572124442
0.18478257170946127,0.1727271248276745,0.1499998003930553,0.0037453145264532348,0.007490623878626326,0.3333333277777779,0.18604651090679647,0.3438033849424571,0.3106791819228442,0.0857142293555205,0.2641508596057597
0.17391306964434158,0.10661148301455463,0.21249973740212563,0.05767789014095762,0.03389506921388184,0.18999999683333338,0.12015503829397271,0.43380306334560903,0.2718443131167483,0.07142849607978936,0.0
0.228260890950668,0.04132226381820123,0.012499972500671445,0.026217219544241027,0.02808983605675574,0.3499999941666668,0.2209302317018208,0.5085032792223385,0.2038832927060804,0.2514283734689108,0.0716980236301048
0.30434782004747646,0.0,0.3999994739236235,0.03895129964962306,0.009363283336375894,0.1733333304444445,0.1779069760546241,0.4878071619618414,0.1941745755045564,0.06928565098958049,0.13962253809752337
0.03260871351584438,0.16528910453279966,0.08749988946098455,0.017228457537125912,0.01554304280410313,0.08333333194444448,0.12015503829397271,0.2853038622038047,0.3689314851319881,0.007142845350507279,0.11320743414309319
0.20869565765814926,0.21487584081863903,0.30999960486364736,0.16104868536910455,0.029962495514505305,0.6499999891666669,0.1802325574409591,0.27000439967738227,0.21359200990760438,0.16785700623348576,0.4283018100548599
0.4021738569347669,0.08677677864821995,0.3249996016667383,0.08539324442531414,0.04325834836454616,0.391666660138889,0.29302325467820445,0.4518062177069953,0.2621355959152243,0.29999976016960517,0.2264150482247286
0.09891305447296017,0.13223126392224183,0.16124979985801635,0.10861421949201995,0.12228441842453774,0.2833333286111112,0.050387596703924044,0.20789995449211138,0.3883491510091128,0.16428557078581715,0.13207542980287984
0.4021738569347669,0.03305781598056046,0.437499465931351,0.07865167649179147,0.04962537517328554,0.16666666388888896,0.08914728647617332,0.6318055745132991,0.16504842389998448,0.20714268546357742,0.05660362710227548
0.21739128522530565,0.0909090001040406,0.1249998553917124,0.04868912456202882,0.014793981811477697,0.16166666397222224,0.08837209268072835,0.3438033849424571,0.33980533352741615,0.04999996002826753,0.30188667098679073
0.3695652470791652,0.049586736285839365,0.24999969215699652,0.0337078485971475,0.02808983605675574,0.016666666388888893,0.08139534852172346,0.5184060870146863,0.23300944431065235,0.028571381402029115,0.07547162276206212
0.11956524833801517,0.3677682735949775,0.17124977227062502,0.0337078485971475,0.06704107464466386,0.5999999900000001,0.22868216965627067,0.3267014611927254,0.3883491510091128,0.014285690701014557,0.2264150482247286
0.08695653482217079,0.11570236824696029,0.11499985131417564,0.028464411831926644,0.013108588299503085,0.016666666388888893,0.0,0.25200124531599594,0.3689314851319881,0.015714259771116016,0.1698112411839109
0.06630436687217646,0.1570246566951589,0.10374987047564288,0.04344568422499429,0.0102996074843019,0.19999999666666674,0.0038759689772249264,0.12960018063668993,0.5436886262334966,0.0,0.32075466664657737
0.05434783685536282,0.10743792040931952,0.11749984953959562,0.011235943579359704,0.012734060593664756,0.08333333194444448,0.263565890451295,0.10080371680715429,0.6310673125212891,0.021428536051521837,0.6415093332931547
0.08695653482217079,0.3305782090655993,0.0,0.44569287512464456,0.03932576489850926,0.2999999950000001,0.2364341076107205,0.5706077244076094,0.21359200990760438,0.08571420381069056,0.1509433354933954
0.3695652470791652,0.008264447837640772,0.37499952892228067,0.018726590491334558,0.05056170769263472,0.09333333177777779,0.04147286805630671,0.34650171230949445,0.23300944431065235,0.035714226752536396,0.37735847368739506
0.33695653356332084,0.06611563196112091,0.22499970990279708,0.026217219544241027,0.007490623878626326,0.3666666605555557,0.13565891420287243,0.42120192818622393,0.16504842389998448,0.14071417261419983,0.03773581138103106
0.5652173208537462,0.016528895675281544,0.6124992299521774,0.04868912456202882,0.0337078004776325,0.08333333194444448,0.015503875908899706,0.6138077846198393,0.11650460641828779,0.007142845350507279,0.2264150482247286
0.021739159620603365,0.260330353185658,0.1612497961327307,0.026217219544241027,0.05243435319801234,0.16666666388888896,0.02325581386334956,0.3618011748359169,0.4660188886213047,0.08642849686068459,0.18867923684369753
0.228260890950668,0.14876020885751812,0.27499965205948207,0.0037453145264532348,0.07865154374939046,0.03333333277777779,0.09689922443062317,0.3258055950489973,0.22330072710912838,0.0,0.245282863945973
0.11956522760596663,0.14793374436975615,0.1499998003930553,0.8052433554092493,0.10374512606898408,0.36833332719444456,0.31782945613244395,0.28260553483676737,0.3106791819228442,0.09142848434856805,0.3584904780276084
0.05434782130632641,0.1570246566951589,0.0749998908833135,0.053932575614504374,0.011235928841753517,0.016666666388888893,0.26744185942851995,0.29520130552822593,0.2718443131167483,0.027857109639393356,0.05660362710227548
0.043478267411085396,0.41735500988081686,0.08374989026021178,0.26591756354606866,0.009363283336375894,0.2666666622222223,0.19147286747491135,0.4950062779192253,0.4077665854121608,0.04214281737029456,0.11320743414309319
0.0,0.07438010442875906,0.04999992725554234,0.034456918646065496,0.0,0.09999999833333337,0.01162790693167478,0.19979960792307283,0.3980578682106368,0.0,0.18867923684369753
0.13043480223325618,0.11983459709178013,0.26249966465766794,0.008239695530010794,0.04775271850601036,0.07666666538888892,0.015503875908899706,0.12420352590261526,0.3009704647213202,0.07857134143029665,0.2641508596057597
0.021739159620603365,0.16528910453279966,0.11249985308875572,0.04868912456202882,0.007490623878626326,0.14999999750000004,0.038759689772249264,0.2340034554225362,0.41747530261368476,0.04214281311282289,0.2264150482247286
0.05434782130632641,0.23553696041274094,0.0524999329315336,0.011610476817911866,0.001872659457749568,0.1749999970833334,0.1631782939411694,0.2961025361398806,0.34951405072894015,0.022857117894038267,0.08773576595936079
0.1413043561284972,0.16528910453279966,0.03749995475487089,0.07865167649179147,0.017790229967691036,0.08333333194444448,0.3410852699957935,0.3753035406069566,0.2718443131167483,0.0799999317877564,0.09811314557838921
0.3695652470791652,0.06611563196112091,0.03749995475487089,0.03146066881080975,0.009363283336375894,0.11333333144444449,0.1507751932140496,0.4644019883984539,0.23300944431065235,0.035714226752536396,0.06037729820964971
0.03804349564647702,0.11570236824696029,0.09749987491209301,0.014232200558242808,0.021722809248016346,0.049999999166666684,0.01162790693167478,0.12420352590261526,0.48543632302435263,0.05857137019140461,0.3584904780276084
0.6413043536107973,0.008264447837640772,0.5749993124501631,0.0337078485971475,0.020599212178129413,0.039999999333333355,0.038759689772249264,0.7578115616392237,0.18446585830303244,0.05714280537877481,0.03773581138103106
0.16521740579610025,0.12396681608460106,0.2387496964173211,0.0037453145264532348,0.03220967849238161,0.15166666413888893,0.08488372060122588,0.27180149643276497,0.4077665854121608,0.021428536051521837,0.3792451832841026
0.228260890950668,0.1458676348733457,0.24999969215699652,0.04868912456202882,0.059924977076638665,0.2483333291944445,0.0790697671353885,0.32040357584699614,0.3203878991243682,0.13571418938378804,0.4150942850684261
0.05434782130632641,0.008264447837640772,0.22499970990279708,0.04868912456202882,0.07883880690469104,0.18333333027777785,0.04263565874947419,0.08820258164776919,0.34951405072894015,0.0857142293555205,0.622641337633368
0.30434782004747646,0.16528910453279966,0.0874999006368415,0.011235943579359704,0.009363283336375894,0.18333333027777785,0.4379844944264167,0.47160646882376434,0.2815530303182723,0.14999988859974595,0.11320745213694743
0.08695652963915866,0.17438000700620343,0.0749998908833135,0.17378275833085924,0.05393248355468638,0.21333332977777789,0.15813953427077698,0.09756089594557561,0.3980578682106368,0.05499994751615097,0.7358489517150035
0.24999999874115003,0.016528895675281544,0.24999969215699652,0.053183509137400053,0.09456910867838317,0.21666666305555562,0.07364341056727361,0.19800251116769013,0.21359200990760438,0.16428557078581715,0.245282863945973
0.44565217617597364,0.1409089661707612,0.3124995919132103,0.08614230554469794,0.04063662651893396,0.13333333111111115,0.06976744159004868,0.41580527345214924,0.1456309894969365,0.06499994377927612,0.0
0.16304346391897923,0.08429744922292721,0.24999969215699652,0.018726590491334558,0.061048576936999985,0.03666666605555556,0.046511627726699124,0.08820258164776919,0.33980533352741615,0.07142849607978936,0.6037735219121236
0.11956524833801517,0.10743792040931952,0.09749987863737866,0.029962535856601098,0.009363283336375894,0.14999999750000004,0.2751937973829698,0.30780244068761103,0.3980578682106368,0.01999997123889204,0.09999992715051367
0.10869564261265283,0.2644625771044784,0.1537498033191137,0.04119849550912235,0.04962537796375993,0.049999999166666684,0.1852713171113515,0.43380306334560903,0.2718443131167483,0.007142845350507279,0.0490565727891946
0.30434782004747646,0.14876020885751812,0.5749993124501631,0.011235943579359704,0.5805232459507508,0.0,0.02325581386334956,0.5058049518553012,0.18446585830303244,0.04999996002826753,0.0
0.10869566334470135,0.11570236824696029,0.19749975736282008,0.06367040052691014,0.10823949900092267,0.0,0.10658914687368545,0.028801828297462157,0.33980533352741615,0.06428565072928209,0.6037735219121236
0.047826109701230336,0.19834694514335746,0.10999985672597859,0.014981265249440292,0.0543070140509991,0.06666666555555557,0.06666666640826874,0.10620037154122897,0.5631060606365446,0.1214284561080569,0.2830188552655463
0.08695653482217079,0.3305782090655993,0.0,0.44569287512464456,0.03932576489850926,0.2999999950000001,0.2364341076107205,0.5706077244076094,0.21359200990760438,0.08571420381069056,0.1509433354933954
0.24999999874115003,0.23966923359155606,0.20374973988787018,0.06367040052691014,0.0,0.14999999750000007,0.19224806127035637,0.4518062177069953,0.3009704647213202,0.038571381922625936,0.15094324552412425
0.06521742703168876,0.29752041771503623,0.04999992725554234,0.0823969910182447,0.058052331571261044,0.09999999833333337,0.2751937973829698,0.37080275201661006,0.2718443131167483,0.1328570427286418,0.05094333636746482
0.228260890950668,0.0909090001040406,0.26249966465766794,0.08614230554469794,0.02808983605675574,0.23333332944444451,0.08139534852172346,0.5058049518553012,0.3203878991243682,0.10285705819673799,0.1698112411839109
0.6086956400949529,0.016528895675281544,0.5374993204424356,0.011235943579359704,0.02621717659900617,0.15333333077777783,0.08062015472627845,0.7038020985550648,0.17475714110150845,0.03357139017727084,0.2283017938091446
0.44565217617597364,0.024793368142919683,0.26249966465766794,0.0037453145264532348,0.013108588299503085,0.16666666388888896,0.13062015453248002,0.523802741748761,0.09708717201523982,0.04999996002826753,0.1471697183675838
0.1413043561284972,0.1900824973057167,0.22749970440293135,0.0337078485971475,0.10449418706160951,0.16833333052777782,0.09573643373745568,0.025202270318770204,0.23300944431065235,0.12499990007066883,0.6415093332931547
0.16304346391897923,0.27272702494211915,0.03749995475487089,0.02022471094419534,0.041198424356258825,0.03333333277777779,0.19379844886124634,0.4248068506328424,0.2038832927060804,0.07142849607978936,0.05283013593344349
0.20652178316018596,0.12396681608460106,0.22499970990279708,0.05992507885682956,0.035580459935382065,0.21499999641666676,0.13333333281653745,0.36720319403791807,0.21359200990760438,0.07285707792230581,0.18679238329615616
0.39130435486964726,0.10743792040931952,0.2749996371583394,0.07940073761117528,0.07116091568505255,0.14999999750000004,0.07751937954449853,0.5058049518553012,0.17475714110150845,0.0857142293555205,0.3584904780276084
0.021739159620603365,0.24793368142919683,0.009999979863179983,0.045692871154959395,0.005617964420876758,0.029999999500000006,0.007751937954449853,0.5283035303391075,0.6796108985289091,0.07857134143029665,0.0
0.021739159620603365,0.21487584081863903,0.1624998101465833,0.3408239255114069,0.2958795943724381,0.8999999850000003,0.32558139408689385,0.4761072574141109,0.23300944431065235,0.21142840118882508,0.21886783196695975
0.21739128522530565,0.2644625771044784,0.13749982789238385,0.06367040052691014,0.016853907215002222,0.18333333027777785,0.19379844886124634,0.6858096731295316,0.48543632302435263,0.09999992005653506,0.37735847368739506
0.03260871351584438,0.008264447837640772,0.3624995564216092,0.026217219544241027,0.03745311939313163,0.3499999941666668,0.20930232477014604,0.3258055950489973,0.3980578682106368,0.1214284561080569,0.3396224823678218
0.05434782130632641,0.23016508409627284,0.21249973740212563,0.026217219544241027,0.05205983107312277,0.1599999973333334,0.038759689772249264,0.16290279752449865,0.5242711918304486,0.1428570347342953,0.5283017192115194
