0,1,2,3,4,5,6,7
0.07381861774472886,0.5918367226155771,0.0020747546682485666,0.0029407169173502235,0.03423123312749896,0.0011682111711574749,0.42919368916511724,0.4724814379637457
0.3125282770260831,0.4285714198250731,0.00951656200319883,0.0015838247043226967,0.0025845729710359954,0.0003757252522826188,0.008714379627845822,0.7372793106791163
0.16347621561059217,0.16326530279050402,0.0062966853467651225,0.0027454568337540635,0.014732065934905173,0.0005853856605451675,0.6132897895059101,0.28556599156432294
0.4020514777292304,0.4489795826738861,0.017338122509764037,0.0035743301730032004,0.05071506518721742,0.0003769263361324624,0.5141612799163698,0.18899273363608843
0.1743633218566658,0.7346938625572681,0.007054694814396863,0.011181067773016435,0.01691459422155779,0.0008238879140135137,0.393246197940757,0.2803735657256095
0.09607384170479101,0.6530612111620161,0.007375411698644962,0.005150489511686134,0.008844983056434295,0.0015822156991549246,0.12636162118605465,0.695742280728261
0.1771434549699816,0.7551020254060812,0.010444524156202607,0.004053541409461757,0.00959738096578033,0.00018402534107194807,0.49455340632333505,0.22949111996861088
0.26640491135886774,0.9999999795918372,0.016931479409335502,0.001081391748131048,0.004795818735144569,0.001489055697541827,0.6307189643059071,0.27518193213984676
0.26605119644433173,0.36734693127863405,0.01440136372313401,0.004251934551487357,0.0035609672045384825,0.0003878804114516168,0.0010891416243662153,0.7289717462383551
0.406649670421866,0.7959183511037071,0.011978293743860826,0.0011484927476266744,0.0007753718913107986,3.5740453959886365e-05,0.5620914067302852,0.1630321889484227
0.26966606437312607,0.5918367226155771,0.005122127699340773,0.0017948096328688449,0.0016368962149894636,0.00021513118197077409,0.49999994553377686,0.21910706054413473
0.15625352976417434,0.4081632569762601,0.0018563271773982387,0.0006696204295579508,0.029579001779634167,0.00025587318972474264,0.5718953435268027,0.2886811301663707
0.39228916871996805,0.5102040712203251,0.008657907621509744,0.002244776569806979,0.02937797943744248,0.0002680179538088286,0.49455340632333505,0.22014491190951688
0.030157046827563528,0.8775510024989592,0.0036759871540944775,0.004840705999150674,0.00715065188653292,0.0006596290478693782,0.5642701055233231,0.2928349123867513
0.27347904098903375,0.8571428396501461,0.009546242510998757,0.0001957302118197705,0.023720636378619247,0.0002141696846528491,0.1546838744069353,0.6188992902835967
0.09543718184431488,0.6326530483132031,0.0017927985267223363,0.0008021520450564562,0.005082993509704124,0.0006120501101461038,0.14814819357212727,0.6427825477345968
0.23929680883610746,0.5918367226155771,0.007373716860380702,0.0009341655995876456,0.017575096203044767,0.0002267210291375604,0.5283221987546575,0.21495327832375413
0.02995189656230705,0.7959183511037071,0.00767510564235778,0.012085001852230989,0.019562345642996887,0.0002758803656298062,0.13725469960693829,0.6033228050204071
0.2516270422492305,0.7755101882548942,0.007611268586686249,0.006105329133053585,0.005370168284263679,0.00043885129804645983,0.13507600081390048,0.5846311811551698
0.0331918489448864,0.32653060558100805,0.004794716551251773,0.0011846408147479926,0.05157946125864167,0.0007213744303682411,0.13725469960693829,0.5835925375368369
0.13046123255600148,0.4489795826738861,0.007293632279365196,0.003687441764764282,0.012951582332635932,0.0011676752766691268,0.13507600081390048,0.695742280728261
0.044901664508915064,0.9999999795918372,0.005254554303882221,0.02346097674954903,0.030213658031410788,0.0020350940018083845,0.5642701055233231,0.29179626876841847
0.08591538278552381,0.4897959083715121,0.008579278239741623,0.019829669553523638,0.022132559875304905,8.417520884024267e-06,0.5446622319302883,0.19937679306056458
0.1309988549389764,0.8571428396501461,0.005059769459515394,0.004513322938800322,0.007811153868019897,0.0005896935681926251,0.5446622319302883,0.19833814944223177
0.1837011797149071,0.32653060558100805,0.0013138434846951277,0.002887860657779272,0.04242145769793747,0.00021361770756547836,0.5784314399059161,0.1339565056587092
0.2527871907382289,0.6938775368596422,0.007208192287276967,0.00034471389429902044,0.009804146803463209,0.00045007604907939543,0.1274507628104209,0.6220144288856445
0.17246744229757918,0.6326530483132031,0.007720912119478631,0.001833958096078441,0.0011199816207822645,0.00033646868486946055,0.6699342959476714,0.3167181698377514
0.15920343659147637,0.4285714198250731,0.0020098906378337137,0.0064782894542995345,0.015582103267601455,0.0003901956524153669,0.005446539210441809,0.7196263304322118
0.02345784117664025,0.32653060558100805,0.0023687570116591936,0.0007657037930755718,0.0015794612600775527,5.288139175713885e-05,0.5413943915128843,0.2782970707418946
0.0760115928702637,0.6122448854643902,0.002438283583815376,0.0028571929010215514,0.027166733673333904,0.0006839974710812632,0.4379084843372684,0.4475595368944128
0.09251555939197359,0.28571427988338205,0.008717185284408076,0.0007244380582677772,0.023829762792951875,0.0011882061650221793,0.10457504879998206,0.6531673994120236
0.24020231362018193,0.6734693740108292,0.0055122565457804635,0.00331041974870075,0.011699500315556274,0.0007896152614148641,0.12418292239301687,0.6012463100366922
0.49336443677068126,0.9999999795918372,0.022684027901484015,0.0027121111375475347,0.004701051059539916,0.00023277093012720587,0.1525051756138975,0.6054000922570728
0.5782045073260336,0.3469387684298211,0.01626302200040036,0.003180954376291975,0.030681752913942855,0.0005063085587368682,0.3877996587303152,0.4963654876676965
0.6620825718116116,0.14285713994169102,0.016463426206061393,0.002466783608559621,0.047900752396533776,0.0006941854228780294,0.10893244638605766,0.6209757852673117
0.12947792465821564,0.6734693740108292,0.005254554303882221,0.001530434406203195,0.012242260639473831,0.0002626249991281331,0.8464051582849846,0.17860867421161228
0.135243332717076,0.5510203969179511,0.001288472311563835,0.0017910190727631282,0.053615530410268925,0.002161823729233928,0.11546854276517104,0.6251295674876922
0.1792303257407889,0.6326530483132031,0.004000624046434524,0.004153536859536306,0.024892309458822235,0.0003934099625438457,0.14161209719301387,0.6407060527508819
0.4120472129456822,0.6734693740108292,0.013622387578040514,0.0015325952530229436,0.018901843661509914,0.00018317061914562395,0.15141603398953127,0.6303219933264057
0.20083473078683908,0.7959183511037071,0.0028997467141254857,0.0026501481408417746,0.0057434954911911,0.00011669145716568038,0.11873638318257505,0.6137068644448833
0.04294708264389469,0.8367346768013332,0.009148233361236104,0.008435393063154623,0.002038940899372841,0.0008070129059300918,0.13616555798257207,0.6012463100366922
0.2483658555028613,0.6530612111620161,0.0018400525624262685,0.0020634799238719343,0.0006317845040310211,0.0005891110975752076,0.15359473278256908,0.5908614583592654
0.28333330373251553,0.8571428396501461,0.010013729610508372,0.0011411285351847344,0.006039285508987443,0.00011053818176415569,0.11546854276517104,0.6157841516815489
0.45216464373751053,0.3469387684298211,0.020046158010391283,0.004658386788016592,0.010800643271184865,0.00034940931663756834,0.005446539210441809,0.7123574096097834
0.1485710077824375,0.7755101882548942,0.0015803602747792131,0.003085077268823024,0.008213198552403274,0.0004451265667827469,0.12418292239301687,0.616822003046931
0.06463638297996573,0.9999999795918372,0.003729015448196276,0.0043319018613992965,0.006696915742728823,0.0003419389013550197,0.8736382698814991,0.12398742832979573
0.1100381934966841,0.7755101882548942,0.015988086587462657,0.008893392850100924,0.005352937797790105,0.0002190302034686425,0.4553376591372654,0.41744520998636647
0.2459535710585342,0.7551020254060812,0.0038091524719531555,0.001092963390298199,0.017962782148700167,0.000483372793429096,0.45860549955466945,0.21910706054413473
0.054902375211719576,0.4285714198250731,0.0014480274420269764,0.0018910871482069273,0.0035035322496265713,0.00045699512135553854,0.05010882560695323,0.7040498451690222
0.1509125559902796,0.4693877455226991,0.0033848375568934067,0.0009040551214966361,0.0323358796154059,0.00045713375451198986,0.1568625731999731,0.5721706267469787
0.09472268513801652,0.4897959083715121,0.002825784041733772,0.0036361634123825673,0.021882717821438094,0.0012273943669785597,0.12854031997909246,0.6022841614020743
0.09980899834093188,0.36734693127863405,0.006158844289654041,0.0062990016260779415,0.009993682154672515,0.00019703474180290262,0.9999998910675537,0.12440264810124371
0.04675296708349287,0.6326530483132031,0.0029241152237180655,0.002259743205901999,0.035379932225737175,0.0006162225550419353,0.14270165436168547,0.6033228050204071
0.6170132334126116,0.4897959083715121,0.024208166779087333,0.00040684247684667036,0.03793578771931722,0.00028538946650246593,0.5533766115581341,0.21391463470542132
0.10865166881166709,0.4489795826738861,0.0033284115982958598,0.0038631273746710794,0.08776061110540001,0.0009445879157528453,0.11111114517909546,0.616822003046931
0.4840194951691582,0.3061224427321951,0.022215967752151445,0.0009549170884279843,0.002211245764108574,5.0230741177447594e-05,0.4400871831303062,0.44236790330865006
0.2968166018913552,0.6530612111620161,0.0048036717571214305,0.0007988471065864571,0.011656424099372339,0.0004356247674484727,0.11546854276517104,0.6386295577671669
0.036969440576496114,0.5510203969179511,0.0015792489054255998,0.0030782408007309667,0.021681695479246404,0.0003859477903138428,0.1394333983999761,0.6033228050204071
0.10197367222545052,0.8163265139525202,0.004235136872163785,0.005451395783253613,0.026276491872199288,0.0010479398465796722,0.5653592471476893,0.2949114073704663
0.4379243970108482,0.2653061170345691,0.020495887511447698,0.0018510536238307389,0.015576359772110266,0.00044415296428276167,0.015250476006959213,0.727933894872973
0.3552843684582571,0.20408162848813005,0.004570659280019547,0.002733244151661,0.03288151168706906,0.0001339612094717132,0.12962946160345867,0.5887849633755504
0.21631294598226658,0.24489795418575605,0.0035942351717456293,0.0011979118905555914,0.028097179942906864,0.00023604063587454112,0.10566460596865364,0.6407060527508819
0.14744622741168165,0.24489795418575605,0.007015855928517319,0.0021172861232726737,0.0360117167297682,9.206682681476242e-05,0.6601307746954593,0.3032189718112275
0.3687676666170968,0.6326530483132031,0.008062383826405452,0.0019827452058915874,0.007233932571155191,0.00032034241111832443,0.12091508197561285,0.592938745595931
0.1864671622077148,0.2653061170345691,0.034206708832772735,0.028334061559156954,0.0007179369363988875,0.00011109751803363603,0.6677560126989389,0.42782926941084265
0.5567981772349857,0.14285713994169102,0.012611149130158823,0.003390960314860635,0.004077881798745682,0.00040797480231123803,0.09912850958954025,0.6552438943957386
0.26261315224069454,0.28571427988338205,0.014841920953993889,0.0004293757080792734,0.014186433863242018,0.0005074724815992443,0.062091461196508435,0.7123574096097834
0.0720479585275973,0.36734693127863405,0.0048936885071290065,0.008418364834911162,0.012179082189070729,0.0007267055141184068,0.002178698793037797,0.981308272292584
0.08742924618905823,0.7755101882548942,0.002350963641004927,0.0008988599867496264,0.054304749869211855,0.0006276659871495172,0.1546838744069353,0.5950152405796459
0.26958827812547015,0.6122448854643902,0.012733365028763951,0.001882609346769822,0.01134627534284802,0.00026372215134343115,0.5686275031093987,0.20560707026466013
0.19509054022571315,0.5306122340691382,0.0006288301454203804,0.00010991607551408573,0.024409855837562177,0.00018772639480669535,0.14596949477908946,0.6697817360405953
0.38048950767864903,0.32653060558100805,0.013360764286141556,0.0004373596570054794,0.05057147779993764,0.0011712851188177794,0.11764682601390347,0.6251295674876922
0.2945953423908596,0.10204081424406503,0.014944323220841636,0.0025133413119400915,0.13988283268795926,0.0007053935533038505,0.20697139880692633,0.6137068644448833
0.4002263344066288,0.9999999795918372,0.013018858450560979,0.0029532089650303344,0.008356785939683052,0.00020196356843175007,0.5490196295163638,0.19522301084018398
0.18773343191749617,0.18367346563931702,0.0029825680421742638,0.001222304331240992,0.04626385618154431,0.00021824989959012665,0.02941181038955221,0.7082036273894028
0.01624928908467509,0.3469387684298211,0.00254955284159034,0.0011586699827042274,0.15686634885541134,0.004579208987790985,0.501089087158143,0.22845247635027807
0.18782540251777105,0.12244897709287803,0.03012134981918368,0.033717300854215176,0.031718453850102864,0.00013562492263657837,0.6361655035163489,0.3800619622558918
0.05083474645786027,0.6530612111620161,0.004821224446850056,0.0025705023192310484,0.00427890414093737,0.0006251047035567498,0.6960782659198196,0.2637592290970378
0.15453450766235574,0.6326530483132031,0.006057876383878301,0.0021801070676738393,0.007782436390563942,0.00020970806040780153,0.27995635396862373,0.5264798145757428
0.2386955002278184,0.3061224427321951,0.02156300699964074,0.0016890578960275485,0.016544138762375968,0.0003336069045429795,0.04357272922783984,0.7040498451690222
0.23871671772555283,0.6122448854643902,0.0047184561227214625,0.003668065316248408,0.03971627132158646,0.0007744762901554734,0.14161209719301387,0.592938745595931
0.16120542050529055,0.5918367226155771,0.010033800246428776,0.004363172408721791,0.0008902418011346206,0.00048640043396437654,0.03703704839303182,0.727933894872973
0.22932229111739005,0.5510203969179511,0.0127905171977735,0.0013423201747720975,0.007380391706180565,0.0003762171453949066,0.2320262271547083,0.3811006058742246
0.3281125797101827,0.040816325697626006,0.004047857243963076,0.0019040725642288099,0.1267015105356757,0.0009289009448230466,0.11546854276517104,0.5991690228000266
0.29414967374210416,0.6938775368596422,0.011566892593387137,0.0023758484153835616,0.01193211188294951,0.0005707118741392333,0.49999994553377686,0.20872300111965858
0.11794000793115778,0.9999999795918372,0.002718989434818793,0.002467243569231537,0.0178766297163323,0.0007610805996147753,0.1394333983999761,0.6095530822245027
0.11042019278618087,0.8775510024989592,0.0023002150432897273,0.00012680389471032974,0.022729883406388783,0.0011143540440825591,0.3877996587303152,0.4974041312860293
0.09082483853117117,0.8775510024989592,0.0016300721732692453,0.001279562172357615,0.02432370340519431,0.0013392301089721213,0.13398685918953426,0.6054000922570728
0.14720570059515492,0.9999999795918372,0.001983463663816489,0.0010361800349273419,0.01515995634899891,0.00032264852515909257,0.14270165436168547,0.5939773892142638
0.039615168094068176,0.2653061170345691,0.00374240605969562,0.004417709703506313,0.035790592153357344,0.0004062896841101585,0.7037035039232992,0.31983410069274987
0.042289188419628705,0.5918367226155771,0.0032544485786012234,0.004409186874340273,0.05232324392475093,0.001177836520207062,0.3082786071895044,0.49532684404936367
0.047255229781252996,0.5918367226155771,0.0025492624963467086,0.005388352121053415,0.015794612600775526,0.0006812377585755818,0.38344226114423957,0.5150571115329339
0.19204866279813623,0.7551020254060812,0.0019576805894185134,0.004008145711989285,0.018784102003940494,0.0005033649051075957,0.5413943915128843,0.27725842712356175
0.1603777525670383,0.3877550941274471,0.0035255716473531124,0.0021915915593978905,0.045746941587337116,0.0011437915603185924,0.12091508197561285,0.6822430827017372
0.2427419030509156,0.6326530483132031,0.00807511247853355,0.0018648122579505693,0.022319223478768618,0.0003815582207239155,0.5882349611581281,0.1921078722381362
0.3738822641949729,0.2653061170345691,0.012770950151091452,0.0015286187719719473,0.05332835563570937,0.0006689882750593877,0.09259241321042685,0.6687430924222625
0.3236063744838774,0.6122448854643902,0.011409161497875613,0.001074313195474824,0.00048819711675124355,0.00022657980201352466,0.4912851503616257,0.22222219914618252
0.2911855994282386,0.5306122340691382,0.00525782242438769,0.0009780410059971533,0.03572454195520865,0.0002578248140768937,0.11546854276517104,0.6323984883101207
0.09500564695001207,0.6326530483132031,0.008049863556031156,0.0028193797762678975,0.018551490436547254,0.0009873493753076515,0.29629638714425455,0.4901352104636009
0.5447721399976482,0.6122448854643902,0.013336529488174332,0.0009370948228140583,0.04824536212600525,0.0004020132499360573,0.1394333983999761,0.5773622603327414
0.1833474648003711,0.7346938625572681,0.00024680040314514485,0.0012033491098667674,0.02834415024902808,0.0007922180100598314,0.1448799376104179,0.6178606466652639
0.1979626270732484,0.8571428396501461,0.001740598897394826,0.002123711047605648,0.008589397507076291,7.881933828871573e-05,0.1546838744069353,0.5908614583592654
0.2572085259735965,0.8775510024989592,0.007158906529473461,0.0017233758038437692,0.013356498764764904,0.000543208708352697,0.15577343157560689,0.6178606466652639
0.1425367716660343,0.9999999795918372,0.00467070718035225,0.0035726016892150526,0.0002010223421916885,0.0007597845573367707,0.5446622319302883,0.17445489199123168
0.237641472959603,0.2653061170345691,0.000515526039819536,0.001107260904657863,0.03428866808241087,0.00038519822975484493,0.014161334382592998,0.7227414690342596
0.42018953733062714,0.28571427988338205,0.016039935440837934,0.001318836035371449,0.011630578369661979,0.0006444681719948308,0.09912850958954025,0.6355136269121684
0.22891197372082167,0.6734693740108292,0.0021174121497665407,0.004505857050841433,0.014531043592713485,0.0005905822422724419,0.12418292239301687,0.5960538841979788
0.2469510295768281,0.32653060558100805,0.002898763846853384,0.005418109155680741,0.03127333294953554,0.0007213417079475294,0.09694981079650246,0.6323984883101207
0.140145721585497,0.4285714198250731,0.010814499014020372,0.004757048836311712,0.016713571879366104,0.000716537238046132,0.2864924503477371,0.4859814282432203
0.11993490810169018,0.3061224427321951,0.006046460536799158,0.0037506355193942637,0.00964907242520105,4.406363128213982e-05,0.4389976259616346,0.44029061607198444
0.10089132685016348,0.20408162848813005,0.004649416469263331,0.002946614581502443,0.003532249727082527,0.0006052250739985363,0.05729844851511688,0.730010389856688
0.8028932882307117,0.9999999795918372,0.03349179271182734,0.001008170850853296,0.004049164321289726,0.0002674853257981795,0.5501087711407301,0.19418436722185117
0.00242643084832135,0.5918367226155771,0.0018056084477344181,0.0040482784910367805,0.0037907070241861266,0.001135618640970483,0.12636162118605465,0.6085152308591205
0.28152941163975925,0.5102040712203251,0.0033790316939295477,0.0016064150675124428,0.008040893687667541,0.0001527804635106019,0.11328984397213325,0.6002076664183593
0.04388087180292991,0.9999999795918372,0.0021636888750451396,0.004510673565330086,0.009450921830754957,0.00043881381041122264,0.14019600530918513,0.7258566076363073
0.19917937804427918,0.3469387684298211,0.005361506239021321,0.001092547004847833,0.008184481074947318,8.202701938892349e-06,0.4575163579303032,0.21287599108708852
0.17238255544058606,0.6734693740108292,0.004384880000446215,0.0023326871584383444,0.023203721784412046,0.000930098012826778,0.11111114517909546,0.60436144863874
0.21653223843500344,0.6530612111620161,0.0032395583130803477,0.002269731130850374,0.025888805926543884,0.00029205511775290725,0.49891038836510526,0.2211835555278497
0.2522990870940046,0.36734693127863405,0.009412628130460635,0.0017953814366094057,0.03563838952284078,0.00036049212960720427,0.0010891416243662153,0.7455868751198775
0.2089982895355739,0.4897959083715121,0.005203761251392877,0.0022077647449607156,0.04557463672260138,0.0007261180092824181,0.04030488881043583,0.7310490334750208
0.052843797248900766,0.20408162848813005,0.005915768710358114,0.005722419136220399,0.024510367008658017,0.0005608734354562372,0.5479300723476923,0.2990651895908469
0.2837365373858022,0.4489795826738861,0.008516940838091626,0.0025884950123781477,0.0226523462172577,0.00011637576170338007,0.6034858527093927,0.2253373377482303
0.26846348088865885,0.3469387684298211,0.01563154193367746,0.0026682076493285837,0.017899603698297066,0.0003630797563818837,0.2047931155581939,0.6188992902835967
0.16583191443894232,0.8163265139525202,0.003106145368237568,0.001455344131920951,0.0050542760322481685,0.00011102969058494948,0.14161209719301387,0.6708203796589282
0.1334111393833035,0.6530612111620161,0.007483117281126981,0.0004454549648312018,0.012434667738428733,0.00022630830007303146,0.6122002323372385,0.1381102878790898
0.2631012896170297,0.7346938625572681,0.002179308476704324,0.002371237672774449,0.0046809488253207465,0.0005979718602683824,0.5032677859511808,0.20976085248504073
0.40780273516758264,0.08163265139525201,0.015955579033869478,0.00046004298066786557,0.4071276778930812,0.00095173362393756,0.13834425677560985,0.6469363299549774
0.09057016109413636,0.4897959083715121,0.002127621119188245,0.003128516923017032,0.050370455457745954,0.00022877871794204854,0.1492373351964935,0.6085152308591205
0.10356535560875173,0.5102040712203251,0.009249100549164174,0.013197913010616494,0.009287232209256008,0.00015152840339408257,0.6710238531163429,0.42782926941084265
0.2574419859128969,0.36734693127863405,0.004706572805907956,0.0007082668093814656,0.04821664464854929,4.673484145675873e-05,0.12200422359997908,0.6344757755467862
0.16270513328831684,0.28571427988338205,0.007076533222195359,0.004087747958378461,0.017144334041205436,0.00013019277022349742,0.28104549559298997,0.37487032867012904
0.1644312222673618,0.5714285597667641,0.0034438748861690205,0.0033474243110100882,0.01582333007823148,0.0003453938932461749,0.1525051756138975,0.5804773989347892
0.03503820133219469,0.6734693740108292,0.0030183992847405924,0.005137692921624301,0.013612084314122908,0.0015121509053904491,0.4553376591372654,0.42159899220674707
0.4944962840186635,0.6530612111620161,0.010009041021047816,0.000709026954912948,0.008534834299909975,0.0005911582952219101,0.49999994553377686,0.22014491190951688
0.08793151731984607,0.5714285597667641,0.003989920517650462,0.0027560741785692708,0.008442938372050918,0.0017409565237370757,0.12200422359997908,0.6137068644448833
0.1694609329882448,0.7959183511037071,0.0028260351417471043,0.00199190907498354,0.014042846475962241,0.0005217527535153483,0.1525051756138975,0.5950152405796459
0.3069750608106224,0.7551020254060812,0.008941584649019459,0.003254571323916703,0.0068548618687365795,0.00045956747254333234,0.13398685918953426,0.592938745595931
0.21066777603258646,0.5306122340691382,0.00047031414530286755,0.002962254212685846,0.026649819079126707,0.0008011094199996508,0.5108930239546605,0.22845247635027807
0.12161856208526627,0.6938775368596422,0.0014648330831682197,0.003268575431784598,0.028114410429380437,0.001590492569352154,0.12527206401738308,0.6116303694611683
0.14649828763213832,0.9999999795918372,0.004946459797067782,0.0045549033835415335,0.010079834587040381,0.00031610377201265577,0.14379079598605168,0.6074765872407877
0.2837365373858022,0.5714285597667641,0.0035691821280918077,0.0012994963837093282,0.009192464533651355,0.0004507347247000683,0.12309378076865066,0.5970925278163116
0.2204796037805994,0.6530612111620161,0.005084337668288702,0.002855201997565848,0.014350123484740962,0.000366645212862982,0.14161209719301387,0.6448598349712624
0.4871179582127121,0.28571427988338205,0.026357940615219393,0.0045998584871072236,0.033470219974916136,0.00043440435373648216,0.18736394075819687,0.5150571115329339
0.15551781556014155,0.4285714198250731,0.0019182151690658703,0.003739621155893823,0.05545344896745007,0.0013076314910905713,0.09259241321042685,0.6448598349712624
0.18986982142705408,0.6326530483132031,0.0016546028733268679,0.002065849447585994,0.018370570328574736,0.00013829939928889607,0.1274507628104209,0.6199379339019295
0.18793859061578036,0.9183673281965852,0.01159280486447247,0.005894415377369302,0.013181322152283575,7.64580592039875e-05,0.13071901877213027,0.6033228050204071
0.15923173783249256,0.4081632569762601,0.014836707937119598,0.014299388094190782,0.03636206995473085,0.0014503537396127729,0.5588235663128812,0.14434056508318535
0.09327955797096713,0.9999999795918372,0.0028743668584211173,0.000720598597080099,0.002785595313227684,0.0001770952588445027,0.6187363287163519,0.14434056508318535
0.07115873960664872,0.7142856997084551,0.004797145240592339,0.008959898321568701,0.02389294124335498,0.001005907387988936,0.14161209719301387,0.6054000922570728
0.06095076194863091,0.3061224427321951,0.004691901688531496,0.004261839683514787,0.039859858708866235,0.00026322024743772536,0.6307189643059071,0.24506760523180046
0.10781691713013308,0.7959183511037071,0.00202666189598558,0.0019079507589467547,0.020073516741712896,0.0008573671968228522,0.12854031997909246,0.6137068644448833
0.4167939618545697,0.24489795418575605,0.01890989745628659,0.001901051348868014,0.05166274194326395,0.0007124833470761918,0.15795213036864467,0.5389403689839339
0.127334451405376,0.4285714198250731,0.003462612920773859,0.004049009586420563,0.03517890988354549,0.001153663278644967,0.12091508197561285,0.6188992902835967
0.15993915079550916,0.7346938625572681,0.0033515763559573072,0.00139257402527826,0.0007466544138548431,0.0004898930672073667,0.13725469960693829,0.5856698247735026
0.27678974647415355,0.9999999795918372,0.009045028824636219,0.003486409900989268,0.010194704496864203,0.00018196532730392132,0.49673210511637284,0.22637598136656312
0.2507215374651561,0.28571427988338205,0.014124712633756665,0.004215710953982019,0.030891390499371334,0.0003109144918237669,0.5163395631651023,0.34060221954170217
0.25684067730460786,0.6734693740108292,0.013228285586161657,0.0007200902194953497,0.001435873872797775,0.0003723402206579417,0.12418292239301687,0.6199379339019295
0.10064373315641044,0.2653061170345691,0.004435238924281804,0.003978369310596824,0.02222732755090956,0.00020834276880258253,0.27015241717210636,0.3551400611865589
0.16504668149615895,0.3469387684298211,0.0034118719637229655,0.004251653733392924,0.03261731089447426,0.00038414755759574306,0.5424835331372505,0.18899273363608843
0.15109648032477394,0.3061224427321951,0.006454549111993234,0.0025306522949544983,0.025538452701581227,0.0007539520500452667,0.4564268007616316,0.4091376455456053
0.31738111342364267,0.6122448854643902,0.0051789777148073075,0.0015782780627885175,0.028056975474468525,0.0003283012993188644,0.5174291203337739,0.1879540900177556
0.13292301887302377,0.22448979133694305,0.003931827852325419,0.0024714897324870145,0.06439894319498021,0.0007022945306235641,0.15032689236516505,0.6230530725039773
0.22360638493122487,0.2653061170345691,0.002152864832146795,0.0019912036405635596,0.055855493651833454,0.00020065607426722487,0.5697166447337649,0.1879540900177556
0.057951327949550546,0.4897959083715121,0.015620303211089048,0.024115002091483383,0.006691172247237633,0.00020419443819799792,0.8943352850989,0.38629303171293805
0.23194678427117224,0.6938775368596422,0.007760692196279516,0.00240573859652118,0.006880707598446939,0.00025133793522944946,0.1525051756138975,0.5815160425531221
0.10529852833107843,0.9183673281965852,0.004252671154837491,0.0016129126172146674,0.0026707254034038616,0.0004452374348787586,0.13834425677560985,0.6002076664183593
0.20857383838455285,0.24489795418575605,0.00833396116738063,0.0032225038342089726,0.014014128998506285,0.0006713816424838629,0.5642701055233231,0.2502592388175632
0.37766690583775353,0.6530612111620161,0.012488474791695328,0.0027295325111232013,0.00881626557897834,0.00010832350988437886,0.10348590717561584,0.6022841614020743
0.03835596526151313,0.7959183511037071,0.0007787250450801639,0.0005532310127980572,0.05362414565350572,0.0015447207623792963,0.5141612799163698,0.33748708093965435
0.1864671622077148,0.6122448854643902,0.001982082092788779,0.0010173991144393172,0.04766526908139494,0.001372600060851424,0.11655768438953726,0.6033228050204071
0.23068051456139088,0.6530612111620161,0.00832148222605417,0.0025220466728675135,0.015536155303671927,0.0007051585398407101,0.15141603398953127,0.626168211106025
0.10358657310648615,0.5510203969179511,0.0037877693782867186,0.0016216712367462056,0.02592326689949103,0.000505073196085762,0.004357397586075594,0.7102801223731178
0.1864671622077148,0.9387754910453981,0.0012301434802511493,0.0013543164332647964,0.009792659812480826,0.0003448759451705957,0.726579217933738,0.03219082189176128
0.17674022131669498,0.5714285597667641,0.0033938858399464315,0.001057347909218047,0.0019815059444609298,0.0010440894379557914,0.1448799376104179,0.639667409132549
0.08273909976220316,0.16326530279050402,0.0013521048058137161,0.0005315402358487529,0.033857905920571536,0.00044735023108348276,0.003267840417404012,0.7331255284587358
0.04263581959088296,0.7551020254060812,0.0029050465567305272,0.004051154455659077,0.022057894433919426,0.00025186887235752507,0.8736382698814991,0.13946004923115204
0.3098542651335503,0.4693877455226991,0.012786450280545121,0.0020599140182417644,0.013095169719915709,0.00044213985329157464,0.5664488043163609,0.22014491190951688
0.22449063848545406,0.5918367226155771,0.009217853705181498,0.001006640876407765,0.005944517833382789,0.0008230547700545763,0.14161209719301387,0.6666665974385475
0.21648271969625282,0.8367346768013332,0.003503247362765334,0.0026479611488890954,0.026391361782023108,0.0005759026722795234,0.5065356263685848,0.20249193166261234
0.15539756058490592,0.3877550941274471,0.0010096165432312615,0.0010118166443896413,0.08425707885577345,7.713575725361208e-05,0.4259258487477132,0.23987517939308706
0.2720995663151876,0.3877550941274471,0.013751935041350258,0.0024071969139357174,0.01289414737772402,3.6098805778017876e-05,0.6198254703407181,0.1298027234383286
0.16835737011522334,0.6734693740108292,0.00448625425064187,0.002189620991045576,0.01273907299946186,0.00041381295868770333,0.14379079598605168,0.6272068547243579
0.198953018714316,0.4693877455226991,0.00027051077369863203,0.005373635316228614,0.03443225546969065,0.0019645619095872355,0.49673210511637284,0.2346835458073243
0.10379879868199668,0.5306122340691382,0.0019457924103640845,0.0010595073035304106,0.006863477111973365,0.00034823549826922223,0.650326837898942,0.34164086316003495
0.0821873098926647,0.7959183511037071,0.0014573594715680952,0.0034875041232193004,0.007380391706180565,0.0004285453495464687,0.13834425677560985,0.6002076664183593
0.29631436449267823,0.4693877455226991,0.010580100798255701,0.0019920949959288197,0.002211245764108574,5.61622803869488e-06,0.5838779791163579,0.2907576251500857
0.24472268633305075,0.5918367226155771,0.0015239964834048842,0.0013740187276040383,0.005944517833382789,0.00021102381683944723,0.5577340091442097,0.20664571388299294
0.15109648032477394,0.20408162848813005,0.012423404116041288,0.007411220422609931,0.006633737292325721,0.0002066711200183668,0.6187363287163519,0.3644862692456529
0.2961658082764264,0.22448979133694305,0.014893912201567596,0.003350646940728271,0.0427890414093737,0.0003138132025628189,0.06644885878258402,0.716511191830164
0.13046123255600148,0.36734693127863405,0.006137236838299344,0.000467901045620705,0.02202630520871787,0.0004582610928241397,0.27886721234425754,0.5264798145757428
0.26002404407121027,0.3469387684298211,0.017432106153758165,0.005072475340037888,0.006346562517766166,0.00027432974945161787,0.44444416517207647,0.457943596318889
0.16436048603087677,0.12244897709287803,0.008488246670593029,0.004597975069198009,0.011257251162734558,0.0005405321373117372,0.15032689236516505,0.6199379339019295
0.2419354694764532,0.8775510024989592,0.013907731659580648,0.005365601013713061,0.0024122681063002624,9.844779492646717e-06,0.11655768438953726,0.6199379339019295
0.17737689804322654,0.9999999795918372,0.0035979193611528565,0.00163847771552889,0.006490149905045943,3.501356659903301e-05,0.5446622319302883,0.19833814944223177
0.430751229903181,0.020408162848813003,0.019360981438742722,0.001611527893507636,0.02903336970797101,0.00026377825790155145,0.1492373351964935,0.6666665974385475
0.1800084749402905,0.8571428396501461,0.0004922845282121043,0.0022852230904496346,0.008554936534129145,0.00029008723787056105,0.15032689236516505,0.626168211106025
0.2597339816498775,0.4489795826738861,0.010207590629100007,0.0007505105658284922,0.06719889724693588,0.00043882457057305396,0.535947436758137,0.23987517939308706
0.29557158341141915,0.4489795826738861,0.009060685240405241,9.685319243166994e-05,0.05660214806568829,0.0004475452974458243,0.5185182619581401,0.21910706054413473
0.06393604532720318,0.6734693740108292,0.00708588991024401,0.0012939274703952458,0.009129286083248252,0.00048600480587132947,0.13507600081390048,0.616822003046931
0.3520797841939203,0.6326530483132031,0.013737424725227149,0.0019009012564382307,0.011630578369661979,6.505286410005606e-06,0.1851852419651591,0.45482845771684116
0.2141765564727087,0.16326530279050402,0.018465526839332124,0.013939326038523615,0.019499167192593786,0.0001747832651438767,0.2418301639512257,0.570093339510313
0.1606677812562602,0.3877550941274471,0.0038000809196042894,0.0027083113782283797,0.11070587559270846,0.00025651034502175286,0.10566460596865364,0.6500522608099758
0.1245684689125683,0.4489795826738861,0.4025071567442087,0.5806957051120711,0.008075354660614688,0.00011088669572004144,0.8169933478954324,0.29595005098879906
0.09321588861170843,0.6530612111620161,0.002536083392327473,0.001970427943266804,0.020274539083904586,0.00014043759716137193,0.2864924503477371,0.5264798145757428
0.0966822171903064,0.6326530483132031,0.0034311660303075336,0.0005551822143852378,0.013123887197371665,0.0005723035518635528,0.055773359359990435,0.7310490334750208
0.35095498695710897,0.08163265139525201,0.0038785644341447468,0.002085713454414099,0.046895640685575335,0.0006832172632756208,0.09803895242086867,0.6355136269121684
0.11794000793115778,0.6530612111620161,0.003509627664763841,0.0010934281926613984,0.02061914881337605,0.0011080167122699952,0.1394333983999761,0.6012463100366922
0.1544991395441132,0.0,0.009885408473819754,0.005148296225534787,0.03506403997372167,0.0004143633217507994,0.6339868047233111,0.2928349123867513
0.13754951280667557,0.2653061170345691,0.007551956193495616,0.0008193594158773998,0.015880765033143392,0.0003284702722887652,0.8376903631128334,0.1713397533891839
0.3389077322220369,0.24489795418575605,0.015138576691736266,0.0019078297166646714,0.049078168972227956,0.0007034599906519162,0.11982552480694127,0.6490136171916431
0.08365873830073028,0.6530612111620161,0.002060665977873984,0.0032227265520080057,0.07411980931382116,0.00101640546302134,0.14379079598605168,0.6033228050204071
0.3149900802091608,0.3061224427321951,0.014763527738213413,0.002777387787767604,0.03138533111161377,3.52243504834782e-05,0.5185182619581401,0.3343719423376066
0.16706988290770752,0.14285713994169102,0.007230687097599941,0.003948796260238264,0.035092757451177625,0.0002710338734535429,0.09041371441738906,0.6998960629486416
0.26042724399238604,0.4489795826738861,0.006550963181842545,0.003730329466151991,0.024975590143444505,0.0005220051177394415,0.2080609559755979,0.6188992902835967
0.2171193964227844,0.6938775368596422,0.004122108177780882,0.0016821279832937228,0.010826489000895225,0.0008736807550335769,0.12418292239301687,0.6157841516815489
0.33733726633647015,0.3061224427321951,0.015645027706177705,0.004649863474681422,0.0445982424890989,5.593554840550366e-06,0.1525051756138975,0.5732084781123609
0.17942840069579133,0.6326530483132031,0.0035534263836868064,0.0011426536679389823,0.019642754579873564,0.0007972824531569026,0.1448799376104179,0.6334371319284534
0.14755941550969096,0.6530612111620161,0.005662959272039155,0.002656510123188066,0.008213198552403274,3.722305054364119e-05,0.5348582951337709,0.20560707026466013
0.12865023985390797,0.2653061170345691,0.009672754546761446,0.004515419391126004,0.0029004652230515057,0.00030144343580901066,0.8224398871058742,0.17445489199123168
0.4941637866018619,0.7346938625572681,0.013962345044223038,0.0014865270446312172,0.00852621905667319,0.00042801979249930877,0.09368197037909844,0.6417446963692146
0.20680529754398363,0.12244897709287803,0.0048057170240350024,0.004946993227047907,0.06701510539121776,0.0007664440214941589,0.09586066917213625,0.651090112175358
0.04800509460579387,0.5102040712203251,0.003162000708132619,0.007840044177882905,0.026965711331142218,0.0010215517025629036,0.12854031997909246,0.6074765872407877
0.26663833756605726,0.4897959083715121,0.0041170122019916445,0.00192233493958039,0.06883579346192534,0.002321474556073811,0.49673210511637284,0.23572139717270646
0.2979697003691827,0.16326530279050402,0.009495043114089498,0.0021370595904737803,0.07613003273573804,5.851856368225536e-05,0.30174292635469635,0.6500522608099758
0.17467458490967755,0.8571428396501461,0.002979676050734409,0.0022926134480245053,0.002469703061212173,0.0003895600534989072,0.1394333983999761,0.5960538841979788
0.018060273353740868,0.4897959083715121,0.002280843180850407,0.004679470416878966,0.023984837171214038,0.0005859584662315117,0.13180816039649648,0.6988574193303089
0.2634196195472678,0.6326530483132031,0.007181863252684029,0.0008704005253862312,0.05151915455598417,0.0008233491181243863,0.08736382698814989,0.7144339045934984
0.18693404835420468,0.4285714198250731,0.007549855010811441,0.002319208858243819,0.021739130434158316,0.0008210038063512327,0.042265634615308766,0.7310490334750208
0.05466892370544692,0.7346938625572681,0.0021807949332147817,0.0034057361883190916,0.009818505542191188,0.00015461501345911355,0.8725487127128274,0.16749732657841795
0.023365870576365366,0.8367346768013332,0.003165495964749732,0.010727231840573795,0.015472976853268827,0.0005433482061650099,0.28431375155469935,0.5285563095594578
0.23158601934546533,0.4285714198250731,0.005391924418229709,0.0019744291169433454,0.05625753833621683,0.0005197577042243782,0.11546854276517104,0.6033228050204071
0.18306450298837554,0.6734693740108292,0.0020161573717763994,0.0013348780111004956,0.006490149905045943,0.001990457776200222,0.1623091124104149,0.5898236069938833
0.15678408526992293,0.6530612111620161,0.002017160035315112,0.0022659425074211706,0.026592384124214795,0.0027576135055412225,0.5424835331372505,0.1713397533891839
0.3130729831523398,0.6530612111620161,0.00847804985677363,0.0014860036578034897,0.003761989546730171,0.0002128121749503831,0.12091508197561285,0.6438211913529296
0.17173172809354642,0.32653060558100805,0.01144057504726133,0.0029147659362407192,0.02061914881337605,0.0003220372326796268,0.4270149903720794,0.4807890024045069
0.25227856110454294,0.06122448854643901,0.0034878972681744004,0.0030620695518446548,0.20296077191996553,0.0018057123112977139,0.1525051756138975,0.5950152405796459
0.1477291892236772,0.5714285597667641,0.0016802459846468726,0.00023310806852705365,0.06432714950134033,0.001421649874267887,0.14052295556864766,0.6230530725039773
0.05559563755422808,0.7755101882548942,0.0034272932554131144,0.0015853827605776711,0.015737177645863614,0.000892706066171535,0.1274507628104209,0.606437943622455
0.03215902230834997,0.4081632569762601,0.0007687966964202465,0.0034430525555470765,0.013583366836666952,0.0009515247615105847,0.13616555798257207,0.6012463100366922
0.2241935260529504,0.2653061170345691,0.07326756295646708,0.08630332626787826,0.01898799609387778,0.0002812244000033187,0.14814819357212727,0.7393558056628313
0.08035511655889223,0.24489795418575605,0.013602070357044777,0.018363203572555758,0.012090058008957266,9.989676600449919e-05,0.22657927239996112,0.788161756436115
0.2069467868830091,0.5306122340691382,0.005183145349883357,0.002080557053197356,0.014846935844728995,0.0006956290907334445,0.529411755923329,0.20768435750132577
0.32298384837785393,0.5102040712203251,0.010467671896020828,0.002261202007485665,0.0031589225201551054,0.00037363278509792595,0.11328984397213325,0.651090112175358
0.07792868992708474,0.3469387684298211,0.0017509033751203565,0.0009787866264547858,0.01613922233024699,0.0001236468065588546,0.838779920281505,0.1879540900177556
0.27566494923734225,0.4285714198250731,0.011423612772501812,0.002167049026282707,0.007610131525828208,0.0004528629309937008,0.535947436758137,0.20041543667889739
0.32794988973947825,0.2653061170345691,0.0035355819595028577,0.0032467800743035736,0.002957900177963417,0.0006450079478272679,0.09694981079650246,0.639667409132549
0.22567203820429774,0.3469387684298211,0.0008032039970022587,0.0006163473003675057,0.08560680029620335,0.0005660584884386923,0.11655768438953726,0.6272068547243579
0.344913667097424,0.7959183511037071,0.012166709052619759,0.0005077239564260682,0.004419619780471552,0.00020378228557070994,0.5272330571302912,0.17549274335661383
0.09521787252552259,0.2653061170345691,0.042050010502318,0.051493250849324934,0.005114582734905676,8.293356302321006e-05,0.772331061498921,0.3073727540316081
0.24899546535216655,0.4693877455226991,0.0007765693358370774,0.007440594963625875,0.006834759634517409,0.0006885081501355165,0.15141603398953127,0.5856698247735026
0.22987404725481764,0.5510203969179511,0.005270866774872799,0.0015344578516596394,0.009591637470289138,0.0005233075584708209,0.14705863640345568,0.626168211106025
0.5160228690849469,0.6734693740108292,0.01706191944115737,0.00023368907148105285,0.01257825512570851,0.00014145635391189914,0.5544661687268057,0.20145328804427953
0.22577107568179897,0.12244897709287803,0.005622862107669566,0.0037938088805676887,0.07626787662752663,2.16398383172156e-05,0.1677560671651621,0.5867084683918354
0.29476511610484585,0.5306122340691382,0.011855980600437256,0.0008582914554866308,0.007466544138548431,0.00030201718300951506,0.15577343157560689,0.5690546958919802
0.024221848188661507,0.7346938625572681,0.0012835218556993353,0.004836050712981756,0.11168226982621095,0.001562632588913462,0.4324619451268266,0.45275196273312623
0.1767119200756788,0.6734693740108292,0.0050850774235147,0.0031082573500110797,0.049767388431170886,0.001368099238873991,0.12962946160345867,0.6240917161223101
0.1909804680433573,0.6530612111620161,0.0006522974039277648,0.002054465178871508,0.019039687553298497,0.0009548137202617681,0.14705863640345568,0.6116303694611683
0.10669920363660354,0.4897959083715121,0.0026239454750007327,0.00137030999208101,0.010998793865630957,0.0017275508992612586,0.16448781120345268,0.5887849633755504
0.20762589860500952,0.36734693127863405,0.002152333458674599,0.000942770253336374,0.025403480557538237,3.52243504834782e-05,0.6100215335442007,0.137071644260757
0.1281055337276513,0.6122448854643902,0.0006301290583524157,0.005839631640498459,0.016592958474051088,0.0007388032793527796,0.5620914067302852,0.18483895141570783
0.3198075653545333,0.5510203969179511,0.0014223374448123658,0.00292418012077202,0.056085233471481095,0.000990346272523414,0.11437898559649946,0.60436144863874
0.2966397781661981,0.6938775368596422,0.006690523388422496,0.0009845685741853346,0.004152547240131166,6.416303714575739e-05,0.11220028680346167,0.6230530725039773
0.319107219268743,0.2653061170345691,0.0010786985676459991,0.00020509888445300792,0.04336051921074722,0.0007362297945050784,0.10784288921738608,0.6500522608099758
0.3368845139444329,0.7346938625572681,0.007847087271406006,0.0007705164342111986,0.027942105564644704,6.485187964870725e-05,0.5664488043163609,0.1619935453300899
0.23151524937686943,0.2653061170345691,0.0019366479244013878,0.004105608473353525,0.012779277467900198,0.0003716014202607751,0.0,0.7175490431955461
0.18417514960467876,0.36734693127863405,0.002631341290746104,0.0012869263847995552,0.06685428751746442,0.0004693711904898478,0.15359473278256908,0.5430941512043145
0.02183785655232286,0.4897959083715121,0.002607290910630996,0.0014492586101469372,0.024237550972826444,0.0014523244056084503,0.4041392763616406,0.4839041410065547
0.24794140435184026,0.4081632569762601,0.003953040072953737,0.0022403338338853984,0.014387456205433706,0.000802600086704779,0.13507600081390048,0.6874347162874999
0.24443262391171802,0.8367346768013332,0.008391804121904033,0.0037004562309338645,0.011975188099133444,0.00020326925642625358,0.11873638318257505,0.6209757852673117
0.2488539591470856,0.4489795826738861,0.0028022483645505558,0.0012358368583778904,0.015880765033143392,0.00031485576617139787,0.5370369939268087,0.20768435750132577
0.25838989196032935,0.4285714198250731,0.009947540619442257,0.00554048774455811,0.004192751708569503,0.00025176315376753257,0.6285402655128693,0.1536859808893287
0.250580064992186,0.4081632569762601,0.007691485142812497,0.003253890582122267,0.020676583768287963,0.0003646810990372767,0.13507600081390048,0.7040498451690222
0.10488822780056548,0.8163265139525202,0.0018251164529195564,0.0008841702953960128,0.028573890068675726,0.0005607080748263798,0.6437907415198285,0.24091382301141986
0.05513581828496453,0.4489795826738861,0.0033418668081388833,0.0009088822877061129,0.022457067370557204,0.0005754936131987619,0.4302832463337888,0.44444439829236504
0.14667514508940635,0.32653060558100805,0.004547719921955129,0.0005924002952801712,0.03357934638924877,0.0008660788928455143,0.3877996587303152,0.4600208835555546
0.32574984773671706,0.7551020254060812,0.014835426389333713,0.0020780926323341426,0.00804089368766754,5.372568016940151e-05,0.14270165436168547,0.6697817360405953
0.4943901627978805,0.28571427988338205,0.013023588716372294,0.002838338386826021,0.0028430302681395946,0.0007555867107731874,0.49455340632333505,0.20976085248504073
0.1270939414549047,0.9999999795918372,0.006835149008134461,0.0039897763352603425,0.009821377289936782,0.0003980892494910806,0.5468409307233261,0.17445489199123168
0.11714062436786629,0.6938775368596422,0.003959135586555382,0.0037444091044039054,0.008385503417139006,0.00017542910542865079,0.5566448675198434,0.19003137725442124
0.09450339268527966,0.9387754910453981,0.0041923804093127555,0.0033414835558054465,0.015481592096505611,0.0005823980247544097,0.5413943915128843,0.20249193166261234
0.20636671263850992,0.9999999795918372,0.0032473934670233192,0.00046514128158920873,0.015651025213495748,0.0006413631351526637,0.5424835331372505,0.17549274335661383
0.14470852929383468,0.5714285597667641,0.004271479691935699,0.0028531878539919836,0.02219573832570801,0.00041883438035202405,0.5392156927198465,0.20249193166261234
0.15783106252696746,0.4081632569762601,0.008663151895647104,0.0035170626485040105,0.010051117109584427,0.0001283289564777196,0.6405229011024245,0.2886811301663707
0.5157540916255703,0.9999999795918372,0.023718789176340772,0.0079433368197214,0.006559071850940237,0.00010421854657488932,0.05827875908590756,0.7175490431955461
0.3231536220918402,0.6530612111620161,0.016690562317706048,0.0035146224360972137,0.008500373326962829,0.0002816985388485849,0.5163395631651023,0.18691544639942279
0.20508629230822045,0.5510203969179511,0.0035429690926751536,0.0009806313108337331,0.0302682212385771,0.0005978336114034249,0.49455340632333505,0.22429869412989747
0.3846915504612798,0.4285714198250731,0.008390119702727463,0.0007416357457061541,0.012980299810091887,0.0002556748184555528,0.11873638318257505,0.5939773892142638
0.0905065086009331,0.9999999795918372,0.0024792517839158585,0.0026475646143729915,0.030440526103312833,2.2432055232044674e-05,0.14052295556864766,0.6012463100366922
0.14907327891322536,0.6938775368596422,0.0018836126842411295,0.002152150658034782,0.055080121760522655,0.0014521153510357282,0.12962946160345867,0.62824470608974
0.3574844104610183,0.32653060558100805,0.018424763895259138,0.004008650216221007,0.0024122681063002624,0.0002671819276636864,0.4368189271685968,0.24818274383384825
0.15109648032477394,0.9591836538942112,0.005101420457162502,0.003612152012801164,0.014416173682889662,0.0003934099625438457,0.13180816039649648,0.6292833497080729
0.15243348627104036,0.5306122340691382,0.006884096145588039,0.0027038086053348858,0.0014933088277096862,0.0005685048688747613,0.003267840417404012,0.7372793106791163
0.06653932941627867,0.5306122340691382,0.0005956488241565726,0.0017674085652199848,0.02725288610570177,0.0003385500460299775,0.7309366155198136,0.2658357240807528
0.12014713367720069,0.24489795418575605,0.005313769452254413,0.0012325057747749617,0.03407041525374561,0.0003512830451038907,0.6514159795233081,0.33644843732132157
0.3300155430125511,0.2653061170345691,0.016483236364789544,5.524369754275915e-06,0.01590948251059935,0.0004316216029557371,0.14596949477908946,0.6666665974385475
0.1668859585732132,0.4897959083715121,0.0018607518166373106,0.003271157989915124,0.010367009361599936,0.000585804153982106,0.07189539799302584,0.6728968746426431
0.17353917723739348,0.2653061170345691,0.003248399256288338,0.002845079473599796,0.023301361207762297,0.000449824146005095,0.2037035583895223,0.37798546727217686
0.1646858997043966,0.4897959083715121,0.005298283214917663,0.00035654698779547124,0.0035035322496265713,0.0007524069100208675,0.03943353395651232,0.720664181797594
0.06794000472180378,0.3877550941274471,0.002730015608018326,0.0020588057551070103,0.008529090804418785,0.0002047386910263397,0.761437567533732,0.2596054468766572
0.24062676477120298,0.9999999795918372,0.0016720343543353646,0.001951879423960379,0.006777324679605499,0.00035407109910725275,0.49891038836510526,0.22326084276451533
0.5178126274232505,0.4693877455226991,0.02395555947106956,0.0015364565018213968,0.0018666360346371077,0.00028362556854512154,0.09803895242086867,0.639667409132549
0.28626199306208316,0.6938775368596422,0.001148235558889872,0.0024654148624338244,0.005703291022752763,0.00042989190694135644,0.12200422359997908,0.6188992902835967
0.09633558601905214,0.4285714198250731,0.0035763688674775316,0.0011473694752489427,0.027224168628245816,0.00030701566247164547,0.49455340632333505,0.23260625857065867
0.15215760820232657,0.7346938625572681,0.0017027654534773787,0.0014756216191846518,0.01743150881576499,0.0013439795675461558,0.14596949477908946,0.6074765872407877
0.0644383080249633,0.8367346768013332,0.0021338225601814052,0.006029320389934893,0.031109643328036597,0.0009404927134473028,0.1448799376104179,0.7061263401527372
0.036141764205216156,0.3469387684298211,0.020478869320917574,0.031884836904066766,0.03148584228270961,0.005551282776213137,0.6688451543233052,0.14434056508318535
0.1114671700432254,0.3877550941274471,0.006491084684887415,0.0024200080290714,0.019898340129231567,0.0009540484037515172,0.47058813514422465,0.3582551997886067
0.18671475590146783,0.6938775368596422,0.0044309955771685405,0.0015713854310775732,0.0012635690080620421,0.0007670346775203982,0.5370369939268087,0.17030110977085108
0.09925720847139342,0.2653061170345691,0.0051951932882823675,0.002520850775120532,0.02208374016362978,0.0007193638749154891,0.572984485151169,0.29179626876841847
0.1604272713057889,0.4489795826738861,0.004965179771920623,0.00322440661888332,0.016130607087010206,0.0007887657850674328,0.5413943915128843,0.2762197835052289
0.4926287057005931,0.5918367226155771,0.01843416538538486,0.0017936868446602413,0.01984377692206525,2.816645290513681e-05,0.49019600873725944,0.21495327832375413
0.07446236134848677,0.6734693740108292,0.021083961658853553,0.02998946970076538,0.010550801217318051,0.0005653390947619715,0.5424835331372505,0.19833814944223177
0.15463354513985694,0.6122448854643902,0.016436600528288558,0.010338056695219984,0.025644707368168262,0.0011221461497747142,0.13616555798257207,0.6926271421262132
0.2559422562638151,0.7142856997084551,0.001452900102036723,0.0016044963052568605,0.007753718913107986,0.0007022646519599076,0.11328984397213325,0.6054000922570728
0.05014148411535176,0.6734693740108292,0.0023904453845949515,0.0020225487499318175,0.027499856411822992,0.0012051254434857072,0.12657944951092792,0.7227414690342596
0.13214486967352215,0.5714285597667641,0.0006663770644263494,0.004039437562753425,0.023031416919676313,0.0008134432554987723,0.1394333983999761,0.662512815218167
0.21653223843500344,0.6938775368596422,0.0062302219863898355,0.0024631586342957943,0.01704382287010959,0.0004889798561156595,0.49891038836510526,0.22222219914618252
0.15551781556014155,0.10204081424406503,0.004889365280343452,0.0036164625705507104,0.0582103268032218,0.0001359951874910231,0.758169727116328,0.23987517939308706
0.036141764205216156,0.4693877455226991,0.00365027666600741,0.001013351460526456,0.005887082878470878,0.00011606179555280264,0.6928104255024156,0.09345811932618674
0.15427984709137635,0.2653061170345691,0.0015250442963235876,0.0016848456246110542,0.02722991212373701,0.00046738701664815707,0.009803936796517403,0.7133952609751656
0.30408175646535274,0.7551020254060812,0.01059960185738238,0.004529881522989301,0.011601860892206023,0.0005124658115553554,0.11546854276517104,0.5939773892142638
0.14667514508940635,0.5306122340691382,0.004874292333485076,0.004286179833934328,0.0018953535120930633,0.0009727643602368255,0.24727670316166753,0.376946823653844
0.12583473862234967,0.3061224427321951,0.004169232669494535,0.0076499632514525195,0.020475561426096273,0.0006614799878501078,0.004357397586075594,0.7445482315015447
0.20667797569152166,0.4897959083715121,0.012814811037237634,0.0020387296822006956,0.004135316753657592,0.0006112965145264192,0.5348582951337709,0.31879545707441703
0.06631295322026007,0.24489795418575605,0.011420823930030091,0.014430844854224389,0.006719889724693588,0.00035924443119914165,0.10675374759301985,0.7362406670607835
0.10280135702975819,0.4489795826738861,0.0074183452859867246,0.008798389183739486,0.01564240997025896,0.0012257799391977968,0.11764682601390347,0.6458984785895953
0.2746957919600645,0.20408162848813005,0.00855328956201323,0.000656823839496118,0.08626730227769033,0.0005260794914460108,0.5904136599511659,0.1879540900177556
0.2631012896170297,0.7959183511037071,0.004873441441323716,0.003564501539698047,0.0073229567512686534,0.00038814061522218714,0.13834425677560985,0.5887849633755504
0.16951753547027715,0.12244897709287803,0.0029586041404869833,0.003239348078183667,0.026477514214390974,0.00039964488067326527,0.14052295556864766,0.7123574096097834
0.7975805482336115,0.4081632569762601,0.02658459050277184,0.0015946090874871786,0.0855780828187474,0.00023953695831587337,0.49999994553377686,0.20353057528094518
0.2483658555028613,0.6122448854643902,0.010398971904821395,0.001003087075005803,0.005800930446103012,0.0005141201480077677,0.12636162118605465,0.6915884985078804
0.12035935925271121,0.2653061170345691,0.002505401610200526,0.001599041171687936,0.007638849003284163,0.0001998317690126489,0.5435726747616166,0.33540979370298873
0.32794988973947825,0.2653061170345691,0.015146429210825388,0.0020780926323341426,0.012434667738428733,0.0008463224671402692,0.49019600873725944,0.2346835458073243
0.17339416457938808,0.4081632569762601,8.563795475434104e-05,0.005939981986544075,0.0057434954911911,0.001037566474137063,0.17756000396167948,0.5379025176185518
0.15286502116534317,0.4489795826738861,0.002182707183108842,0.0029258093498888598,0.013841824133770553,0.00035790700072723574,0.12091508197561285,0.6469363299549774
0.30163408703672767,0.5306122340691382,0.008490405852865347,0.005928554142608039,0.008529090804418785,0.0009648920913390275,0.13071901877213027,0.5815160425531221
0.31644734113066286,0.2326530564764683,0.010110199943431208,0.0044696799335724145,0.029986789959508743,0.0005113288083121321,0.05337666602435725,0.8618896082787315
0.27912421093871387,0.5306122340691382,0.0033182536824038376,0.002174845601756248,0.006582045832905001,3.247743488454624e-05,0.09477111200346465,0.6427825477345968
0.17099603075556905,0.24489795418575605,0.0031875635924774096,0.0016780115773646382,0.01613922233024699,7.843658396071682e-05,0.29738552876862073,0.3561787048048917
0.2399617699375998,0.8571428396501461,0.008270751688090968,0.0034335822073968893,0.014990523232008772,0.0008169280107661359,0.5381261355511748,0.1713397533891839
0.08495330925152784,0.4693877455226991,0.043492769359003,0.04226424164284636,0.003529377979336932,0.00021645883222415823,0.7352940131058892,0.3727930414334634
0.16701328042567515,0.8367346768013332,0.009053985767020493,0.0077366740689838774,0.002469703061212173,0.0002789744885935444,0.5424835331372505,0.20249193166261234
0.3154852675966669,0.10204081424406503,0.023450587967080116,0.007984675179898445,0.24409855837562178,0.00022004530944997697,0.09912850958954025,0.7092422710077356
0.33208119628562394,0.4081632569762601,0.017159796350918372,0.002839487320167554,0.01840790304926748,0.0007501579401252534,0.09368197037909844,0.6645901024548326
0.14446801934336342,0.5714285597667641,0.006531910143486542,0.0010909879802546017,0.011265866405971343,0.00015472363344988554,0.8823526495093449,0.25233652605422885
0.33956560958024745,0.3877550941274471,0.01696354241518724,0.002096870647807398,0.0229739819647644,0.0006091675396497987,0.5642701055233231,0.21599192194208697
0.18882284417000955,0.24489795418575605,0.0033423092720627906,0.0019499572725208982,0.045945092181783206,0.0003481553350635791,0.12309378076865066,0.6458984785895953
0.2438454827899925,0.0,0.018993739854929,0.007132043661522023,0.08552064786383548,0.000411178256205012,0.11655768438953726,0.7923155386564955
0.03894312324929409,0.3877550941274471,0.003090671633806045,0.002970789146080094,0.021021193497759428,0.0010304686102433481,0.28540289317906553,0.5316714481615056
0.19102290303882613,0.5918367226155771,0.004723912251641857,0.005204832654650194,0.018120728274707922,2.2715278063104113e-05,0.12091508197561285,0.6012463100366922
0.026414823314196336,0.6530612111620161,0.0021744691577751853,0.00213474526204035,0.03417379817258705,0.0014611658000103288,0.4335510867511928,0.44859818051274564
0.09488539197477643,0.8979591653477722,0.004802685416820099,0.00848954253846735,0.0010051117109584427,0.00025103957131352746,0.13398685918953426,0.5991690228000266
0.3417373840741033,0.36734693127863405,0.013039672314736612,0.00257023747871785,0.036557348801431355,0.0006870488224017219,0.16448781120345268,0.5638630623062175
0.217649951928533,0.9387754910453981,0.00399963284389227,0.0022394158492180793,0.011716730802029845,0.0011993276377161093,0.13071901877213027,0.6116303694611683
0.2570670535006265,0.6326530483132031,0.0010515116948332413,0.0028433800399593487,0.011917753144221534,0.0011552799545309692,0.09041371441738906,0.6469363299549774
0.3213992487378345,0.2653061170345691,0.017953935741630227,0.0014756216191846518,0.013497214404299088,0.0005328956696746419,0.5958606147059131,0.21495327832375413
0.10827673639939665,0.7142856997084551,0.006731831598084599,0.0019249112035122486,0.005197863419527946,6.782725654080722e-05,0.8355116643197956,0.0010386436183328174
0.2436332740805374,0.3469387684298211,0.00591355291770935,0.0021091307784750378,0.04232956177007841,0.000351467927741642,0.49346384915466346,0.22222219914618252
0.19846489820403623,0.7551020254060812,0.004507530027705099,0.002628612298013537,0.009275745218273627,0.0005948893813369115,0.1448799376104179,0.6240917161223101
0.1317699372612517,0.5510203969179511,0.0022971744061988267,0.0034543046460895283,0.036873241053446866,0.0007685199641446108,0.11764682601390347,0.6178606466652639
0.2779357612086993,0.8367346768013332,0.0017699772516517394,0.0018405786247392617,0.004566078915496925,0.00023330513373298026,0.13507600081390048,0.5846311811551698
0.13871674503895573,0.5918367226155771,0.0012551909670582022,0.0025336183150346647,0.01815518924765507,0.0005204842072937375,0.4161219119511958,0.4839041410065547
0.2934493276563139,0.040816325697626006,0.013684784021187424,0.007631028365181686,0.0417552122209593,0.000620895923900163,0.04030488881043583,0.7144339045934984
0.12685341463837801,0.5306122340691382,0.0033822300065474917,0.002548351581609828,0.00313020504269915,0.0005156016685753394,0.49455340632333505,0.2253373377482303
0.12537491935308612,0.9183673281965852,0.0040080368800231225,0.003820700118124414,0.0073229567512686534,0.0004998091327721456,0.5403048343442127,0.17653138697494664
0.20036076089706742,0.8979591653477722,0.0037268399426865786,0.0030559351289886796,0.01659870196954228,0.0005469744383458802,0.14052295556864766,0.5919001019775981
0.3804612064376328,0.22448979133694305,0.01856842227633054,0.000983710626489929,0.020274539083904586,0.0008836456256180908,0.15795213036864467,0.5430941512043145
0.20812816973579737,0.4489795826738861,0.006836784457598888,0.0015640681830410813,0.019390040778261154,0.00030041949112331477,0.46732029472682063,0.28348870432765727
0.09535227812126632,0.32653060558100805,0.0056948722430281516,0.0061219133782063635,0.011084946297998824,0.0008768270839967715,0.23856190798951632,0.38213924949255745
0.23805175662406053,0.6122448854643902,0.0089587691976497,0.0046189976927502145,0.02449313652218445,0.000503038526341763,0.2418301639512257,0.6666665974385475
0.20315504463089132,0.2653061170345691,0.005269149361918544,0.004072724190326298,0.016656136924454192,0.0004395639858366109,0.5043573431198525,0.21079949610337353
0.17872805461000105,0.6734693740108292,0.003398730715722338,0.001200274635901855,0.0062029751304863885,0.00024572866286679554,0.04498898732939076,0.720664181797594
0.15592104921342817,0.8163265139525202,0.005303850480773417,0.0013516326837864484,0.007811153868019897,0.00029113616150336526,0.1274507628104209,0.6012463100366922
0.3633205716224191,0.3877550941274471,0.0019837352547022783,0.0029132282150891348,0.015605077249566219,0.0005202674668911357,0.11764682601390347,0.6251295674876922
0.5374433666625582,0.3061224427321951,0.006895425166936431,0.002916909352971848,0.012922864855179976,0.00045492309847832503,0.08278847641390946,0.6583590329977863
0.08149404755015621,0.9999999795918372,0.0017573142397760886,0.000621595693718632,0.014215151340697974,0.0006159542042916927,0.5446622319302883,0.17237760475456604
0.3679965842948215,0.2653061170345691,0.010055847035981074,0.004645901518704277,0.007380391706180565,0.0013346497386554355,0.5239652167128872,0.21079949610337353
0.08264712916192828,0.6530612111620161,0.004058154428327224,0.0002389471482147458,0.009812762046699995,0.00010126484372304953,0.4368189271685968,0.4454830419106979
0.21078804787387753,0.6938775368596422,0.003081990449942636,0.0011009086056941383,0.011343403595102424,0.00033880348627025387,0.532679596340733,0.17549274335661383
0.13636104621060555,0.6326530483132031,0.005002323124930061,2.2489656011053135e-05,0.010453161793967804,0.0005246059257123643,0.6296294071372355,0.2461054565971826
0.20667797569152166,0.2653061170345691,0.0033912324456146807,0.0030779294799814483,0.019901211876977163,0.0003416118885082218,0.6448798831441948,0.2866046351826557
0.694871195536239,0.5510203969179511,0.02457674200612539,0.002242976428987838,0.037016828440726644,0.0001459790805044887,0.5054464847442186,0.1879540900177556
0.1538058772016047,0.3469387684298211,0.005600510386150871,0.002553503141135288,0.003187639997611061,0.00047870891657076953,0.4204793095372714,0.22949111996861088
0.15752686635118204,0.5714285597667641,0.0015959913374348565,0.0012966291341313422,0.050686347709761465,0.0016484587140118206,0.12309378076865066,0.6147455080632162
0.30456986010957704,0.024489795418575606,0.019573093225938223,0.011826315128654119,0.1850841422036332,0.0003659242820202852,0.12200422359997908,0.6832817263200699
0.20680529754398363,0.5102040712203251,0.007192553236654095,0.008537121838708603,0.0020102234219168853,0.00016718755161971758,0.6034858527093927,0.14849434730356595
0.06488397667371877,0.5510203969179511,0.009788871806038624,0.010143841932771895,0.03231577738118673,0.002431907634114365,0.13507600081390048,0.6085152308591205
0.18883699479051763,0.36734693127863405,0.0020543263103174683,0.0014235492294324718,0.053385790590621277,0.000295383793029993,0.13834425677560985,0.5846311811551698
0.378466289401045,0.020408162848813003,0.015325307581318628,0.0025802244353279684,0.0884785480417989,0.0005453346088973657,0.12527206401738308,0.6645901024548326
0.6173386808182423,0.6938775368596422,0.023480303205172342,0.004171039573525532,0.007067371201910648,0.0009622929934632529,0.47603467435466645,0.22014491190951688
0.47434913989411537,0.2653061170345691,0.024626086805425808,0.001980797393488305,0.013813106656314597,0.0005007400789162997,0.5620914067302852,0.22429869412989747
0.25414541418222975,0.4897959083715121,0.0073882862180007225,0.0047136116029633445,0.01717305151866139,0.001004079505497845,0.1525051756138975,0.5098646856942204
0.14949064632096465,0.6938775368596422,0.003400517589261194,0.00387737647211791,0.03334099132636434,0.001368906251011338,0.12962946160345867,0.6126690130795012
0.07892614001235093,0.9387754910453981,0.0015329568988183889,0.0034008620577041667,0.014387456205433706,0.0005569544692298313,0.5544661687268057,0.18899273363608843
0.05430815034671228,0.32653060558100805,0.0016652372888292521,0.003748654299321126,0.016713571879366097,0.00011045459836421618,0.04684098518954922,0.6988574193303089
0.4395655991329,0.4693877455226991,0.019688679111743202,0.0016407271652991236,0.01634024467243868,0.0004956927944344345,0.13289771756516805,0.6355136269121684
0.06197651327491329,0.6326530483132031,0.00219317906084326,0.0044696799335724145,0.026908276376230306,0.0010968511229125571,0.09705872495893907,0.7258566076363073
0.3698146438741413,0.36734693127863405,0.02221378668979498,0.003032433559499411,0.026219056917287376,0.00029905871494315,0.5620914067302852,0.21495327832375413
0.20319041274913383,0.6326530483132031,0.002530400474598358,0.0003494684351392474,0.019068405030754455,0.0006056752906983026,0.5185182619581401,0.21391463470542132
0.12703027209564602,0.9591836538942112,0.0013962827795286014,0.003637252792921316,0.026075469530007597,0.0005429765962903363,0.44444416517207647,0.2803735657256095
0.30874360165119163,0.4285714198250731,0.009620096477575571,0.002147619319162716,0.017402791338309034,0.00018402201695052515,0.42374714995467544,0.2554516646562766
0.3511742794098458,0.6326530483132031,0.01743493667258065,0.00284450331233708,0.0030727700877872387,0.00018336910570226195,0.11111114517909546,0.626168211106025
0.11867570526913512,0.6122448854643902,0.002504453473220725,0.0031217976238540313,0.01887025443630836,0.00018658159044614438,0.4183006107442336,0.502595764871792
0.3476796664562871,0.20408162848813005,0.012471811197449594,0.003526989568142216,0.008758830624066427,0.0008207905245720767,0.03997814632312597,0.7341641720770685
0.030616866096827088,0.4285714198250731,0.0055920414043734165,0.0016754285350649835,0.030785135832784298,0.0009931627448827554,0.13834425677560985,0.60436144863874
0.1245684689125683,0.16326530279050402,0.009191094014964036,0.0036960599752486035,0.04732640284741467,0.0003818967815301073,0.10784288921738608,0.720664181797594
0.2247877509179577,0.22448979133694305,0.005309359399738106,0.002628137812267771,0.020791453678111783,0.0003871244524392443,0.09586066917213625,0.6427825477345968
0.17674022131669498,0.20408162848813005,0.0031500791879975816,0.0016917644014549282,0.03813681006150891,0.00016828772052324337,0.5686275031093987,0.2346835458073243
0.28484011712487906,0.2653061170345691,0.013054255564473552,0.003582561048184856,0.01883866521110681,0.0005478067560781056,0.13616555798257207,0.6677052410568803
0.13222975653051527,0.7142856997084551,0.006268341607915838,0.005254765016855144,0.004824536212600525,0.000822678740827722,0.49999994553377686,0.22845247635027807
0.1551358162706448,0.9387754910453981,0.008156176801094853,0.007812993648682959,0.017879501464077897,0.00033595604001649814,0.03039216251477341,0.720664181797594
0.1574844313557132,0.7959183511037071,0.0014554361079804987,0.0014620401909657915,0.015852047555687438,0.0014770593276181392,0.1274507628104209,0.6105917258428355
0.10087010935242906,0.4081632569762601,0.007804115480742713,0.0033495643385573187,0.018896100166018722,0.0006495481020391093,0.13834425677560985,0.732086884840403
0.19334321688287837,0.9999999795918372,0.011678033001777666,0.004609887566431507,0.010157371776171462,0.00039827470856607284,0.4368189271685968,0.4454830419106979
0.2746533569645957,0.32653060558100805,0.008403400566503138,0.002402095707999604,0.012233645396237045,0.0003803208021133166,0.11437898559649946,0.6313606369447385
0.01845642326374573,0.9999999795918372,0.005254554303882221,0.012931150345979036,0.01167365458584591,0.0001247708015350068,0.130609979946402,0.7248179640179746
0.1474108592934391,0.5918367226155771,0.002638953128909584,0.000301124147675229,0.04221469186025459,0.0009753185536515291,0.11437898559649946,0.6427825477345968
0.1836728784738909,0.9999999795918372,0.0016485219464479897,0.0029894925995075853,0.014473608637801573,0.0001459437833307671,0.5457513735546545,0.17030110977085108
0.25831210571267343,0.6530612111620161,0.010999031476100119,0.0026810173119568817,0.01406294871018141,0.00025357468465555513,0.7363831547302554,0.26687436769908557
0.23745044801577148,0.3877550941274471,0.006934201538289835,0.0004566731635346701,0.028975934753059103,0.00029655082865347036,0.12418292239301687,0.6874347162874999
0.06488397667371877,0.6326530483132031,0.0028800695724168447,0.0028108971331395087,0.0031014875652431943,0.0018376780812726081,0.13616555798257207,0.6157841516815489
0.13906337621020998,0.8163265139525202,0.003602302671344091,0.0035643984116737124,0.006748607202149543,0.00037776280421282266,0.12962946160345867,0.6022841614020743
0.0708828446718795,0.4285714198250731,0.002713981326669074,0.0028108603362857554,0.0014071563953418197,0.00024370383098504226,0.7352940131058892,0.2585668032583244
0.15498726005439295,0.6122448854643902,0.0030065288181352363,0.0022607386576298507,0.02952156682472226,0.0015727552111562528,0.11982552480694127,0.6417446963692146
0.26651099884753987,0.2653061170345691,0.012779743861101913,0.002592231829710619,0.04152547240131166,8.967826303396197e-06,0.12527206401738308,0.6542052507774058
0.14306026029455654,0.4081632569762601,0.007248007094370153,0.00043088147406838804,0.005772212968647056,0.0007075377076944829,0.6448798831441948,0.23987517939308706
0.19994339348932816,0.36734693127863405,0.003174965873551284,0.000880292100678068,0.021940152776350003,5.974983362895065e-05,0.15577343157560689,0.5763236167144086
0.1528791549197958,0.3469387684298211,0.0020115316441449075,0.0007837245680321143,0.05852621905523731,0.0006418092591480191,0.11873638318257505,0.6344757755467862
0.23436615245878112,0.8367346768013332,0.0022493004347773323,0.0010027626816898202,0.015392567916392149,2.793991306943866e-06,0.11655768438953726,0.6137068644448833
0.0816213862686736,0.16326530279050402,0.003080295264375453,0.00045825155489303464,0.05611395094893705,0.000355355113061496,0.49999994553377686,0.3644862692456529
0.02417939632713723,0.3061224427321951,0.0015263352212883936,0.0030377400531459374,0.030239503761121143,0.00017183997659152362,0.13180816039649648,0.6105917258428355
0.14344934332733508,0.9999999795918372,0.0038501029596045644,0.0030430126549534802,0.04106599276201637,0.00031179797796841496,0.1448799376104179,0.6188992902835967
0.07915251620836955,0.7959183511037071,0.0030664816379158896,0.0028394021064009674,0.010375624604836724,0.00027489273649029095,0.28104549559298997,0.5275184581940756
0.129180812225712,0.24489795418575605,0.0034608632086477642,0.005353714661612494,0.007495261616004386,0.00022300454609933002,0.8344225226954294,0.3665627642293679
0.11692839879235577,0.4081632569762601,0.003566762815930162,0.00037016666537546957,0.0035609672045384825,9.603924798798004e-05,0.5686275031093987,0.39459980390074856
0.3303197391883365,0.36734693127863405,0.010939962194955589,0.002991598735215833,0.036367813450222046,0.00010266750767605759,0.12091508197561285,0.5950152405796459
0.2207979505768929,0.4285714198250731,0.010705188892034074,0.0009945172814343145,0.008069611165123496,0.0005659445460107288,0.6459694403128663,0.27518193213984676
0.1054116995630323,0.8163265139525202,0.0022544578831839427,0.002631810719275303,0.010978691631411788,1.3477294839443621e-05,0.6274507083441977,0.2720660012848483
0.021179962328056866,0.7346938625572681,0.0017219025391407485,0.002130891275778822,0.01895353512093063,0.0014166537005547205,0.13071901877213027,0.6074765872407877
0.41370963256546844,0.4693877455226991,0.015039418234189377,0.001532401101202482,0.0018379185571811521,0.0004829564135953743,0.49346384915466346,0.21599192194208697
0.5191638008560805,0.36734693127863405,0.02173070916207171,0.00257302532455879,0.018608925391459166,0.00027305543885759736,0.1623091124104149,0.5763236167144086
0.24472268633305075,0.4489795826738861,0.006646836153737816,0.002410205540899177,0.01616793980770295,0.0003161076149275955,0.6361655035163489,0.2907576251500857
0.03835596526151313,0.9795918167430242,0.0028304531822306383,0.00048070247737382114,0.01097869163141179,0.000623672237798384,0.14052295556864766,0.6614741715998341
0.07791453930657664,0.7551020254060812,0.0023723588902736688,0.003797619291607667,0.04299006375156539,0.0010052391050809138,0.12854031997909246,0.6033228050204071
0.15817060995493995,0.5306122340691382,0.021344025560628224,0.023417633929180687,0.013439779449387176,0.00034538928174824717,0.6176467715476803,0.116302733158854
0.16273343452933303,0.6938775368596422,0.012628781699559739,0.0026192291003064496,0.010303830911196835,0.00018251559429414388,0.5174291203337739,0.3073727540316081
0.19177276786336703,0.9795918167430242,0.010550142448117372,0.002663811393643323,0.009160875308449806,0.0004038008394640053,0.12962946160345867,0.695742280728261
0.6742500815219192,0.10204081424406503,0.026316437915920407,0.0014387293841130863,0.009074722876081938,0.0006758255893201875,0.08823543116865663,0.6656279538202148
0.08422466192472139,0.20408162848813005,0.0018637386217751455,0.007939356949486505,0.03127333294953554,0.0009006728131331267,0.1971678775547143,0.6209757852673117
0.20146432377008888,0.36734693127863405,0.012829363029711504,0.0016943159727612414,0.027511343402805373,0.0004175874697415239,0.6416120427267907,0.2907576251500857
0.22625917932602327,0.5714285597667641,0.0065093840759004986,0.002130891275778822,0.01424386881815393,0.0010453883432054263,0.11437898559649946,0.6323984883101207
0.21661005841477024,0.18367346563931702,0.007614178985181023,0.0012181937353414475,0.004795818735144569,0.0003005935751700854,0.31154686315121377,0.6583590329977863
0.15109648032477394,0.6530612111620161,0.0031231493193478468,0.0016360704266228196,0.01915455746312232,0.0015530879410776098,0.13834425677560985,0.6292833497080729
0.08266127978243637,0.32653060558100805,0.002751542832397809,0.0020212414932853193,0.18143702256672686,0.0017006003446430578,0.002178698793037797,0.7424717365178297
0.06387237596794448,0.24489795418575605,0.0029993590965927404,0.0034635140270795435,0.011659295847117935,0.0012775720759298386,0.4161219119511958,0.4849427846248875
0.2348896410873034,0.20408162848813005,0.002514751004887795,0.0031937364412799574,0.016627419446998234,0.00039108778511862943,0.1623091124104149,0.5088268343288382
0.05050933278434044,0.5918367226155771,0.0023982496285777756,0.0044696799335724145,0.012405950260972777,0.0014008070565091752,0.13398685918953426,0.6074765872407877
0.15958543588097315,0.5306122340691382,0.0053615458315545445,0.0007127889490400928,0.00037332720692742155,0.0006531788688596085,0.14814819357212727,0.6469363299549774
0.09643462349655335,0.8163265139525202,0.0018578275260256163,0.007590333949945324,0.018666360346371078,0.0007667939188994229,0.13725469960693829,0.5970925278163116
0.18757072508073627,0.36734693127863405,0.0018424767368288369,0.011467540962868318,0.013494342656553493,0.0003098291373573338,0.6568625187337499,0.11318759455680621
0.30035368357249365,0.4693877455226991,0.008408849749365071,0.0010393561844092042,0.030756418355328344,0.000979956183400817,0.501089087158143,0.23779868440937207
0.26685766375090497,0.28571427988338205,0.01134739367301934,0.0008393604425688229,0.026305209349655242,0.0018970538071321744,0.04248350449461255,0.7310490334750208
0.12983162270669624,0.2653061170345691,0.002881684878311737,0.0024246821978363238,0.005542473148999412,0.00043723571739121497,0.5708057863581311,0.29595005098879906
0.3415180916213665,0.18367346563931702,0.06044252037511775,0.046240335358540025,0.0006605019814869765,0.0007732830266375323,0.09803895242086867,0.8110071625217329
0.21193404574236782,0.6734693740108292,0.00823330548693267,0.0024544474633388324,0.0011199816207822645,0.0007622723451813153,0.1971678775547143,0.6272068547243579
0.20628889265874312,0.14285713994169102,0.0034633325324303233,0.006179373117849502,0.007380391706180565,0.00028982150030247745,0.14270165436168547,0.6645901024548326
0.03872382236352952,0.9999999795918372,0.002449845645425104,0.004576815909951614,0.01017173051489944,0.0013568056804490593,0.13725469960693829,0.6126690130795012
0.20787349229876256,0.5102040712203251,0.007545982583219946,0.006759734547753681,0.0039055769340099484,0.000982001574877498,0.004357397586075594,0.7133952609751656
0.5585030655823517,0.020408162848813003,0.02046762747260286,0.0006027808813916239,0.060565159954610155,0.00035179349949533744,0.07952063599650544,0.6645901024548326
0.17983870122630427,0.5102040712203251,0.006383775027737621,0.0050600128266746055,0.029225776806925913,0.0005121110720772673,0.6775599494954563,0.07372785184261657
0.18997522752708668,0.040816325697626006,0.007713295419074229,0.0009072603211261983,0.033628166100923895,0.0035241951033902243,0.6328976630989449,0.2699895063011334
0.23228633169914475,0.7142856997084551,0.006689693334436517,0.0043273390515338895,0.0008902418011346206,0.0005639822191404704,0.006536096379113392,0.7050884887873551
0.08008629693437705,0.5102040712203251,0.0039653866918665315,0.011982367680407027,0.013830337142788172,0.0006348302181842415,0.28104549559298997,0.6500522608099758
0.15255375811233143,0.3469387684298211,0.002758832720751664,0.0023718704818251803,0.059416460856371936,0.00037701282093318143,0.1492373351964935,0.6085152308591205
0.14318759901307396,0.5918367226155771,0.005489723879438883,0.002216273049052906,0.028381482969720827,0.0008539343209071753,0.6481481391059041,0.24818274383384825
0.36398553272391143,0.5510203969179511,0.012756978154498997,0.005375723053509984,0.0058009304461030115,0.00024590774270298783,0.1546838744069353,0.5669782009082652
0.09204158950220194,0.22448979133694305,0.00339550774459686,0.0017042220731269282,0.1396530928683116,0.005475277604534799,0.17756000396167948,0.4413292596903173
0.1587223998244784,0.9591836538942112,0.0013051685522843322,2.0615921484405648e-05,0.020791453678111783,0.0007719655024650143,0.14270165436168547,0.5981311714346444
0.05971986035709205,0.8367346768013332,0.0015192300980895765,0.0024934685900676766,0.02354833151388351,0.0012147519454097763,0.4335510867511928,0.44963682413107847
0.06636247195901067,0.12244897709287803,0.00406912676957369,0.006010877419498445,0.08121302624544216,0.0012928714888879639,0.1448799376104179,0.7092422710077356
0.2384196052930492,0.6326530483132031,0.003826923962523273,0.0012954758432676535,0.016512549537174414,1.1734148622773878e-05,0.1448799376104179,0.6209757852673117
0.27876341228089613,0.24489795418575605,0.002342492228107012,0.003128792899420182,0.049767388431170886,0.00039822336722247775,0.5185182619581401,0.18899273363608843
0.31320032187085717,0.9999999795918372,0.025576335386998755,0.0031534516331261655,0.004999712825081853,0.00018504307945001622,0.5435726747616166,0.19418436722185117
0.33047534541575924,0.28571427988338205,0.024326378274990224,0.0020391073341207953,0.0039055769340099484,0.0002495775343247003,0.44117632475467244,0.44236790330865006
0.11762166113486427,0.8367346768013332,0.0033057111846424687,0.0031356705218881474,0.02463959565720982,0.001411305900124567,0.13725469960693829,0.6116303694611683
0.16174305975432088,0.5510203969179511,0.004689822733234393,0.00023310806852705365,0.0011199816207822645,0.00041791286856404707,0.12091508197561285,0.5991690228000266
0.28045413314169854,0.28571427988338205,0.013887931919940187,0.000347788368263933,0.047986904828901646,0.0007969262149419879,0.010893078420883618,0.7414330928994969
0.29800508535348064,0.4489795826738861,0.0104165801630177,0.0035722724542077864,0.018781230256194898,0.00030865754787965283,0.18191698600344972,0.4371754774699367
0.30884263912869286,0.6734693740108292,0.007222560209201645,0.0014172405056902969,0.005226580896983902,9.627866158872635e-05,0.11437898559649946,0.6240917161223101
0.3606960784686369,0.7346938625572681,0.009735314222282167,0.0023449206598039262,0.00913215783099385,0.0003025467366882124,0.5130717227476983,0.20041543667889739
0.26685766375090497,0.6938775368596422,0.00746166437957302,0.00039978329095557985,0.005964620067601958,0.00020191683858608272,0.13071901877213027,0.5919001019775981
0.052850872559154806,0.4489795826738861,0.001817488291518695,0.0019879306572560306,0.11501349721110178,0.00040790851202852734,0.1448799376104179,0.6022841614020743
0.12209251510898249,0.9999999795918372,0.005987426680552773,0.0059790239325454375,0.00017230486473573302,0.0006703469376363356,0.5446622319302883,0.19522301084018398
0.21172890391013907,0.9999999795918372,0.0031540766446413585,0.00017510944864408153,0.014071563953418196,0.0005407267233097113,0.5446622319302883,0.16926246615251825
0.21362476660317026,0.8367346768013332,0.005010414241127287,0.00045166201305642684,0.010682901613615447,0.00021962062891998541,0.5588235663128812,0.1630321889484227
0.1368279492231509,0.2653061170345691,0.008487857691319265,0.004487536091025324,0.0365286313239754,0.0006411364992440921,0.10348590717561584,0.730010389856688
0.44634265006267326,0.18367346563931702,0.012215140445232675,0.001377190519563746,0.005571190626455368,0.00014813072857925366,0.08496717520694726,0.6645901024548326
0.2247877509179577,0.9999999795918372,0.013408376043856182,0.0013086026366750094,0.012664407558076376,0.0012406779596904655,0.6307189643059071,0.27518193213984676
0.601676524422265,0.9795918167430242,0.026869253870582886,0.002415926483319556,0.000287174774559555,0.000244745453079461,0.5206969607511779,0.183800307797375
0.4850027862008886,0.36734693127863405,0.02288358468801292,0.002126365262767168,0.04692435816303129,0.0004881053431773958,0.48474946952681763,0.23364490218899148
0.23646007324075932,0.2653061170345691,0.0060590398486703645,0.001435566307197689,0.012291080351148955,0.0010467277912076754,0.5718953435268027,0.22637598136656312
0.06936190595809102,0.4489795826738861,0.001631785418588424,0.0008999977842012081,0.02093504106539156,0.0003808084488045959,0.10566460596865364,0.7393558056628313
0.21963071834461273,0.7755101882548942,0.00471887774846999,0.002021895605777697,0.001608178737533508,0.0006027763878135036,0.13180816039649648,0.626168211106025
0.05624150712427328,0.3061224427321951,0.0002775158736556239,0.00522307614740577,0.029461260122064754,0.0005008657422348294,0.19389962159300492,0.7040498451690222
0.06409167685370905,0.4693877455226991,0.0021169019617726477,0.003379553774366245,0.11349147090593614,0.0013744965393741896,0.11002158801042387,0.6147455080632162
0.19278436013611358,0.28571427988338205,0.00499776546867148,0.0025170355223892702,0.028298202285098557,0.0004847947103859522,0.5544661687268057,0.21079949610337353
0.8296122908546381,0.10204081424406503,0.042970509115506414,0.006949085831307668,0.06425822755544604,0.0005995748553771995,0.5413943915128843,0.22637598136656312
0.3771363671980604,0.22448979133694305,0.015095139515156149,0.001772478784331885,0.0547929469859631,0.00017563735298923571,0.6034858527093927,0.183800307797375
0.1114671700432254,0.16326530279050402,0.011258974863760507,0.01139850328685936,0.01481821836727304,0.0014628981860651674,0.38344226114423957,0.397715734755747
0.12660582094462497,0.5714285597667641,0.00414790062935778,0.0008433354711124342,0.0039342944114659035,0.0005844230103527606,0.1786491455860457,0.455867101335174
0.23897139516258764,0.24489795418575605,0.005203156249701005,0.0024755325447085924,0.011515708459838157,0.00036051274684585605,0.12091508197561285,0.6344757755467862
0.2821307202480483,0.6734693740108292,0.007343115999834815,0.00010223231144744606,0.011380736315795165,0.0007171847692134796,0.12636162118605465,0.6344757755467862
0.04261460209314853,0.2653061170345691,0.007739088912559894,0.008828978989267544,0.047613577621974226,0.000943694879964572,0.12962946160345867,0.788161756436115
0.1943760435194148,0.4285714198250731,0.021303411956812127,0.009590518927839456,0.0075469530754251075,0.00024007487033456462,0.6274507083441977,0.17653138697494664
0.07056451474164142,0.6938775368596422,0.003138472324310786,0.005556169982624806,0.011027511343086913,0.00038067131438497103,0.7603484259093658,0.25649030827460945
0.14460949181633348,0.5918367226155771,0.007095256322774507,0.004171039573525532,0.00970650738011296,7.911966209125705e-05,0.5479300723476923,0.32294923929479763
0.23492499233949046,0.6734693740108292,0.0026780875695766046,0.0017808079458465915,0.008500373326962829,0.00035229173341727577,0.15795213036864467,0.5804773989347892
0.03116864753333782,0.7755101882548942,0.0074807868785136235,0.005990910284646005,0.0019240709895490186,0.0006727172475711723,0.4302832463337888,0.4475595368944128
0.20732878617250589,0.20408162848813005,0.008888457720887527,0.0023406672340115235,0.038165527538964863,0.0008210662537190037,0.1525051756138975,0.7030112015506894
0.18314938984536866,0.9999999795918372,0.008537633146244207,0.00800811380740103,0.014263971052373096,0.0004941496719403786,0.5446622319302883,0.1921078722381362
0.2268887891753285,0.36734693127863405,0.013129804369314626,0.001846625897152137,0.016397679627350593,0.0003782990445635151,0.12200422359997908,0.6521287557936908
0.32869267082073733,0.4693877455226991,0.015247918070985635,0.007987686711876675,0.012259491125947404,0.000316496710065245,0.09912850958954025,0.6365522705305012
0.21963071834461273,0.9999999795918372,0.0038156505096425615,0.0005307219900218706,0.0037332720692742154,0.0001252452862426175,0.5468409307233261,0.16926246615251825
0.1610710149095468,0.4897959083715121,0.013416927336426387,0.01746649813842721,0.020277410831650182,0.0014569311383216227,0.11982552480694127,0.6375909141488341
0.1864671622077148,0.8367346768013332,0.006998483836308656,0.006066634336317237,0.006518867382501899,3.207123877541487e-05,0.5413943915128843,0.16614732755047049
0.19825973950575204,0.8571428396501461,0.009319234901435613,0.000495469635787968,0.0036758371143623043,0.00024177507197678267,0.5664488043163609,0.28971977378470354
0.3114034797892718,0.6938775368596422,0.015222370467969456,0.004910312573885423,0.009126414335502658,0.00011057853237102305,0.1623091124104149,0.5981311714346444
0.25871530563384915,0.36734693127863405,0.007875031264590913,0.002140998790501895,0.05944517833382789,0.0004986173487764563,0.5403048343442127,0.19314651585646903
0.08487548927176106,0.6734693740108292,6.206303234082546e-05,0.00534683945999017,0.004250186663481414,0.00010226688379358885,0.6372546451407152,0.27725842712356175
0.2193336059121091,0.5918367226155771,0.0051354537124964385,0.0026571114612454557,0.056918040317703804,0.0008566858480040349,0.04999995299894715,0.732086884840403
0.21643320095750224,0.9999999795918372,0.006433244856090319,0.002658148551518344,0.014703348457449217,0.00011437859880919298,0.5413943915128843,0.16822382253418544
0.14388086135558245,0.8163265139525202,0.002977216104130771,0.0009032756092000204,0.019441732237681874,0.0005349450962120096,0.5446622319302883,0.19730029807684962
0.07778720902108696,0.9387754910453981,0.00502610295606815,0.006662796625724553,0.019461834471901043,0.0009799652718946495,0.11023962410744978,0.720664181797594
0.27157611141877624,0.6326530483132031,0.006482745941706088,0.0005077239564260682,0.030799494571512275,0.0006272841935502532,0.5413943915128843,0.17549274335661383
0.22330927249872123,0.9999999795918372,0.005709771191122102,0.000520995032233667,0.015102521394086996,1.6443833027182177e-06,0.4912851503616257,0.22326084276451533
0.3290888207307422,0.24489795418575605,0.025594978607905612,0.006161972079377225,0.03221239446234529,0.0002957823225238195,0.6830064887058981,0.31568031847236927
0.15819891119595614,0.4693877455226991,0.0018849539681297714,0.002672274670006578,0.013554649359210998,0.00019818757785567765,0.15032689236516505,0.6095530822245027
0.04786360526676838,0.14285713994169102,0.0018295501220346253,0.0005873600946542279,0.0174889437706769,0.0006541480904365624,0.3747274659720884,0.5181722501349816
0.24224671566340952,0.5714285597667641,0.006513905959958012,0.0011303412470054822,0.014531043592713485,0.0002549194166658465,0.6274507083441977,0.2679130113174184
0.05824844038205419,0.3877550941274471,0.0061561822127492154,0.006742791049107679,0.05031302050283404,0.0012596771582214076,0.5958606147059131,0.21391463470542132
0.09049942485765133,0.3469387684298211,0.008332686218350281,0.004348802268992877,0.013813106656314597,0.001192131971637178,0.3376904175790566,0.49844198265141143
0.0840619719540169,0.5714285597667641,0.0023007957337769906,0.0021571719760647198,0.04597668140698476,0.0014370242240673372,0.13071901877213027,0.6188992902835967
0.20794424540130302,0.22448979133694305,0.009027097574721518,0.002543965009307134,0.01952788467004974,0.0006504698444019825,0.11546854276517104,0.7258566076363073
0.3781479594708069,0.22448979133694305,0.005485774697901404,0.005301688752096633,0.020007466543564202,0.00043178704044389323,0.04466228639651142,0.7082036273894028
0.11682936131485455,0.9387754910453981,0.0026663792934362917,0.0024614136887572834,0.001033829188414398,0.0018355442643231638,0.13616555798257207,0.5981311714346444
0.16936897925402533,0.6938775368596422,0.0022193695215699197,0.0009689047345455156,0.027999540519556616,0.002390161280540893,0.1623091124104149,0.5887849633755504
0.11733163244564239,0.5510203969179511,0.004700230012625132,0.003947755296612349,0.017081155590802335,0.0008490924402288397,0.14161209719301387,0.606437943622455
0.14537350726138246,0.32653060558100805,0.0026568513850465983,0.002114424683724227,0.005025558554792213,0.0003453297165666811,0.04575142802087764,0.7123574096097834
0.1389360374916926,0.3469387684298211,0.010838546268409173,0.0027435395240058657,0.020647866290832005,0.0011570169520837355,0.3856209599372774,0.4537898140985084
0.5520231270850822,0.12244897709287803,0.015495864573776693,0.002298112156814979,0.021543851587457818,0.0009950104183857863,0.5087143251616226,0.22845247635027807
0.24650536092807263,0.5306122340691382,0.00960554101207247,0.0004576124516436355,0.019929929354433117,0.00032096794159764194,0.6405229011024245,0.2346835458073243
0.42156192826119154,0.3061224427321951,0.019060970754764126,0.002386350043777097,0.008471655849506873,0.00021863265391812556,0.5337687379650993,0.21391463470542132
0.39975944826013887,0.040816325697626006,0.011497529253604765,0.0028210443497311047,0.04412440411107563,0.0009882539974844682,0.03137255619442515,0.7352028156954014
0.07652093087827787,0.4693877455226991,0.0007121724278536647,0.00021164969275934913,0.002211245764108574,0.0010205959696173883,0.6154680727546425,0.14330192146485254
0.09361912226499505,0.9183673281965852,0.004509281823648732,0.004562763385170887,0.006432714950134033,0.00025237440781784897,0.13289771756516805,0.6002076664183593
0.2330644977647018,0.5918367226155771,0.00705702869003945,0.0024696983067121836,0.006375279995222122,0.00017768447377763954,0.46078419834770723,0.22429869412989747
0.1986983412772812,0.9999999795918372,0.00338859641642908,0.0014815720577718604,0.02770375050176027,0.0005734505274710448,0.6307189643059071,0.27102814991946617
0.3020090194489981,0.8163265139525202,0.005273746263407425,0.0017402849264816598,0.008213198552403274,0.00019768048601480318,0.13071901877213027,0.592938745595931
0.23539896222926213,0.4693877455226991,0.005995413953176021,0.003594916560170777,0.01596691746551126,0.0003286041978744154,0.32679733915817294,0.5057109034738398
0.17086162515982534,0.7959183511037071,0.007136797225395023,0.0009139612218623227,0.020024697030037772,1.0156824185754264e-06,0.11437898559649946,0.6209757852673117
0.2674448048726305,0.6326530483132031,0.005188400043108408,0.0035302722348323117,0.007753718913107986,0.0004570928274678815,0.535947436758137,0.16926246615251825
0.19936331924482895,0.5510203969179511,0.00516804114576191,0.002106823228409404,0.025236919188293693,0.0003951467871654396,0.1492373351964935,0.5960538841979788
0.1481465734974719,0.6938775368596422,0.004283422397549039,0.002392044356895418,0.012776405720154604,0.00036174682212045735,0.12854031997909246,0.6947036371099282
0.4079725088815689,0.5714285597667641,0.0158738447639697,0.0017437021921894319,0.023950376198266888,0.000167028647086959,0.11111114517909546,0.6240917161223101
0.14439019936359662,0.9999999795918372,0.00221077967837526,0.0005438332900171198,0.017230486473573302,0.0005200345286020629,0.5424835331372505,0.17445489199123168
0.17320315650161197,0.8163265139525202,0.0027434020518825944,0.0021859432423467612,0.0212337028309335,0.0003494614265641513,0.535947436758137,0.20872300111965858
0.1675792209157217,0.5918367226155771,0.008300234233224782,0.0066889175501981014,0.002613290448491951,0.0002703506031772557,0.17647044679300788,0.4766352201841263
0.07398839145871511,0.8775510024989592,0.002826729747593112,0.0024721070481256388,0.013899259088682465,0.00043213198048888495,0.7178648383058922,0.24922138745218106
0.26298808465296497,0.5510203969179511,0.008829685036439243,0.0038074769750605203,0.019125839985666363,0.0005898468236404223,0.11437898559649946,0.592938745595931
0.020670624320042696,0.4693877455226991,0.005631031367024468,0.0012157341561695174,0.034001493307851315,0.0009330999058319623,0.13616555798257207,0.6033228050204071
0.2339982700576816,0.28571427988338205,0.012646615704655998,0.002247532460485449,0.008385503417139006,0.000941845995943335,0.43464022837555905,0.4371754774699367
0.23156476811562005,0.5102040712203251,0.010876148755882822,0.002558745724456874,0.025558554935800396,0.0006723221959153662,0.14379079598605168,0.6936657857445461
0.12997311204572173,0.8163265139525202,0.0036504558743156806,0.0003598248127942835,0.013701108494236369,0.0007519426474669966,0.03169929868173502,0.732086884840403
0.36046261852933653,0.8163265139525202,0.0007105852534955361,0.002823122403629909,0.004927919131441964,0.0003154200598011505,0.12309378076865066,0.5898236069938833
0.08188313058293474,0.3061224427321951,0.006201097163266715,0.0012436126145789134,0.017259203951029256,0.0009565322718228234,0.393246197940757,0.5077881907105054
0.1639148173821213,0.3877550941274471,0.004414940457643909,0.0044696799335724145,0.04529320544353301,0.0008268526076020813,0.5021786443268147,0.22326084276451533
0.19235992585114797,0.7346938625572681,0.004860424527769524,0.00756855602255292,0.010433059559748634,0.0005777541694829194,0.13180816039649648,0.5960538841979788
0.1298740745682205,0.5306122340691382,0.0172938969555487,0.005512875579169297,0.02100683475903145,0.0005810894737882761,0.30283206797906254,0.4922117054473159
0.10435765542876145,0.2653061170345691,0.020089761892374443,0.016671022785650465,0.0015794612600775527,1.2714091932409646e-05,0.8769061102989031,0.2793349221072767
0.15632426600065938,0.6734693740108292,0.0025232967406112333,0.0012345296017313922,0.009046005398625984,0.00023568866329520962,0.12091508197561285,0.6033228050204071
0.20636671263850992,0.6530612111620161,0.00284370591446955,0.0026826446043972077,0.010625466658703536,0.0002863300199339693,0.11873638318257505,0.6375909141488341
0.16559138762241563,0.4489795826738861,0.0035598827450254514,0.004696038684450511,0.021566825569422583,4.3066779146769154e-05,0.12091508197561285,0.5960538841979788
0.3128395232130394,0.24489795418575605,0.0005890361765025753,0.0019088614810771481,0.00255585549358004,0.0002793191980636398,0.016339617631325427,0.7227414690342596
0.4528437723255664,0.4489795826738861,0.024599657052985197,0.001229116590876633,0.008184481074947318,0.0004298477134195493,0.5544661687268057,0.21495327832375413
0.2095925144005812,0.3061224427321951,0.0019043695907373904,0.0016019457022888035,0.006633737292325721,0.0002720217523825293,0.44662286396511425,0.21287599108708852
0.14209818676056057,0.10204081424406503,0.0018042963372913085,0.0012952444104243107,0.02532881511615275,0.0004705446245667,0.015250476006959213,0.7248179640179746
0.10316213882152053,0.3061224427321951,0.003809020149539491,0.00043273100013861894,0.03908448681755544,0.0005218065543245048,0.14052295556864766,0.6220144288856445
0.1245684689125683,0.2653061170345691,0.013023588716372294,0.010677033185348263,0.05315605077097364,0.003778264044550755,0.46078419834770723,0.21806841692580192
0.18314938984536866,0.9999999795918372,0.001374011632288043,0.00038527274217944933,0.009361897650641493,0.00027214658947434696,0.5435726747616166,0.17030110977085108
0.17762449173697958,0.7346938625572681,0.01030705124018991,0.0032432567755566965,0.0030670265922960478,0.00020482711649910334,0.5381261355511748,0.31464167485403643
0.03341822514090502,0.4081632569762601,0.0018311605656885957,0.001940607966652794,0.013669519269034818,0.0011312701905704114,0.13507600081390048,0.6230530725039773
0.19088849744308242,0.6326530483132031,0.003493732651886715,0.0022682016405739707,0.016572856239831922,0.0007179166523637547,0.49999994553377686,0.23156761495232586
0.2098401080943342,0.9999999795918372,0.005706885103831939,0.0025586111254391974,0.01582333007823148,0.00013753869427657293,0.5403048343442127,0.17237760475456604
0.31308006689562157,0.4489795826738861,0.01536892188238948,0.0005689084091734694,0.0683475963451741,0.0004960943790456382,0.11873638318257505,0.6791279440996894
0.09383134784050558,0.9999999795918372,0.0026757589034778623,0.004911150186477439,0.022830394577484623,0.0016000963980780786,0.13725469960693829,0.6074765872407877
0.2450481000065706,0.9999999795918372,0.005603302007045978,0.0014123310307290035,0.0071592671297697075,0.00033775062364963643,0.4193897523685998,0.22637598136656312
0.4098613046973737,0.12244897709287803,0.0076303876125976226,0.002231158828903494,0.007035781976709098,0.00029820535725162955,0.5664488043163609,0.20976085248504073
0.3845571279994806,0.4285714198250731,0.011947470609444216,0.0005718134239434655,0.05579805869692154,0.00023690552231088086,0.17538130516864167,0.5763236167144086
0.10688312797109788,0.6122448854643902,0.010453983645916468,0.019455653743577925,0.06832749411095493,0.002442188584452673,0.13616555798257207,0.6375909141488341
0.11904357080417924,0.6530612111620161,0.00018480683138892022,0.002025606277977238,0.016397679627350593,0.00041228805161046196,0.6917208683337439,0.2575281596399916
0.2239176311181812,0.4081632569762601,0.010880406689718852,0.006862235573067352,0.0039630118889218595,0.0007205189975026531,0.07080584082435426,0.6728968746426431
0.6128112243620917,0.20408162848813005,0.018408079462838026,0.002324633973326787,0.045057722128394186,0.0007020830742290045,0.09803895242086867,0.626168211106025
0.10803620958286994,0.6530612111620161,0.006845328804110634,0.008860498399522002,0.004479926483129058,0.0007419148875794937,0.14270165436168547,0.6054000922570728
0.07374787307521612,0.5714285597667641,0.002778893284887302,0.0003684527066611719,0.13801619665332215,0.0011097197000255446,0.27124155879647255,0.5399790126022668
0.07280701703895458,0.3061224427321951,0.00902542704766187,0.01307517613658416,0.007770949399581559,0.00011421245038177297,0.8801739507163071,0.10072704014861511
0.0783885091963483,0.5102040712203251,0.011231327467271845,0.01759954297320175,0.023485153063480414,0.0006698922631552393,0.13507600081390048,0.5825546861714548
0.3371604088792021,0.9183673281965852,0.00858139331454272,0.003032623837966846,0.008586525759330695,0.00013584366135494885,0.5599127079372475,0.1619935453300899
0.090138643065889,0.5714285597667641,0.0037907822311437794,0.0005249264855557284,0.012635690080620422,0.0016261552042845105,0.14052295556864766,0.6292833497080729
0.14225380985403874,0.28571427988338205,0.006370997753200301,0.0015781231286674511,0.008931135488802162,0.0002718360819472153,0.845315601116313,0.19003137725442124
0.24605969227931718,0.8163265139525202,0.00473339848368079,0.0010939510953199977,0.011728217793012228,0.0010263295987074925,0.11437898559649946,0.6116303694611683
0.22429256353045163,0.6326530483132031,0.005091999170770171,0.0016735596422296193,0.008012176210211585,0.00021556504706747164,0.15141603398953127,0.5887849633755504
0.2968378531212005,0.6326530483132031,0.00982550531835709,0.0004511730022368108,0.023249669748341577,0.00013352111885281328,0.12091508197561285,0.5939773892142638
0.08196095056270153,0.3469387684298211,0.021417688510597385,0.022505231731911594,0.0018551490436547256,0.00020782622339095622,0.9858385566849607,0.3759081800355112
0.10639500746081812,0.7346938625572681,0.003698316300923178,0.00015297323609671126,0.015622307736039794,0.0010010804946788655,0.1808278443790835,0.4600208835555546
0.36425434391539885,0.4489795826738861,0.015032475648758526,0.0006014571629947622,0.07423467922364498,0.00035677737588069676,0.5827884219476863,0.15680191174432714
0.24078945474190747,0.6122448854643902,0.00833773947587999,0.0010976036672241394,0.01685715926664588,0.00036044812823114416,0.2080609559755979,0.6188992902835967
0.17522635791316057,0.6326530483132031,0.004227471202047239,0.001562006590892641,0.006432714950134032,0.00010642472561264932,0.12636162118605465,0.6178606466652639
0.11466467056428047,0.3469387684298211,0.0038978293272837823,0.0008262733510299904,0.020935041065391565,0.0001846392659481475,0.8431369023232752,0.17653138697494664
0.08021363565289445,0.4897959083715121,0.12523021360749467,0.14750139385116814,0.012635690080620422,0.00115855855662639,0.16013082916168248,0.7435095878832119
0.45158458635906673,0.2653061170345691,0.014920039800465192,0.0013086026366750094,0.036097869162136066,0.0005657845846763617,0.5196078191268116,0.19106922861980338
0.35173315302266606,0.5918367226155771,0.013832266207441097,0.0029764781333380032,0.003876859456553993,0.0009237748805849165,0.10893244638605766,0.6323984883101207
0.10280135702975819,0.5510203969179511,0.01095466005465712,0.006574009690970906,0.012664407558076376,0.0010147841372082603,0.5261434999616197,0.3011424768275125
0.15860921172646908,0.16326530279050402,0.003848619976123337,0.0010687985091031148,0.03882602952045184,0.00042777503724679617,0.05010882560695323,0.7019733501853073
0.24929962779584108,0.4285714198250731,0.003424990289730675,1.3469585150215247e-05,0.09048877146371578,0.0010630836214827375,0.10566460596865364,0.6417446963692146
0.10152093669946873,0.9999999795918372,0.002583367643385707,0.005111862498627752,0.005485038194087501,0.0015031615011196662,0.8322438239023916,0.35721655617027387
0.09759478885160719,0.12244897709287803,0.005679316892409722,0.002897650557554159,0.02786169662776803,0.000556520853922605,0.431372387958155,0.4537898140985084
0.3379739261969463,0.20408162848813005,0.015645638959322195,0.0019754971940404474,0.11449658261689459,0.0004534243040080992,0.532679596340733,0.2346835458073243
0.03739388329448944,0.5510203969179511,0.0026101179564242487,0.001470988120626508,0.05930159094654811,0.0005978028872984816,0.6263615667198316,0.27725842712356175
0.4278367080601769,0.5306122340691382,0.014594123791459723,0.0013161847252246993,0.02234219746073338,8.10685964029503e-05,0.5141612799163698,0.18899273363608843
0.04712789949576331,0.7551020254060812,0.0024601133090407967,0.006071112900754314,0.010395726839055892,0.0012804604107985534,0.12962946160345867,0.606437943622455
0.32165389244275844,0.040816325697626006,0.003824833198926789,0.0013823323957066387,0.03779220033203744,0.0005277296391211386,0.13398685918953426,0.6687430924222625
0.29584744461407747,0.6326530483132031,0.012808667248529693,0.0013902577601683165,0.0010051117109584427,0.00034056296487541756,0.1568625731999731,0.5721706267469787
0.1855333730486796,0.6734693740108292,0.004484927553475995,0.001069124839095611,0.0007466544138548431,3.341798831604959e-05,0.12309378076865066,0.6199379339019295
0.13362336495881405,0.22448979133694305,0.008573603309979737,0.0063333437423505785,0.008414220894594962,0.00021615626031637716,0.5032677859511808,0.4413292596903173
0.4276669006140798,0.6122448854643902,0.02025310540312171,0.002323966304098816,0.025064614323557964,2.328479805717478e-05,0.5403048343442127,0.20456921889927798
0.1588355879224877,0.22448979133694305,0.009160180581787445,0.0032188531989813442,0.020050542759748134,0.00039401268532299573,0.7069713443407032,0.3219105956764648
0.17512732043565934,0.5102040712203251,0.0028470428009537735,0.0015188579223447604,0.015162828096744506,0.00030679427214196656,0.10348590717561584,0.6022841614020743
0.11067487022321568,0.5918367226155771,0.003043957306844461,0.002599252282071443,0.0242662684502824,0.00038634053622068503,0.43572978554423064,0.4434057546740322
0.40468305462629434,0.4081632569762601,0.027901882705492397,0.0009429920027971503,0.007581414048372253,0.0002806225226654554,0.5610018495616137,0.21495327832375413
0.08786784796058737,0.4693877455226991,0.002660760974050855,0.0024976687572559626,0.049451496179155376,0.002274994499877558,0.1623091124104149,0.5898236069938833
0.01845642326374573,0.3061224427321951,0.006377422857275877,0.014877287524077389,0.028361380735501658,8.363527929120806e-05,0.639433343933753,0.2762197835052289
0.08818617789082543,0.2653061170345691,0.009459444564481582,0.024794649663689106,0.01628280971752677,0.0019276999009021835,0.3747274659720884,0.309449249015323
0.23215194296945643,0.9999999795918372,0.005406290950942695,0.0002389471482147458,0.0071161909135857735,0.0002172869419645246,0.5413943915128843,0.20145328804427953
0.26605119644433173,0.4489795826738861,0.014150465145497417,0.00015912218402653632,0.0362069955764687,0.0005302638493781555,0.12200422359997908,0.651090112175358
0.09741086451711285,0.8367346768013332,0.009589950583858819,0.005641267548620558,0.010260754695012902,0.0006369564261621052,0.12527206401738308,0.6085152308591205
0.3248584767070953,0.14285713994169102,0.014012700495029395,0.0017328258168905664,0.04169777726604739,0.00027600468392810707,0.062091461196508435,0.7154725482118313
0.32059986517454303,0.9999999795918372,0.015114793387568949,0.0019779964750809005,0.006536097868975473,9.180877507655833e-05,0.5413943915128843,0.17030110977085108
0.08654499263482905,0.4489795826738861,0.002337291714137949,0.0010850908002715096,0.03425995060495492,0.0005289732063956411,0.5838779791163579,0.2949114073704663
0.6318264875065468,0.4897959083715121,0.0245911134010793,0.000988750342946744,0.012802251449864962,0.00023159192382369114,0.12309378076865066,0.639667409132549
0.060462641438351165,0.4081632569762601,0.0018703130661076124,0.009238871731622711,0.016989259662943276,0.00039217450381986605,0.6699342959476714,0.4247141308087949
0.07337294066294568,0.6530612111620161,0.0025020341610590786,0.0017597693447131517,0.0036471196369063487,0.0005290291976663131,0.6307189643059071,0.27102814991946617
0.3339275233738491,0.4693877455226991,0.006434641013840795,0.00254307171726536,0.004135316753657592,0.00048073847523789865,0.15795213036864467,0.5441327948226473
0.10415958047375902,0.6326530483132031,0.002233964579606242,0.004354820491258052,0.0012061340531501312,0.0012649680835104529,0.12854031997909246,0.6054000922570728
0.1485710077824375,0.7142856997084551,0.0038401676648861884,0.0021708265138219583,0.019570960886233675,0.0009203562234545166,0.12418292239301687,0.6178606466652639
0.06387237596794448,0.6938775368596422,0.0014361604484508504,0.0030030251266444843,0.04353569582322854,0.0010151178943707774,0.13834425677560985,0.6012463100366922
0.22183784409065566,0.5714285597667641,0.0005809926408058013,0.001828522329274649,0.016389064384113805,0.0012318233840903432,0.1525051756138975,0.570093339510313
0.20592104398975444,0.12244897709287803,0.010864962128732862,0.00812608645721057,0.01998736430934503,0.001224381905957291,0.1808278443790835,0.5649009136715997
0.20667797569152166,0.040816325697626006,0.0038555656872804956,0.0022217068791801835,0.048946068575930556,0.0009067324751267193,0.09694981079650246,0.6500522608099758
0.21701327520200142,0.08163265139525201,0.0052920282892743595,0.0006466272376534316,0.05734880247954314,0.0005142531128646829,0.6470585819372325,0.2824508529622752
0.25341680058753413,0.7142856997084551,0.0019126110891002767,0.0028458977194266784,0.0017517661248132857,0.0009807184255791162,0.5305008975476952,0.17549274335661383
0.189551491496816,0.2653061170345691,0.002927423284059679,0.002200292078634029,0.015794612600775526,0.0005939609330874684,0.572984485151169,0.22637598136656312
0.14849320466872615,0.8367346768013332,0.004791061187987153,0.0009927839559548835,0.00034460972947146604,0.0001052334219813274,0.5424835331372505,0.16614732755047049
0.05551075069723496,0.3877550941274471,0.0026834679864597834,0.0038132565019454285,0.011831600711853667,0.0007996990702167631,0.2047931155581939,0.37798546727217686
0.2801994557046637,0.8571428396501461,0.005935528510162431,0.0017302800556137934,0.00900292918244205,0.0003904937088980937,0.14596949477908946,0.6199379339019295
0.1455927997141193,0.4897959083715121,0.0020184995826891382,0.0028376377940973227,0.06200103382740793,0.0005233694678305003,0.49891038836510526,0.23156761495232586
0.2638299032117253,0.02857142798833821,0.03578118579603626,0.022717549578068045,0.24579288954552314,0.00035005131400740264,0.08823543116865663,0.716511191830164
0.06081634791985946,0.6122448854643902,0.0031937410695688827,0.0007974701295854792,0.08175865831710531,0.0009277684377903027,0.14052295556864766,0.606437943622455
0.29081066701596814,0.14285713994169102,0.0007053305602704847,0.002645945552807847,0.009502613290175675,0.0003129691639400273,0.1448799376104179,0.6147455080632162
0.20383417321894717,0.6122448854643902,0.0014320237233349492,0.0039055841655345723,0.032450749525229715,0.001767089882493339,0.1568625731999731,0.5950152405796459
0.16484860654115652,0.06122448854643901,0.004553421246739163,0.0020217237257371384,0.04887140313454507,0.00022511841832023724,0.6383442023093867,0.2699895063011334
0.12702318835236426,0.7142856997084551,0.006226072758368707,0.0027419349875145707,0.013141117683845238,0.0005545935360074478,0.6644877567372296,0.2502592388175632
0.12288483179504764,0.36734693127863405,0.010400482672536463,0.00336601156384678,2.8717477455955502e-05,0.0004897697096378007,0.45860549955466945,0.4039460119598426
0.1756154409459391,0.9999999795918372,0.008169464263626063,0.0015925203818675515,0.006788811670587881,0.00023296376759888242,0.5653592471476893,0.28971977378470354
0.15109648032477394,0.7142856997084551,0.004105776952432463,0.0022644653074106276,0.01938716903051556,0.00036191287447500384,0.28431375155469935,0.5264798145757428
0.31959532291296733,0.9999999795918372,0.009199104556883124,0.0019396154199397121,0.005895698121707664,0.00022876628611221846,0.14052295556864766,0.5970925278163116
0.23367994012744353,0.14285713994169102,0.0057328359255417235,0.001176395414492487,0.019441732237681874,0.00021845161419531403,0.4912851503616257,0.2253373377482303
0.08307866405623109,0.4489795826738861,0.0029860549635212243,0.0020581593893206863,0.04189879960823908,0.000895849186300755,0.5315904547163669,0.3468324967457977
0.33515135808816165,0.2653061170345691,0.01569838038120959,0.001643886368861494,0.004422491528217148,0.0003239342876396335,0.6100215335442007,0.14434056508318535
0.272686741169024,0.5306122340691382,0.013834079128699179,0.0009196792592679317,0.03583366836954128,4.195713745791689e-05,0.5642701055233231,0.21391463470542132
0.048797394425803595,0.8367346768013332,0.003312293964245088,0.0029407803435060344,0.011975188099133444,0.00034153483806367987,0.5653592471476893,0.29802654597251405
0.4763298894441397,0.2653061170345691,0.018239627126093366,0.002893501712293476,0.016182298546430926,0.00043488690856546624,0.025054412803476617,0.7123574096097834
0.18548385430992897,0.5510203969179511,0.0038007651063626077,0.0010141600229707714,0.020217104128992674,0.000491535721198362,0.1274507628104209,0.6303219933264057
0.23146573063811884,0.4693877455226991,0.00922303893782195,0.0017684548547063118,0.029406696914898434,0.00025888834078646896,0.13616555798257207,0.7341641720770685
0.3560483670372507,0.6530612111620161,0.007659686087182245,0.003441653306766195,0.013129630692862857,0.0001172388803988475,0.11546854276517104,0.5981311714346444
0.15551781556014155,0.6326530483132031,0.004234437056773932,0.002869208042110255,0.027290218826394513,0.00022071340021225219,0.14270165436168547,0.7289717462383551
0.04591822383498659,0.5102040712203251,0.0017437020490118672,0.002309903127597265,0.029791511112808238,0.0006475125676392487,0.13616555798257207,0.5825546861714548
0.17565787594140794,0.32653060558100805,0.008673553618191077,0.0012558766185995802,0.05619148813806814,0.0007667939188994229,0.6405229011024245,0.22326084276451533
0.05382710514668659,0.6122448854643902,0.0018883398243261383,0.0013268509711218683,0.02509907529650511,0.002134767686600631,0.4095858155720824,0.49948062626974427
0.22425012853498277,0.4693877455226991,0.00400800770657759,0.007035418028580669,0.05229452644729497,0.0009899487614020465,0.09694981079650246,0.6427825477345968
0.25506505272075686,0.4693877455226991,0.009701782125066125,0.0017618188326333842,0.030871288265152164,0.0004047079403209581,0.5392156927198465,0.2253373377482303
0.2944680036723422,0.040816325697626006,0.010743107425167658,0.0038184385641259725,0.03282407673215714,0.0002022130312550638,0.2690632755477401,0.3717551900680813
0.5478706367733128,0.2653061170345691,0.030334531299382034,0.0018485916238131677,0.02087760611047965,0.000950055422983372,0.09586066917213625,0.6635514588364998
0.1793010619772739,0.6938775368596422,0.007931492300783683,0.0027832704426768457,0.016397679627350593,0.00020694902041223467,0.5849671207407241,0.2928349123867513
0.09856394612888492,0.6938775368596422,0.0006604520765599001,0.0031023717900870674,0.011515708459838157,0.0003556619698194349,0.6263615667198316,0.2699895063011334
0.28631859554411554,0.5714285597667641,0.004513427231337708,0.0026574736197534483,0.029722589166913945,0.0006549796972295239,0.11655768438953726,0.6344757755467862
0.515301339233533,0.6734693740108292,0.01598571450849854,0.0034694010395109414,0.00031589225201551053,0.0005851523956083248,0.13725469960693829,0.5919001019775981
0.12236134316652537,0.3061224427321951,0.0015958878411638019,0.0016882299668180996,0.0438228705977881,0.00019355724964477517,0.6067536931267967,0.22014491190951688
0.23465618114800302,0.9999999795918372,0.007935274429615197,0.0035057403534379506,0.0063379472745293776,0.00021541905472891062,0.10457504879998206,0.6012463100366922
0.26988539055797384,0.4081632569762601,0.012897701825871013,0.0036815910650175093,0.003305381655180479,0.00023175949412963885,0.6176467715476803,0.1329178620403764
0.21211090319963583,0.5510203969179511,0.0012682565030216148,0.0020270452286266427,0.02796220779886387,0.0005834517136017392,0.1568625731999731,0.5109033293125532
0.03151527870459207,0.5714285597667641,0.006511598479337573,0.0074996732806650295,0.08175865831710531,0.000942426468244984,0.12962946160345867,0.6033228050204071
0.2280489376643269,0.3877550941274471,0.003167218587247832,0.0023646336058639915,0.0177474010677805,0.0003966860475299809,0.6045749943337589,0.18483895141570783
0.16501838025514276,0.7346938625572681,0.0033290374381631134,0.0019573432725736133,0.008181609327201722,0.00015256103306754228,0.5664488043163609,0.21391463470542132
0.17467458490967755,0.4897959083715121,0.014055411808500435,0.006161972079377225,0.012767790476917817,0.0001583505765700198,0.5610018495616137,0.3385257245579872
0.21172890391013907,0.4285714198250731,0.0034279354185177495,0.0018647517368095279,0.020848888633023695,0.00035991705660104575,0.4389976259616346,0.4434057546740322
0.07906762091834871,0.6122448854643902,0.0030975461478639876,0.004155473536049637,0.0331112515067167,0.000617859252514774,0.14052295556864766,0.6054000922570728
0.45641620525889187,0.20408162848813005,0.015165631589438284,0.0018124469458757476,0.020963758542847516,0.00026798086967966,0.535947436758137,0.22637598136656312
0.21918504969585728,0.4693877455226991,0.002393956617146522,0.0006493966850674946,0.039888576186322196,0.0002448842015233606,0.4978212467407391,0.21910706054413473
0.33467738819839,0.8367346768013332,0.014614111074678606,0.002599959653167937,0.00511171098716008,0.000306793541988128,0.13834425677560985,0.592938745595931
0.10865166881166709,0.5714285597667641,0.007236448853092578,0.0042220095101724985,0.011544425937294111,0.0001467003956386794,0.5337687379650993,0.32502573427851256
0.18096348159706016,0.6122448854643902,0.0033607739792672247,0.0017041688145228114,0.03302509907434883,0.0005027935405143541,0.428104547540751,0.253374377419611
0.30929539152073005,0.32653060558100805,0.004979708842401575,0.0024596484081153827,0.0357532594326646,9.777720626948113e-06,0.11546854276517104,0.6002076664183593
0.2169283883450083,0.6938775368596422,0.006836446184551882,0.0016570543166447582,0.004881971167512435,0.0008679747949310389,0.47058813514422465,0.2575281596399916
0.06308007614793476,0.6326530483132031,0.005960514871655035,0.0013199660861169776,0.02107862845267134,0.0006007617588709154,0.14379079598605168,0.5960538841979788
0.21611487102726415,0.6734693740108292,0.01091184107727995,0.0018194833758178068,0.019404399516989135,0.00032948424461019246,0.6187363287163519,0.1464170600669003
0.24609504353150424,0.6122448854643902,0.0057489052844862,0.003742225501635125,0.026420079259479062,0.0001393575459175557,0.4684094363511868,0.20872300111965858
0.4876272793546708,0.9999999795918372,0.01790532027846812,0.00228855804740559,0.004985354086353876,0.00021024683708235423,0.13725469960693829,0.5815160425531221
0.17130729380858079,0.2653061170345691,0.003895863592739579,0.0011316678704171136,0.00057434954911911,0.00014448745307062548,0.6067536931267967,0.1464170600669003
0.11663837010313388,0.24489795418575605,0.0015632694979381833,0.0033714148913189727,0.016828441789189925,0.000353936501011488,0.27233111596514414,0.3582551997886067
0.23166380559312127,0.7346938625572681,0.0029010525731159808,0.0021115404882267497,0.007121934409076965,0.0010129249349604102,0.13071901877213027,0.6240917161223101
0.08477645179425984,0.8367346768013332,0.005343057160448422,0.003488433727945699,0.005915800355926834,0.0003821225527828175,0.46187333997207347,0.26272058547870497
0.11879597711042619,0.5102040712203251,0.0021747834669205044,0.0034305513086535268,0.011802883234397711,0.0007264718264609208,0.1448799376104179,0.5981311714346444
0.23088567325967507,0.28571427988338205,0.0028358568684096587,0.0020423575614792926,0.16015737177186384,0.0012260904659395031,0.1525051756138975,0.5129798242962682
0.33162136015030497,0.6530612111620161,0.013141987755853608,0.0032479890446170203,0.007179369363988876,0.00017902795684057547,0.41721105357556204,0.22741383273194526
0.483106906641802,0.4693877455226991,0.021711933966054114,0.0013494272934068932,0.038378036872138935,0.0002851048986511776,0.48474946952681763,0.23156761495232586
0.17541736599093666,0.4489795826738861,0.003545959023539296,0.0037848904852238008,0.056487278155864476,0.000624876991631995,0.11655768438953726,0.6251295674876922
0.15288623866307757,0.5306122340691382,0.007730400435335101,0.008132367099143303,0.07053012463182672,0.0010036105930168967,0.7603484259093658,0.23676004079103927
0.02125070699756961,0.8367346768013332,0.003933407038716318,0.0055639893140473785,0.008586525759330695,0.0012762174484135774,0.13289771756516805,0.6022841614020743
0.15993915079550916,0.32653060558100805,0.013880617720381723,0.004989924503657166,0.019642754579873564,0.00017413208320733639,0.9433549690814871,0.1671859711688033
0.1324773502242683,0.4081632569762601,0.002509430324107373,0.0015642971950387827,0.025127792773961065,0.0007445028986456671,0.12527206401738308,0.6033228050204071
0.19661855424975566,0.3061224427321951,0.003211942173854757,0.0023406672340115235,0.00017230486473573302,0.00025725135509500983,0.12200422359997908,0.6458984785895953
0.08841255408684405,0.7551020254060812,0.003150662309605305,0.002757357710928481,0.03342714375873221,0.0003886412893951122,0.14161209719301387,0.7050884887873551
0.5578310544696885,0.5306122340691382,0.024209295513587095,0.0006972229115641971,0.03405892826276322,0.00038282119471886374,0.10893244638605766,0.6542052507774058
0.47256646529909346,0.6122448854643902,0.012364605731176702,0.0009642131356919719,0.0013497214404299086,0.00015115491049108844,0.4923747075302972,0.22014491190951688
0.21231606189792004,0.4897959083715121,0.006474886476558505,0.004263738594836108,0.0294928493472663,0.0006577850251355401,0.12091508197561285,0.6240917161223101
0.47234717284635663,0.2653061170345691,0.017636452247595295,0.001996017250037443,0.022945264487308447,9.790690464869762e-05,0.5849671207407241,0.1619935453300899
0.11710525624962377,0.3469387684298211,0.003188772206649464,0.004618126188319215,0.03172419734559405,0.0007881902701260563,0.5653592471476893,0.28764248654803787
0.19547253951520993,0.08163265139525201,0.014852923510594657,0.005094998887887925,0.06073746481934589,4.077755471716121e-05,0.09150327158606064,0.7154725482118313
0.27154781017776003,0.22448979133694305,0.002475227932249933,0.0008970588775922288,0.052782723564046216,0.0004160226347780585,0.49564254794770124,0.23883653577475422
0.13205289907324724,0.8571428396501461,0.0024491892429006267,0.00014772484274558497,0.006748607202149543,0.0012562511995526222,0.11220028680346167,0.6116303694611683
0.25265276827642974,0.0,0.009874558383202186,0.003925936214844036,0.004106599276201637,0.0003531141172143819,0.442265881923344,0.4600208835555546
0.29308852899849613,0.8367346768013332,0.009489903030829038,0.0006201770781726172,0.0024984205386681287,7.237131131131237e-05,0.11111114517909546,0.6199379339019295
0.2757569029715617,0.18367346563931702,0.015009393896495676,0.004856705367996429,0.01131468611764647,0.0004150938022371214,0.44117632475467244,0.44029061607198444
0.21843518487131638,0.28571427988338205,0.00661707715547729,0.003428589455345523,0.008529090804418785,0.0005574679979532301,0.5697166447337649,0.16510868393213765
0.2783177436321406,0.6938775368596422,0.008501504612375787,0.0026624750868491248,0.008471655849506873,0.0002854209784049719,0.11982552480694127,0.6375909141488341
0.22744762905603785,0.9999999795918372,0.002461092703283668,0.0019373015756754101,0.008902418011346206,0.00018580413032468396,0.5435726747616166,0.16926246615251825
0.4279498792921308,0.040816325697626006,0.030190046337353886,0.014202704360954029,0.031982654642697644,0.00024647476480234764,0.07734193720346765,0.7144339045934984
0.07173174697392158,0.5306122340691382,0.004552432822620294,0.001351393504237052,0.020676583768287963,0.0012075095879143269,0.14052295556864766,0.6116303694611683
0.19616580185771845,0.6326530483132031,0.010129416214161024,0.002214931900567424,0.004623513870408836,0.00014674382057749857,0.004357397586075594,0.720664181797594
0.08714628437706268,0.6326530483132031,0.0030491876888649023,0.002506312144534957,0.03236459709286185,0.000694431830583966,0.1394333983999761,0.6022841614020743
0.15993915079550916,0.6122448854643902,0.01912783004047164,0.006852707124621765,0.00738326345392616,0.00035503288464379813,0.6949891242954533,0.19730029807684962
0.04049943008132507,0.3061224427321951,0.0010850719235860466,0.005081989263409626,0.09023031416661219,0.0006245917512705923,0.10675374759301985,0.7383179542974492
0.10688312797109788,0.3469387684298211,0.008789268006077568,0.012078605978045713,0.02541496754852062,0.00023887223010417044,0.6971674075441857,0.03842109909585684
0.12920909660067276,0.22448979133694305,0.005807686304204637,0.0033268616481297994,0.03115846303971172,0.00011414245168614546,0.4128540715337918,0.4901352104636009
0.39871955474637616,0.2653061170345691,0.006138895209756688,0.002742632675228499,0.023289874216779912,0.001022463434132359,0.5054464847442186,0.23260625857065867
0.24802630807488882,0.08163265139525201,0.020379120795704503,0.007070907625687455,0.014215151340697974,0.000131083942198025,0.7047930610919707,0.30010383320917966
0.11189868807147277,0.28571427988338205,0.0027246094907188447,0.001011516459530075,0.035552237090472914,1.770430912741956e-05,0.021786572386072605,0.7268952512546402
0.1879739587340229,0.9183673281965852,0.0016983043474313917,0.0025798952003207023,0.004164034231113548,0.0003854272098415298,0.1808278443790835,0.455867101335174
0.1613751942192768,0.4081632569762601,0.006348884976092633,0.002505636728600934,0.005858365401014923,0.0005353476415519482,0.3736383243477222,0.4974041312860293
0.07627333718452484,0.5306122340691382,0.0005649125154707133,0.0040212957455148,0.0125208201707966,0.0009513529832127779,0.1492373351964935,0.7030112015506894
0.3882285984103073,0.8571428396501461,0.007316540380166544,0.0015790425658421547,0.008592269254821887,5.4850885663759764e-05,0.13616555798257207,0.5867084683918354
0.4518816987915704,0.6122448854643902,0.02122852650055399,0.0009312460597437995,0.015450002871304061,0.00010950712768582127,0.12962946160345867,0.6988574193303089
0.10921052555843186,0.08163265139525201,0.002738307118002125,0.0010705850931866624,0.04873355924275649,0.00021499116536494436,0.8529408391197927,0.1796465255769944
0.205192396662948,0.28571427988338205,0.005370470127464056,0.002761917615779118,0.07363161219706992,0.0004154996140547588,0.05664483887720555,0.7372793106791163
0.08661572887131408,0.6734693740108292,0.002945327097043462,0.0019363521200147493,0.058095456893397984,0.0014229280277768472,0.1394333983999761,0.6126690130795012
0.2052277647811905,0.3469387684298211,0.01095451418742946,0.001491623408876047,0.034317385559866825,0.00028873068889682994,0.49455340632333505,0.37902411089050964
0.004244481994613457,0.28571427988338205,0.0027885271206685115,0.0015206929233411413,0.06423238182573568,0.003897482890799435,0.5490196295163638,0.18899273363608843
0.10157752231544566,0.5510203969179511,0.002939214218295667,0.0037052059300828077,0.03761989546730171,0.0013517983622825674,0.13507600081390048,0.6656279538202148
0.364671745055249,0.10204081424406503,0.01263994401550509,0.0013230211933167567,0.42062489229738026,0.00045038271369158737,0.13725469960693829,0.6562825380140714
0.20636671263850992,0.7346938625572681,0.005471944053598614,0.0037563971320214223,0.002038940899372841,4.262484392869813e-05,0.13725469960693829,0.5867084683918354
0.32248866099034784,0.4285714198250731,0.005680049006971415,0.002405823810287766,0.0842857963332294,0.0011287060055768642,0.5032677859511808,0.22326084276451533
0.03764147698824248,0.6734693740108292,0.001884996339086378,0.002876080822886938,0.033226121416540515,0.0007638832951240577,0.12636162118605465,0.6022841614020743
0.026683642938711512,0.16326530279050402,0.0025039856561834386,0.006581766080406795,0.05605651599402514,0.0009036162938312268,0.08039207395929002,0.7268952512546402
0.17493631235788326,0.6530612111620161,0.005161355564494082,0.0006400957961122238,0.015277698006568327,0.00012889578643133243,0.005446539210441809,0.716511191830164
0.15797253499993752,0.6122448854643902,0.0024687024576296097,0.0005004807862662113,0.0036471196369063487,0.0015912965071575493,0.13616555798257207,0.6147455080632162
0.1311403442780019,0.8775510024989592,0.0019942192880390017,0.0013886261102058354,0.049595083566435154,0.0005369703123852569,0.14270165436168547,0.6054000922570728
0.09902376539814849,0.24489795418575605,0.005182795963142814,0.004424175298046068,0.015731434150372425,0.0009105418222044685,0.44117632475467244,0.45482845771684116
0.3042161789271519,0.4693877455226991,0.006322795580516568,0.003473656401979857,0.002038940899372841,0.0007040546817388422,0.12091508197561285,0.6251295674876922
0.3131437193888248,0.6326530483132031,0.013803773475637843,0.0020971185424011043,0.018752512778738944,0.00014532501638174356,0.003267840417404012,0.7383179542974492
0.21963071834461273,0.24489795418575605,0.08695490312716782,0.08381734051168896,0.02018551490379112,0.00035534333452720573,0.16013082916168248,0.7507785087056402
0.11606536273586102,0.5102040712203251,0.00683720087380357,0.00042189529504653347,0.05062891275484955,0.0015464712101343515,0.13834425677560985,0.6697817360405953
0.20297112029639697,0.5306122340691382,0.0071266108306633135,7.787376260102876e-05,0.01430130377306584,0.0006128525107855231,0.12418292239301687,0.6905506471424984
0.13613468688064237,0.6326530483132031,0.0016343853282700326,0.0038695348689154335,0.026850841421318394,3.344104580568808e-05,0.5980388979546455,0.21391463470542132
0.2259620668935196,0.5918367226155771,0.007147431640897407,0.002284038812761733,0.0012635690080620421,0.0004453165989265174,0.5392156927198465,0.17549274335661383
0.2939020800483511,0.5306122340691382,0.003372186353317138,0.0027622245790064805,0.014846935844728995,0.00042003713586986636,0.5610018495616137,0.18483895141570783
0.05901244739407545,0.14285713994169102,0.004158813234501489,0.0059322967699700505,0.09804146803463208,0.00010057504049136474,0.12854031997909246,0.7892004000544478
0.25788765456165236,0.6734693740108292,0.007396406160340557,0.0026634821586360566,0.03684452357599091,5.147622990941995e-05,0.46405203876511125,0.20976085248504073
0.3319326400693721,0.20408162848813005,0.015399387294795395,4.8993074095984214e-05,0.07242547814391978,0.0002933556370268168,0.1274507628104209,0.7019733501853073
0.16262024643132372,0.6122448854643902,0.004351877192884832,0.0003675618354650398,0.013927976566138419,0.00014357552935542324,0.15359473278256908,0.5950152405796459
0.18914825784352937,0.4693877455226991,0.008022954525556802,0.002160154457895249,0.019642754579873564,0.0004693181006199552,0.5718953435268027,0.2886811301663707
0.24015279488143132,0.3469387684298211,0.0032739586676038997,0.0042284383078585,0.03914192177246735,0.0019045056034918397,0.4923747075302972,0.23572139717270646
0.3863681038355187,0.2653061170345691,0.013115516327062239,0.0029416857397760164,0.02004479926425694,0.0005186009868275139,0.46732029472682063,0.22222219914618252
0.02538908042094167,0.5510203969179511,0.0017380733105387407,0.0034683552341937427,0.009964964677216559,0.0013415485395552713,0.13180816039649648,0.6033228050204071
0.3366015689984928,0.4285714198250731,0.01730823362021031,0.0024158281969865044,0.008213198552403274,0.0006841074553068387,0.48910645156858784,0.23156761495232586
0.13046123255600148,0.2653061170345691,0.006107571959130952,0.0004905020605312746,0.027626213312629194,0.0006112256127457808,0.6753812507024185,0.28971977378470354
0.49069039114603763,0.08163265139525201,0.10957508980534522,0.09857330493558875,0.0719028200542214,0.00020887414786587618,0.10021765121390647,0.8026995980809717
0.16197650282756584,0.7346938625572681,0.0033545190536239215,0.0013548795219610473,0.0010051117109584427,0.0014601800923282834,0.12527206401738308,0.6126690130795012
0.14121391634027597,0.28571427988338205,0.013224333278897871,0.01460550402557912,0.007291367526067102,7.16125277564591e-05,0.6949891242954533,0.33540979370298873
0.0917798451879408,0.6122448854643902,0.0023879937732614654,0.0011210984583456113,0.011774165756941755,0.0016051444511429316,0.13289771756516805,0.6085152308591205
0.3051994699588823,0.18367346563931702,0.011931067492390734,0.0013526271671760435,0.05971512262191388,0.00013211634129658834,0.11982552480694127,0.6479749735733102
0.2958899133416572,0.040816325697626006,0.01397284748461468,0.0014459468933091418,0.0764746424652095,0.0005852598050808907,0.567537945940727,0.24714410021551542
0.1131225227857853,0.4285714198250731,0.002911752976173736,0.0027945661084408475,0.05117454482651271,0.0008138354826120976,0.14161209719301387,0.60436144863874
0.17292726156684277,0.08163265139525201,0.004145272240836485,0.003544147069542941,0.3191373269680335,0.00042906452735482864,0.1960783203860427,0.6230530725039773
0.17762449173697958,0.12244897709287803,0.0064547998647036435,0.0008697081635327154,0.011400838550014334,0.004115284226143219,0.10566460596865364,0.6479749735733102
0.3882356821535891,0.28571427988338205,0.020528044289088644,0.003039352336343285,0.005944517833382789,0.0006379298365163435,0.15359473278256908,0.5379025176185518
0.49353421048466756,0.6734693740108292,0.0193942287475619,0.000996023047423429,0.024668313134665776,0.0002542301514422533,0.4858386111511839,0.22222219914618252
0.2493491465345917,0.9999999795918372,0.004092692314808285,0.0005643862695148421,0.008155763597491364,0.00046570360854422563,0.10784288921738608,0.6188992902835967
0.14265704350732536,0.28571427988338205,0.008102066658387896,0.002503362586205155,0.00855780828187474,1.7785394632648245e-05,0.6492372807302703,0.3385257245579872
0.19611628311896784,0.2653061170345691,0.004897372349233311,0.0014756216191846518,0.005140428464616035,0.0003612651319473346,0.45969505672334104,0.21910706054413473
0.22625917932602327,0.6530612111620161,0.0013297325934225634,0.004369345565108033,0.013764286944639473,0.0003392573345246381,0.12636162118605465,0.5981311714346444
0.29696515810760704,0.5918367226155771,0.018171264018729247,0.004596149751584195,0.00017230486473573302,0.000459374750359104,0.22875797119299893,0.3831771008579396
0.20817060473126622,0.6326530483132031,0.00013910176672158597,0.0018805680897247714,0.01883866521110681,0.0002298472404410455,0.15795213036864467,0.6074765872407877
0.19088849744308242,0.8163265139525202,0.007542169197125362,0.001368000505338863,0.005571190626455368,0.0005575329816448611,0.14596949477908946,0.6323984883101207
0.1663129512059403,0.08163265139525201,0.005936773938444323,0.002308750805071833,0.05179197059181575,0.00042924097479428723,0.016339617631325427,0.7227414690342596
0.9999999292586362,0.5918367226155771,0.03083197327600075,0.0008193594158773998,0.013152604674827621,0.00017028398033241962,0.5087143251616226,0.19522301084018398
0.04056309944058376,0.9183673281965852,0.0029519463434529956,0.004164193422050908,0.0021538108091966627,0.00013477736774661692,0.5424835331372505,0.20041543667889739
0.12673244622899757,0.5306122340691382,0.004128187020842224,0.0016387914571240495,0.05255298374439857,0.007966065228481502,0.13616555798257207,0.60436144863874
0.0783743585758402,0.20408162848813005,0.0016485219464479897,0.0011846408147479926,0.01194647062167749,0.0004961249302194091,0.10239635000694426,0.727933894872973
0.05401810479143497,0.9183673281965852,0.004748335982399194,0.004423664499615677,0.012090058008957266,0.0003108924527065875,0.6328976630989449,0.2720660012848483
0.1995472435793233,0.6122448854643902,0.006684133014639221,0.002828927591478618,0.024237550972826444,0.000299318111701583,0.11111114517909546,0.6365522705305012
0.22023201008684637,0.6122448854643902,0.0007627953019107364,0.0027901461284682984,0.014186433863242018,0.0005311897997328878,0.567537945940727,0.18276245643199288
0.3344863969866693,0.7959183511037071,0.006921108218092582,0.0017440638665282965,0.0019240709895490186,8.606842088530959e-05,0.14596949477908946,0.6251295674876922
0.3936544759072506,0.8775510024989592,0.015752583948402833,0.002683129741863797,0.004652231347864791,6.084141361758611e-05,0.15577343157560689,0.6199379339019295
0.22076258245865038,0.4897959083715121,0.0029102873578386586,0.0021260650779076017,0.0058296479235589675,0.0004379430443150251,0.49999994553377686,0.21287599108708852
0.40900535238416075,0.5714285597667641,0.009862461822393953,0.0021234147360991084,0.03150307276918319,0.0006579373967129011,0.16448781120345268,0.5825546861714548
0.16725380724220187,0.3061224427321951,0.002510761536211247,0.0013812957896028786,0.08049508930904327,0.001588969622161532,0.1612199707860487,0.5908614583592654
0.47692411430914694,0.4897959083715121,0.018459542809968765,0.0013740187276040383,0.0016368962149894636,0.0005506622340240854,0.1742917479999701,0.5773622603327414
0.17238255544058606,0.24489795418575605,0.008493213102391988,0.002842726411636099,0.0125208201707966,0.0003234981167939721,0.7004356635058951,0.32294923929479763
0.41875349390685956,0.3061224427321951,0.014974906716241373,0.0019940021381253223,0.027080581240966038,0.0006866076557666388,0.4869281683198554,0.2346835458073243
0.1548174694743513,0.5102040712203251,0.025629590817212198,0.03657119220595063,0.015880765033143396,0.0006620122507838377,0.3692809267616466,0.28141220934394234
0.07891906470209689,0.32653060558100805,0.007123672647934699,0.005680485248015506,0.01257825512570851,0.00016411129821044921,0.9836598578919229,0.13374846003386237
0.04093095654260016,0.8163265139525202,0.002657623439444436,0.0024659561635193006,0.02191143529889405,0.00132951445142145,0.4302832463337888,0.44963682413107847
0.3457696531427478,0.4897959083715121,0.01981014830906387,0.004706917964764146,0.012331284819587292,0.00017121761651703142,0.532679596340733,0.23156761495232586
0.6594014761757969,0.3061224427321951,0.015983967574795827,0.0014175939491539798,0.01790534719378826,0.00025570955840660813,0.4095858155720824,0.24195246662975267
0.23952318503212608,0.6530612111620161,0.015494607337195418,0.004749999333803189,0.003187639997611061,0.00037610493227866593,0.5261434999616197,0.16614732755047049
0.1334111393833035,0.4285714198250731,0.0029806057806592906,0.003175829930237702,0.03339842628127625,8.480506259886739e-05,0.12527206401738308,0.5970925278163116
0.20499432170794557,0.8979591653477722,0.0028075134768632973,0.002500544721878259,0.02208374016362978,0.0014396143487367275,0.13834425677560985,0.6126690130795012
0.04417798423543356,0.16326530279050402,0.0012312930529262927,0.0022485443739636637,0.019183274940578275,0.00038081749886927904,0.09575150568311641,0.7268952512546402
0.1305814875312371,0.28571427988338205,0.00467276981241197,0.0011708758864294943,0.0033312273848908384,0.00023091274625181477,0.8464051582849846,0.18172381281366004
0.11100735077396183,0.4489795826738861,0.004825752582360183,0.0025627556131777255,0.009103440353537894,0.0002892302678389972,0.12309378076865066,0.6147455080632162
0.2299801684756006,0.3877550941274471,0.00499349711574776,0.005506891248743105,0.013841824133770553,0.0006737286259250151,0.10893244638605766,0.651090112175358
0.3501768208915519,0.5102040712203251,0.02211808389633198,0.009052592501187994,0.0010912641433263091,0.0002939523840732356,0.4052288335303122,0.23052976358694371
0.0331918489448864,0.5510203969179511,0.028839121319569613,0.04645468671503547,0.01952788467004974,0.0013895831701321007,0.15795213036864467,0.8909660838213957
0.1814162339890974,0.9999999795918372,0.003909564693052089,0.0028353873759888325,0.00459479639295288,0.0002205878713957453,0.14161209719301387,0.5950152405796459
0.29440435117913893,0.5918367226155771,0.006099563153726478,0.001317766021597834,0.0050542760322481685,0.00014430818108868623,0.1274507628104209,0.6220144288856445
0.11844934593917195,0.6122448854643902,0.0027741262049661482,0.0011496828353441163,0.04054907816780917,0.0017745055554525709,0.12962946160345867,0.6178606466652639
0.05824844038205419,0.9999999795918372,0.004062120280405005,0.00509133856927773,0.0069496295443412315,0.00024127241870266364,0.4509802615511898,0.24402896161346765
0.10923880993339262,0.9999999795918372,0.015366966566932967,0.009281681965949886,0.011541554189548517,0.0006176653774560637,0.5490196295163638,0.18899273363608843
0.2646222367638459,0.6326530483132031,0.005090105327931029,0.0022231158113436315,0.002469703061212173,0.0005182309717625402,0.11437898559649946,0.5887849633755504
0.013299373824345337,0.7551020254060812,0.004013760432194228,0.003981109707863187,0.0014933088277096862,0.0010509578798276033,0.5631805483546515,0.1796465255769944
0.39727642757932674,0.8367346768013332,0.010438470666254647,0.0038547318819857905,0.004270288897700583,0.00015170857846103265,0.13725469960693829,0.5815160425531221
0.2625141147631933,0.2653061170345691,0.0005760435741529934,0.0033148542537471486,0.0013784389178858642,0.00037969646293763045,0.10893244638605766,0.6490136171916431
0.2024617822883828,0.08163265139525201,0.00805285730722745,0.0028447458810703747,0.0032737924299789272,0.0005242408487930883,0.428104547540751,0.47040494298003077
0.10884974376666952,0.28571427988338205,0.19786188227708745,0.35289416896507403,0.00458905289746169,0.0001443309695742789,0.7941176338849936,0.2658357240807528
0.19151809042633222,0.9183673281965852,0.009701782125066125,0.0006580633124646497,0.007360289471961394,0.00036361995493496403,0.2864924503477371,0.5306335967961234
0.24364740783499006,0.6122448854643902,0.007514753104383421,0.003553806243653178,0.0039055769340099484,0.0002756635291543309,0.5653592471476893,0.1619935453300899
0.19458826909492533,0.8775510024989592,0.0038559570976747204,0.0001768718242712125,0.02650623169184693,0.0008136792873343717,0.5457513735546545,0.1671859711688033
0.15754101697169012,0.4897959083715121,0.006676106844088598,0.0018867054175955166,0.01283671242281211,0.0002856008268241521,0.49999994553377686,0.3634476256273201
0.17320315650161197,0.7959183511037071,0.0020304648629924744,0.0005681531053332704,0.00740910918363652,0.0008728143698604108,0.15359473278256908,0.6178606466652639
0.16484860654115652,0.5306122340691382,0.009961557765414701,0.00034009007912344334,0.0015794612600775527,0.00012555398759972748,0.37581702314076,0.4932503490656487
0.1433856739680764,0.16326530279050402,0.005486080324473647,0.00907060359276197,0.03750502555747789,0.00024859663028632955,0.1546838744069353,0.5877463197572176
0.2914756281174605,0.5306122340691382,0.01012656833019239,0.003476596276927093,0.017919705932516232,0.0006632565674267534,0.14596949477908946,0.651090112175358
0.046455854650989226,0.9999999795918372,0.004567001832937392,0.004061196123380697,0.00798345873275563,0.0002495481936691353,0.5490196295163638,0.18899273363608843
0.16774192775248162,0.2653061170345691,0.0033247294927061717,0.003848994477815048,0.0114869909823822,0.0004127623057431762,0.09694981079650246,0.6334371319284534
0.14614458958365775,0.4081632569762601,0.0029226798207372894,0.002205245128816872,0.00485325369005648,0.0003733123436356751,0.003267840417404012,0.7144339045934984
0.035589982768705425,0.9999999795918372,0.005629139608002865,0.006678009219736766,0.017681350869631803,0.0004712023778877873,0.758169727116328,0.2346835458073243
0.20089133326887146,0.7346938625572681,0.0021500725166458423,0.0010173991144393172,0.02030325656136054,0.00041404712670955687,0.002723186496359832,0.7196263304322118
0.08551216599829262,0.4489795826738861,0.006949448136609713,0.0013086026366750094,0.015079547412122233,0.00029837256248065795,0.4128540715337918,0.4901352104636009
0.2523415220894734,0.4693877455226991,0.007639782156664882,0.0026586307839701635,0.02208374016362978,0.0041783175039404145,0.5610018495616137,0.21079949610337353
0.19030133945530145,0.8163265139525202,0.012065237557605663,0.004843763527196096,0.000402044684383377,0.00029204139854657236,0.4368189271685968,0.44652089327608
0.20238396230861602,0.3877550941274471,0.006030755498620914,0.0018336065892912712,0.015363850438936195,0.0006781934013603134,0.038779882764170444,0.7372793106791163
0.4515492013747688,0.5510203969179511,0.022040020618328358,0.0012389355407992197,0.03259433691250949,0.0004957287256891211,0.12962946160345867,0.6365522705305012
0.30176142575524506,0.28571427988338205,0.005116803545531121,0.0017932172006057587,0.000516914594207199,0.0006642138759673941,0.06971669919998805,0.6760128054976415
0.17828945283847192,0.9999999795918372,0.00785265453726176,0.0010468075472942443,0.01926942737294614,0.0009165966805543864,0.6296294071372355,0.27102814991946617
0.2600310940823812,0.9999999795918372,0.002088197027883439,0.0029430656217917647,0.002699442880859817,0.00024193119039620995,0.5479300723476923,0.17341624837289885
0.22509903083702487,0.6938775368596422,0.0009306190203647581,0.0020780926323341426,0.009835736028664761,0.0004466937074951762,0.12309378076865066,0.6240917161223101
0.148889354578731,0.2653061170345691,0.007537234022589474,0.004497626659828905,0.021098730686890506,0.00040216988714900147,0.7004356635058951,0.3011424768275125
0.36962361893030976,0.12244897709287803,0.00960289456379918,0.0023768821164725515,0.024036528630634754,0.0013777522569111444,0.16993476595819987,0.5835925375368369
0.21476371446048967,0.9999999795918372,0.0017210214316250871,0.0012595078870620755,0.016771006834278013,0.0006589694883782693,0.5501087711407301,0.19314651585646903
0.2047396611369662,0.6938775368596422,0.007641817351793686,0.0018161329254497446,0.005628625581367279,6.800230131631274e-06,0.0326797339158173,0.730010389856688
0.2369977293558451,0.6326530483132031,0.005760585081786826,0.00185809828464798,0.008844983056434295,0.00018013433205172897,0.15359473278256908,0.5794395475694071
0.16409874171661565,0.4897959083715121,0.0032780116927153572,0.005069541275120193,0.029148239617794836,0.00015302813937846866,0.5642701055233231,0.21287599108708852
0.39586160165329354,0.6734693740108292,0.007166359650201129,0.0021988439287711856,0.017086899086293524,1.8531880859694314e-05,0.5076251835372565,0.20560707026466013
0.342458947657628,0.6530612111620161,0.00812379740228026,0.0011016150084523758,0.003618402159450393,0.00010034907709290755,0.1525051756138975,0.626168211106025
0.30599176977889203,0.22448979133694305,0.011355558764739166,0.003039039563086382,0.0120039055765894,0.0006439543742673866,0.3856209599372774,0.49948062626974427
0.09763015696984971,0.7959183511037071,0.0013355012949736607,0.0012309806420207137,0.019642754579873564,0.0006574174503215531,0.1492373351964935,0.6427825477345968
0.18020654989529294,0.2653061170345691,0.005803626333034719,0.0014401513888429994,0.009821377289936782,0.0005995002451836442,0.09259241321042685,0.6708203796589282
0.16474248532037353,0.4897959083715121,0.004647651128505702,0.0030249981741956064,0.008500373326962829,0.0005780057266948752,0.3747274659720884,0.30841139764994085
0.29323003520357704,0.28571427988338205,0.010962401436810881,0.00021650590911652593,0.029722589166913945,0.00035820597950954813,0.44117632475467244,0.253374377419611
0.266574685072854,0.24489795418575605,0.004093044827275134,0.0010740856359845077,0.1268738154004114,0.0004911114633890137,0.13834425677560985,0.6427825477345968
0.07567203700926349,0.8367346768013332,0.0016184986506630576,0.0005422791071151718,0.0002584572971035995,0.0012791591997999546,0.13050102422953486,0.7227414690342596
0.3650042087399398,0.4081632569762601,0.0021764189163849305,0.007491631231443424,0.03638791568444122,0.0006215585961523733,0.5577340091442097,0.1671859711688033
0.23694821061709448,0.4693877455226991,0.0006186645888640516,0.004761454775379539,0.01628280971752677,0.00037355853998129006,0.49673210511637284,0.22222219914618252
0.2290251786848864,0.22448979133694305,0.11892083086586451,0.10769960250318283,0.003382918844311559,0.000132226767457382,0.7004356635058951,0.4101762891639381
0.061877475797412075,0.3061224427321951,0.002137541827183856,0.0041967295874748645,0.016225374762614857,0.0004454046016786376,0.49999994553377686,0.5898236069938833
0.347686716467458,0.7346938625572681,0.012362650415720189,0.0013181165600467466,0.009275745218273627,0.00012780286142246807,0.5185182619581401,0.18483895141570783
0.05807865823504023,0.8775510024989592,0.002452802582511561,0.003109798944515691,0.01053931422633567,0.00018293600918855234,0.13616555798257207,0.6012463100366922
0.33278150863930334,0.32653060558100805,0.004920726734290719,0.0025235427554740615,0.03334099132636434,0.00029500951232943625,0.1492373351964935,0.592938745595931
0.480227736050985,0.5306122340691382,0.017498017302485878,0.0024119151420913193,0.0009763942335024871,4.0099280230295664e-05,0.11655768438953726,0.6178606466652639
0.12624503915286264,0.20408162848813005,0.0033550643192130376,0.007740281128989956,0.011084946297998824,0.0005541962170318273,0.04248358760347363,0.7154725482118313
0.12351442477829745,0.4897959083715121,0.004739646463265632,0.0033564976404750427,0.014473608637801573,0.0005417155629674326,0.5381261355511748,0.20353057528094518
0.22793576643237304,0.8367346768013332,0.004978073392937149,0.0032195431399892178,0.0041410602491487826,0.0006053331559812168,0.0022874882921828086,0.7123574096097834
0.11014429785141165,0.3877550941274471,0.003165495964749732,0.0008096034079414962,0.0507236804304542,0.000462373146311693,0.5381261355511748,0.3239870906601798
0.21914966471155933,0.8163265139525202,0.005754225617963698,0.005588313971054812,5.7434954911911005e-05,0.0005169925924232065,0.13398685918953426,0.5867084683918354
0.29068332829745075,0.6530612111620161,0.0026446422980913134,0.0012966291341313422,0.01085520647835118,0.0010935510197080485,0.12418292239301687,0.6230530725039773
0.0618986932951465,0.3061224427321951,0.0007191591207557374,0.0029503233170254718,0.022370914938189337,0.00038605673695238466,0.06132885428729941,0.7289717462383551
0.12799234562964198,0.5714285597667641,0.002997657312270021,0.0007444875018720336,0.06975475274051592,0.002176391066896031,0.10566460596865364,0.6469363299549774
0.19707837351901925,0.3061224427321951,0.0034802816096787675,0.0015995689160378187,0.031617942679007006,2.0164735417593287e-05,0.11655768438953726,0.6386295577671669
0.13660157302713227,0.9999999795918372,0.00016730623709874565,0.006740917314581031,0.0034748147721706158,0.0005763321372386149,0.1732026063756039,0.523364675973695
0.06885964326033091,0.36734693127863405,0.00554106532324365,0.0029245413109417564,0.0035035322496265713,0.0004334556341107318,0.772331061498921,0.19418436722185117
0.09527447500755495,0.4081632569762601,0.005471566535321308,0.010283984686967791,0.008643960714242607,0.0005892614324076505,0.14596949477908946,0.7123574096097834
0.19226087150759133,0.6734693740108292,0.0015630368049797704,0.0024677567885075698,0.01423812532266274,0.0011126164124488278,0.16448781120345268,0.5036344084901249
0.36559138359377613,0.28571427988338205,0.013707792839836442,0.003666996270813049,0.006116822698118522,0.0005961104675590165,0.18191698600344972,0.43406033886788886
0.23644593948630666,0.9999999795918372,0.007798777434816141,0.0011284897842587381,0.006920912066885276,1.491050996622268e-06,0.15141603398953127,0.6220144288856445
0.17099603075556905,0.14285713994169102,0.010335460619291642,0.005882834051819583,0.010671414622633065,0.00020647021242531678,0.6960782659198196,0.3219105956764648
0.08196095056270153,0.14285713994169102,0.0033236813324845444,0.00185431450291006,0.023088851874588225,0.0011016407399477121,0.3888888003546814,0.49948062626974427
0.19556449324942937,0.9999999795918372,0.007134463349752436,0.005872240431291665,0.012601229107673273,0.0005972412452800374,0.4204793095372714,0.2575281596399916
0.10113185366669018,0.4489795826738861,0.00418338179057772,0.002266705557967423,0.04462695996655485,9.530429050575322e-08,0.3856209599372774,0.4475595368944128
0.21987122829508401,0.6734693740108292,0.00902108228809509,0.0015067072139001237,0.008296479237025544,7.706850624216649e-05,0.11328984397213325,0.6220144288856445
0.28962930102923534,0.14285713994169102,0.003281946634832993,0.06285381464328815,0.023809660558732702,0.000745998945431711,0.6644877567372296,0.37383168505179626
0.027617432097746728,0.7755101882548942,0.0022674692398913666,0.005052270962312566,0.02030325656136054,0.0014261295602131514,0.4335510867511928,0.4506746754964606
0.102773055788742,0.5102040712203251,0.003314022490892879,0.001675893337428183,0.058325196713045625,0.0014222662778242226,0.10348590717561584,0.8193147269624941
0.09749575137410597,0.28571427988338205,0.00865683792850689,0.012327381759565614,0.11245764171752175,0.00017637903557260712,0.09803895242086867,0.6978195679649267
0.21931237154831923,0.9999999795918372,0.0013553218727895026,0.0002133055511782469,0.005680317040787998,0.0001384710815138293,0.5522874699337679,0.19106922861980338
0.2109790390855982,0.28571427988338205,0.003809951268676065,0.002001104899237963,0.10220550226574564,0.00030943823604966266,0.1448799376104179,0.6500522608099758
0.37223397832963934,0.08163265139525201,0.012531127063669458,0.0009504772575211737,0.025012922864137244,0.00044604838600391893,0.07625279557910143,0.6666665974385475
0.11867570526913512,0.9591836538942112,0.013555920744635996,0.00514563813702024,0.00964332892970986,0.0002292170792492256,0.8725487127128274,0.12066456100408143
0.10350168624949303,0.6938775368596422,0.0009837112182043888,0.0014680201638698287,0.0065763023374138104,0.0001110446779532145,0.6274507083441977,0.2762197835052289
0.2544849953423131,0.3469387684298211,0.0027573827310481227,0.0017554447460588845,0.006030670265750656,0.0005228339384190717,0.11546854276517104,0.5939773892142638
0.19879031187755608,0.12244897709287803,0.009063474082876964,0.00020347691787309344,0.01053931422633567,0.0005070524702109046,0.4978212467407391,0.376946823653844
0.18714627392971522,0.4081632569762601,0.0011684871396331615,0.002281734167710869,0.04179254494165204,0.0005139539995803477,0.1492373351964935,0.5950152405796459
0.12603989732063386,0.4693877455226991,0.005861507838182576,0.003529515478484727,0.03577048991913818,0.001072470133368819,0.5501087711407301,0.29387355600508414
0.08209535615844527,0.2653061170345691,0.005030936370847597,0.007475726275577695,0.0050542760322481685,0.0004895664962957867,0.04901968398258702,0.7133952609751656
0.15993915079550916,0.5510203969179511,0.0004339744512572609,0.0024504671089348095,0.03411636321767514,0.0003201447892175479,0.11220028680346167,0.6012463100366922
0.3478918751657422,0.32653060558100805,0.01141310685908094,0.004395587047694536,0.000402044684383377,4.1264067748533315e-05,0.6241828679267937,0.15264812952394655
0.6998301531545815,0.9999999795918372,0.02067572791103766,0.004143083163886474,0.013373729251238479,0.00028893916703231126,0.5424835331372505,0.17030110977085108
0.1018746347479493,0.6734693740108292,0.004391580515739732,0.00515310402497913,0.013718338980709944,0.000888330830654333,0.09771237615128095,0.7123574096097834
0.20630304327925122,0.4897959083715121,0.008452967639674278,0.0017647315941094338,0.020676583768287963,0.0004103604839058336,0.2091500975999641,0.6209757852673117
0.1965761023882314,0.4489795826738861,0.005103288946888263,0.002642639161830463,0.01957096088623368,0.00034881059048995556,0.002178698793037797,0.7113187659914506
0.23708259934678277,0.10204081424406503,0.026974285220557774,0.012509274417697636,0.0660214806712417,0.0003797117000953665,0.08333329655267577,0.7331255284587358
0.15264571184655087,0.5306122340691382,0.009315862590053244,0.0018460545775807044,0.04970995347625898,0.0014792351860570246,0.15904127199301088,0.523364675973695
0.13046123255600148,0.2653061170345691,0.04297919168858152,0.05687871248068221,0.00998506691143573,0.000405808743305449,0.8888887458884582,0.1339565056587092
0.1282540899439031,0.7959183511037071,0.004381256241747591,0.002052458782003697,0.015386824420900957,0.0009575523735935795,0.14596949477908946,0.7061263401527372
0.2507781399471884,0.6938775368596422,0.005865098950406438,0.0015557322431585777,0.0018666360346371077,0.00018120093309325605,0.12636162118605465,0.5991690228000266
0.27391057588333656,0.08163265139525201,0.020780252198744964,0.004178650712222922,0.05236057664544367,0.0001470147460807508,0.18736394075819687,0.7092422710077356
0.07925155368587077,0.5918367226155771,0.0032359821348821745,0.0009158640065366701,0.003761989546730171,0.0029673094607669637,0.5130717227476983,0.19730029807684962
0.32434207182185476,0.2653061170345691,0.016102779904755518,0.0009117340438719924,0.024496008269930043,0.0002204324831301566,0.6241828679267937,0.14018678286280475
0.2986275777273933,0.4693877455226991,0.01510025876024123,0.0016004128228285027,0.0007466544138548431,0.0004463941522756228,0.15795213036864467,0.5441327948226473
0.24792018685410583,0.6122448854643902,0.007953292505260647,0.005145144284509341,0.01003675837085645,0.0003380679523507861,0.5424835331372505,0.2782970707418946
0.2012025963218832,0.14285713994169102,0.007951406650388735,0.0019907001046700935,0.07348802480979014,0.0004580285772557102,0.6198254703407181,0.23676004079103927
0.14962505191670838,0.6938775368596422,0.005694437767071473,0.0051949507627409245,8.615243236786651e-05,0.00039902619058254055,0.6492372807302703,0.11941866401385245
0.05519948764422322,0.2653061170345691,0.0025291324716264704,0.0018167720286991437,0.0185227729590913,0.0006600828000508888,0.07690623899929062,0.7268952512546402
0.12416523525928168,0.5102040712203251,0.004505719884870402,0.0015158560737490979,0.009247027740817673,0.00014064492242237133,0.16339866957908647,0.5856698247735026
0.07593378132352462,0.7551020254060812,0.0029740275159946712,0.0016443787688650085,0.019183274940578275,0.0006013333732536282,0.14270165436168547,0.7050884887873551
0.08219439363594648,0.9591836538942112,0.001996094723823224,0.001797637664747436,0.006042157256733038,0.0002445061931953123,0.5511983283094016,0.19106922861980338
0.3062322797293633,0.10204081424406503,0.01197341413779262,0.0039062731382041894,0.003991729366377815,0.000650446786912344,0.5490196295163638,0.30010383320917966
0.320069292802739,0.4081632569762601,0.00962774756096935,0.0019529349126601442,0.04445465510181912,4.900062410523422e-05,0.10239635000694426,0.6313606369447385
0.1412705019562529,0.5714285597667641,0.005378386202988086,0.007607076518403069,0.020438228705403533,0.0008834199120091049,0.02832225322088063,0.7030112015506894
0.03487549449543478,0.36734693127863405,0.002728512133664641,0.00016747410149027512,0.04847510194565289,0.0007733111183457418,0.6307189643059071,0.2782970707418946
0.48880159533023276,0.22448979133694305,0.019122280139762034,0.002298717368225395,0.011458273504926246,0.0006813912830274247,0.48365991235814604,0.23572139717270646
0.22360638493122487,0.36734693127863405,0.006315043779275117,0.0013740187276040383,0.025644707368168262,0.0011081929099199827,0.44880156275815203,0.28348870432765727
0.1149900842378003,0.4693877455226991,0.00311419793381034,0.0019168982044383426,0.026980070069870195,0.00436251168348024,0.5555553103511719,0.20976085248504073
0.07703734419654608,0.5714285597667641,0.0033457809120811394,0.005555080602086057,0.009591637470289138,0.000187761941769888,0.13725469960693829,0.6002076664183593
0.20857383838455285,0.8163265139525202,0.011218554707672525,0.0018208729412161216,0.002038940899372841,1.45410136947659e-05,0.5403048343442127,0.20353057528094518
0.18322720982513546,0.4285714198250731,0.00629045820535566,0.000344069949358338,0.03302509907434883,0.000259909345642236,0.44117632475467244,0.44652089327608
0.2940647700190556,0.4081632569762601,0.006094079240572244,0.002959791244330017,0.02050427890355223,0.00045581309836379607,0.10675374759301985,0.6531673994120236
0.3162846511599584,0.22448979133694305,0.022598414257934286,0.0029322347583909626,0.020590431335920097,0.0007445722632603295,0.6013071539163549,0.183800307797375
0.5855545993551905,0.040816325697626006,0.018888951617000216,0.001851041519602531,0.02145195565959876,0.0008346186775455193,0.5196078191268116,0.19106922861980338
0.1632569231578553,0.8163265139525202,0.005476192610255722,0.005107794025442373,0.0185227729590913,0.000489496901106228,0.12854031997909246,0.6002076664183593
0.7721632003037645,0.7346938625572681,0.0732336106227142,0.032271649304074314,0.01378438917885864,0.00023990184308940246,0.1721130492069323,0.47767386380245913
0.21419777397044312,0.6122448854643902,0.0042280876647355714,0.0042107172335923955,0.03598299925231224,0.0006387074503544013,0.1546838744069353,0.5846311811551698
0.11327107900203713,0.7142856997084551,0.00602002974244978,0.0030687525383230312,0.015788869105284337,0.0005353612838999844,0.3747274659720884,0.5192108937533144
0.20341678894515244,0.5510203969179511,0.0001194791515718566,0.0026879811165296907,0.02828671529411617,0.0007811627700048882,0.49999994553377686,0.23052976358694371
0.11111345512868938,0.8367346768013332,0.0018672290161513363,0.005351293815970831,0.0058296479235589675,0.0005405986005256201,0.14161209719301387,0.6178606466652639
0.09023768054339021,0.5918367226155771,0.0033747393771041403,0.0030785070937515494,0.04873355924275649,0.0016424387877587052,0.11111114517909546,0.6116303694611683
0.003926147847861531,0.9999999795918372,0.004812905847238262,0.0035981706608823015,0.006814657400298239,0.0010629763080830447,0.6328976630989449,0.27102814991946617
0.1712577750698302,0.14285713994169102,0.005029915300253965,0.0010549803221805,0.021049910975215382,0.00026004640320356206,0.23529406757211233,0.3811006058742246
0.006706280961177322,0.8979591653477722,0.002202039105712017,0.003984765668951227,0.023947504450521292,0.0007222614519946339,0.12298474194292242,0.7227414690342596
0.16362477182684398,0.24489795418575605,0.014113696185038977,0.008268935716833846,0.013175578656792386,0.00014256138410282372,0.5152504215407361,0.44652089327608
0.08526457230453958,0.5714285597667641,0.01077233296613845,0.012061465906733609,0.011231405433024198,0.00023222638908024356,0.5795205815302823,0.2907576251500857
0.07083332593312888,0.7142856997084551,0.002754438644169817,0.0039279769877199585,0.009476767560465315,0.00035541390966007416,0.1492373351964935,0.7050884887873551
0.3102433313002734,0.020408162848813003,0.006730768851140207,0.0025902999948885716,0.023921658720810934,0.000261115309994053,0.09694981079650246,0.6770506568630237
0.13075834498850514,0.7551020254060812,0.0009905600318460288,0.0013268509711218683,0.00798345873275563,0.0005446605616169338,0.13725469960693829,0.6022841614020743
0.13564656637036263,0.36734693127863405,0.002259600744867787,0.002488682578234108,0.054936534373242876,3.6150300838210503e-06,0.14379079598605168,0.6199379339019295
0.06789048598305318,0.8775510024989592,0.002103515517908379,0.002836470946498041,0.18904715409255507,0.00046877624961345074,0.14161209719301387,0.6022841614020743
0.24986558515194307,0.16326530279050402,0.019626643863636217,0.00043588294116406466,0.032910229164525004,0.0005706342472574504,0.6514159795233081,0.30010383320917966
0.1391482630672031,0.7755101882548942,0.0037886546534374567,0.002121459661158901,0.010395726839055892,0.0005204409745006653,0.13180816039649648,0.62824470608974
0.23068051456139088,0.06122448854643901,0.01895441474495725,0.0008433354711124342,0.11095284589882967,0.00013436502297358195,0.11437898559649946,0.6812044390834043
0.37103844485634296,0.20408162848813005,0.018362954394052108,0.002944687588371679,0.020705301245743917,0.0003980064731032784,0.5065356263685848,0.23676004079103927
0.0662068404325048,0.5918367226155771,0.002091914558371275,0.0022062008786762006,0.00725403480537436,0.0003578070849388023,0.4302832463337888,0.41952249722303214
0.06074561168337443,0.6734693740108292,0.0025518811603861594,0.00111702175428505,0.02114467865082004,0.0006823237663375546,0.5468409307233261,0.2990651895908469
0.0829866934559562,0.6530612111620161,0.002407522963924907,0.0024946112292105415,0.04353569582322854,0.001074136613432441,0.12854031997909246,0.6116303694611683
0.10641624182460799,0.28571427988338205,0.001339866892715822,0.0008347511524670957,0.03485727413603879,0.0003717635528420832,0.6318081059302734,0.28764248654803787
0.3547113610909843,0.6326530483132031,0.012490586393467194,0.0019933402789268917,0.019585319624961652,0.0001829838534795522,0.5261434999616197,0.17445489199123168
0.2265562917585269,0.6530612111620161,0.003621584582326353,0.0012905436123573288,0.005571190626455368,0.0005713664570554954,0.49673210511637284,0.22222219914618252
0.11081634269618573,0.6734693740108292,0.003852572283387123,0.003111077151014489,0.032996381596892874,0.0006771838676056416,0.13398685918953426,0.6988574193303089
0.29944112877724827,0.6122448854643902,0.007664260066678208,0.004545452402156479,0.02069955775025273,0.0004746030693908438,0.5272330571302912,0.21495327832375413
0.4740661612160644,0.6938775368596422,0.017247268065106174,0.0004132770845622117,0.020590431335920097,0.00010452152198873907,0.5021786443268147,0.20768435750132577
0.19174446662235084,0.9999999795918372,0.0023357243360464315,0.00039016769206689275,0.02656366664675884,0.0007154830496198604,0.5479300723476923,0.17549274335661383
0.200162685942065,0.4489795826738861,0.0022217520196217274,0.0014478884115137558,0.02369191890116329,0.0006494113134818288,0.1274507628104209,0.616822003046931
0.1433573727270602,0.6530612111620161,0.005762998837101704,0.00279510837786458,0.002699442880859817,0.0020010257922845292,0.14270165436168547,0.6344757755467862
0.07681805174380923,0.7551020254060812,0.00121481352922975,0.0003915282073175076,0.0033312273848908384,0.0011993276377161093,0.13071901877213027,0.6988574193303089
0.22693830791407912,0.9999999795918372,0.012281235664509577,0.010132357441047844,0.00801504795795718,0.0006452592360351781,0.1448799376104179,0.606437943622455
0.22183784409065566,0.9387754910453981,0.016419836216195152,0.0008635398488377571,0.004537361438040969,0.00026096101695922215,0.13398685918953426,0.5981311714346444
0.3481677701005114,0.12244897709287803,0.006456201579300888,0.005331544557226141,0.0019527884670049742,0.0004938105346969458,0.09912850958954025,0.6552438943957386
0.17898273204703585,0.36734693127863405,0.0013157085013916594,0.002422361091035097,0.013554649359210998,0.00047794678967991866,0.15032689236516505,0.6438211913529296
0.3066142958849155,0.6734693740108292,0.006711246953838149,0.002373198557744197,0.002383550628844307,0.0005089249113007222,0.11546854276517104,0.5960538841979788
0.22515559958694636,0.6122448854643902,0.007175389526199234,0.004887774500961536,0.009390615128097449,0.0007892576781797205,0.1448799376104179,0.6105917258428355
0.4943406440591299,0.9999999795918372,0.0231796048614062,0.0014804875189243954,0.0046953075640487245,0.00016334331087431526,0.5544661687268057,0.19314651585646903
0.052221279575905,0.6530612111620161,0.012466615545721454,0.012532959971455671,0.009735224857568916,0.000346002995264125,0.5642701055233231,0.1796465255769944
0.37909589925035025,0.14285713994169102,0.008222830830774868,0.0006642267854683247,0.03819424501642082,0.0010451520039366318,0.49019600873725944,0.23883653577475422
0.11852008217565697,0.6530612111620161,0.0024088399366089383,0.0022843743419676673,0.005169145942071991,0.0014391047782157168,0.14705863640345568,0.6344757755467862
0.14618702457912658,0.7551020254060812,0.0001699804696058769,0.003524254012567136,0.014281201538846669,0.0006875377372549313,0.1525051756138975,0.6002076664183593
0.0368067337397362,0.5306122340691382,0.003047516119896484,0.003478840400836914,0.00427890414093737,0.00012122667323182411,0.5457513735546545,0.17341624837289885
0.24799800683387263,0.4693877455226991,0.004168892312629991,0.0019929064633879058,0.008213198552403274,0.0002448993618227979,0.10784288921738608,0.6500522608099758
0.05736416996176959,0.6326530483132031,0.0016556079679860415,0.003085077268823024,0.03527080581140454,0.00081784108735582,0.13289771756516805,0.5981311714346444
0.1344927755409596,0.14285713994169102,0.015499966221297371,0.04163244934728504,0.01777037504974526,0.0051927093756062,0.2091500975999641,0.7476633701035925
0.3037775602895673,0.10204081424406503,0.0016427185146045918,9.30573064655417e-05,0.0015220263051656416,0.0005571684043045273,0.09912850958954025,0.6531673994120236
0.4388086842971882,0.16326530279050402,0.022080880807219785,0.0018599085930188157,0.02624777439474333,0.001395986888300249,0.4978212467407391,0.24091382301141986
0.06610780295500358,0.5918367226155771,0.0022374237167193628,0.001852265983328084,0.012664407558076376,0.0006270092329863143,0.4259258487477132,0.4537898140985084
0.23289472405071557,0.4693877455226991,0.0078117283608149625,0.002173938752978881,0.015151341105762125,0.0006411306003696596,0.642701184351157,0.28971977378470354
0.28554042947855846,0.08163265139525201,0.014750156575677756,0.004189157182307742,0.051748894375631814,0.0002999829359861594,0.03812619001739803,0.7227414690342596
0.24482877382172288,0.8163265139525202,0.0030339827668957845,0.0024031879935531232,0.015599333754075028,0.0005179013841627327,0.12309378076865066,0.6230530725039773
0.28051781936701264,0.6938775368596422,0.006585255872459966,0.0018894370998175692,0.005140428464616035,0.0004169061209227066,0.1546838744069353,0.5794395475694071
0.12557299430808855,0.36734693127863405,0.011724443091378699,0.0024173257321004372,0.02056171385846414,0.00022765389673918426,0.6525051211476743,0.3468324967457977
0.15109648032477394,0.5040816223656812,0.0178987284689895,0.01065828615669922,0.004482798230874654,0.00019928376934224082,0.8507625558710602,0.18483895141570783
0.1811615565520626,0.06122448854643901,0.006470832756841202,0.003159518272304174,0.0448538280384569,0.00038041130276014767,0.12527206401738308,0.5981311714346444
0.17980333310806176,0.20408162848813005,0.0035313368758749797,0.002320603265333417,0.07285624030575912,0.00024218284368103938,0.13725469960693829,0.5919001019775981
0.1864671622077148,0.5714285597667641,0.004089689881038915,0.0009654332418953703,0.05111710987160079,0.0015575134419222236,0.14379079598605168,0.6355136269121684
0.08824984725008414,0.4489795826738861,0.002078184284613232,0.006349698975505657,0.0229739819647644,0.00015807676888056276,0.6339868047233111,0.2907576251500857
0.41224528790068465,0.30816325901707636,0.037568760886796615,0.01728197160023706,0.026621101601670753,0.0003250450822029677,0.17538130516864167,0.570093339510313
0.4854272373519097,0.5918367226155771,0.01789121283373569,0.0026296726284045853,0.012750559990444244,0.0003067262909766824,0.1851852419651591,0.45690574495350683
0.3017472920007924,0.6530612111620161,0.009807865802897716,0.004757048836311712,0.004365056573305237,0.0010533500943775964,0.16339866957908647,0.5867084683918354
0.33877330976023773,0.4489795826738861,0.01770968801496916,0.0001480395526790012,0.024093963585546666,0.0008046944753469417,0.16339866957908647,0.5576319928491713
0.12191567451776991,0.28571427988338205,0.005603100571350635,0.009848159846099125,0.008101200390325046,5.8275883603810265e-05,0.705882202716337,0.07684299044466435
0.22837435133784673,0.6938775368596422,0.0027563592293340295,0.0013548795219610473,0.004910688644968391,0.0008786681476861062,0.15577343157560689,0.5804773989347892
0.25851723067884674,0.5510203969179511,0.0088630316738944,0.0017851896764580029,0.03644247889160753,0.00032606614470245875,0.14270165436168547,0.6656279538202148
0.21476371446048967,0.7755101882548942,0.009263284400539659,0.002856099162960648,0.00893975073203895,0.0005246059257123643,0.3671022279686088,0.5098646856942204
0.14477928239637516,0.4897959083715121,0.008706964159384066,0.004888873564882852,0.012779277467900198,0.00038786463628578917,0.14052295556864766,0.6936657857445461
0.1596208208652711,0.2653061170345691,0.0024667933334618568,0.0035170626485040105,0.0114869909823822,0.00021728225360829808,0.11982552480694127,0.6344757755467862
0.2607456076547349,0.6326530483132031,0.009179039130506566,0.001540691529186923,0.02076273620065583,0.00020992614583063225,0.007625238003479607,0.716511191830164
0.14225380985403874,0.28571427988338205,0.007860211848866329,0.0014623553850683364,0.013813106656314597,0.0014174899188456097,0.005446539210441809,0.7258566076363073
0.14966750377823265,0.6530612111620161,0.0018255665575077692,0.00238798992461476,0.03005284015765744,0.0012528202643089898,0.11655768438953726,0.6147455080632162
0.09385256533823999,0.6938775368596422,0.001292552079000364,0.0019170071424922173,0.03141692033681533,0.0019113521407484952,0.1394333983999761,0.6593976766161191
0.08809422415660598,0.8367346768013332,0.01105202642912131,0.007795912161835381,0.011808626729888902,0.0006435224306281589,0.23311536877907452,0.3634476256273201
0.20857383838455285,0.5306122340691382,0.000194027723994678,0.004705315364949365,0.01863764286891512,0.0012092075798804548,0.16339866957908647,0.5057109034738398
0.1536785384830873,0.32653060558100805,0.010668676935738657,0.002247532460485449,0.0069496295443412315,0.0008131050789840744,0.10642696355127942,0.7352028156954014
0.015280140240425075,0.5102040712203251,0.0048029573550088115,0.006560162453900591,0.005255298374439857,0.00033020073688613377,0.5283221987546575,0.3219105956764648
0.039261461612559875,0.18367346563931702,0.0022513283365447534,0.0012147803429867021,0.05597036356165727,0.002207101337345534,0.3725487671790506,0.4164073586209843
0.25265985201971153,0.2653061170345691,0.010318300381866012,0.0011334447711180947,0.01960255011143523,0.0002581309022518446,0.6122002323372385,0.1308413670566614
0.0609012432098803,0.9999999795918372,0.005327326421853877,0.002984244206156459,0.02693699385368626,0.0008794524866253088,0.5566448675198434,0.19106922861980338
0.12183077079472135,0.8163265139525202,8.962846533965768e-05,0.000341344077165825,0.01967147205732952,0.0006192722923381193,0.5664488043163609,0.18172381281366004
0.0164898159012018,0.9183673281965852,0.0014245636565488218,0.005691388736785557,0.0036471196369063487,0.00010250379949962432,0.5511983283094016,0.19003137725442124
0.13371533555908893,0.4081632569762601,0.0036107938805086163,0.00580095136883596,0.011601860892206023,0.000239390158965175,0.14270165436168547,0.6012463100366922
0.27529710056835355,0.08163265139525201,0.01648118033148536,0.0009972286285529776,0.05904313364944452,0.0006280902449588654,0.6143789311302763,0.2824508529622752
0.19632144181725203,0.5510203969179511,0.007290138411959775,0.00244741200173503,0.026333926827111196,0.00042073971679372577,0.5664488043163609,0.18691544639942279
0.18106251907456136,0.9999999795918372,0.00021382399060590942,0.0035817960609620903,0.03359944862346794,0.0009012103985040481,0.5457513735546545,0.17030110977085108
0.12330219920278693,0.2653061170345691,0.008471913014124149,0.005446534725205153,0.00370455459181826,0.00013569102077354202,0.5021786443268147,0.45482845771684116
0.23884405644407025,0.5102040712203251,0.011163785036714785,0.00015912218402653632,0.017942679914481,0.0006975297964626439,0.18191698600344972,0.44236790330865006
0.3426499388693487,0.28571427988338205,0.0057090522740714834,0.0036393482769087396,0.0294928493472663,0.001579369252059053,0.4912851503616257,0.23779868440937207
0.47524756093490805,0.22448979133694305,0.021373497686674348,0.0040252852991322615,0.008959852966258116,0.00048105609215766886,0.13834425677560985,0.7217028254159268
0.2412422071339447,0.5102040712203251,0.010673490554251494,0.0025004115753679674,0.01961403710241761,0.00021222344038161365,0.6437907415198285,0.2866046351826557
0.08638228579806914,0.32653060558100805,0.0034851400302686715,0.0012563569143748863,0.012750559990444244,0.0003141507065674023,0.04313728035024604,0.7258566076363073
0.3339558246148653,0.24489795418575605,0.009277426575564384,0.001809108115566766,0.025615989890712308,0.0005382119582022896,0.48910645156858784,0.23572139717270646
0.16168645727228853,0.4693877455226991,0.003052881255451051,0.0029051842291910154,0.04011831600596984,0.00019119424124832405,0.11546854276517104,0.6313606369447385
0.15595641733167068,0.6326530483132031,0.004738633727942153,0.002914328247348707,0.01688300499635624,0.0011052058121373165,0.1274507628104209,0.6884733599058327
0.08456422621874932,0.3469387684298211,0.0007354347776364766,0.0020409210316755296,0.020705301245743917,0.0004987377280869439,0.45860549955466945,0.3603324870252723
0.1245684689125683,0.20408162848813005,0.01303441762151156,0.007847974868204995,0.01346849692684313,0.00010879215336128114,0.4923747075302972,0.46728980437798295
0.19383840427038446,0.20408162848813005,0.009491641629261598,0.005462981950494614,0.0324622365162121,0.00046679078839525524,0.09694981079650246,0.6438211913529296
0.1269807533568954,0.4285714198250731,0.004606080705136731,0.0020179748041764586,0.038378036872138935,0.00031616744911320735,0.8496729987023887,0.18276245643199288
0.10166949291572054,0.6326530483132031,0.0020835188575105746,0.0014649941068177494,0.02269829418118723,0.00019055996813751862,0.2570806399581849,0.48286628964117256
0.07790038868606855,0.7755101882548942,0.00470865315041675,0.0189392922099024,0.00229739819647644,0.0006390697603749207,0.2570806399581849,0.35721655617027387
0.05824844038205419,0.6122448854643902,0.0034547656112285823,0.004343479797765116,0.006231692607942344,0.0007398785653820706,0.27233111596514414,0.35721655617027387
0.16561260512015005,0.5102040712203251,0.0032391217533061316,0.0023646336058639915,0.014100281430874152,0.0007288631571404778,0.1525051756138975,0.592938745595931
0.10334606315601487,0.6530612111620161,0.00319194412424526,0.0011259062577899548,0.03882602952045184,0.001283059374172305,0.13180816039649648,0.6116303694611683
0.22649263926532365,0.6122448854643902,0.010807358465923409,0.0026138388454007215,0.004106599276201637,1.1766236962520773e-05,0.002178698793037797,0.7383179542974492
0.11607951335636911,0.16326530279050402,0.006170190676148584,0.009372497569351247,0.015622307736039794,0.00013091101102573633,0.572984485151169,0.2907576251500857
0.1661785456101966,0.7346938625572681,0.006596244536943814,0.0024211119346839987,0.0036758371143623043,0.001467966990870695,0.14052295556864766,0.6292833497080729
0.22773060773408885,0.6326530483132031,0.017614381146838387,0.0007774013192160894,0.018163804490891854,0.0005461911369937114,0.14814819357212727,0.6002076664183593
0.2687322920801463,0.4489795826738861,0.00726697052857202,0.00013125340899970708,0.057254034803938494,0.0005053458509007372,0.10784288921738608,0.6137068644448833
0.33110495526506445,0.5102040712203251,0.010780699493553618,0.0006492330359021182,0.02567342484562422,0.0005272446632557424,0.11002158801042387,0.6313606369447385
0.5039897818364384,0.040816325697626006,0.058376776481206524,0.10972025331013158,0.044612601227826884,0.0006833348372582024,0.10566460596865364,0.7954306772585433
0.025007072698417183,0.5306122340691382,0.002085341850553423,0.002493185351127602,0.05194991671782351,0.0012596175930398414,0.43572978554423064,0.44963682413107847
0.2997948436917843,0.10204081424406503,0.00779273089092664,0.0018189149612611443,0.019125839985666363,0.0005166288028804352,0.5718953435268027,0.22637598136656312
0.04852149949103437,0.28571427988338205,0.005923296501214228,0.0026760511892075733,0.022577680775872213,0.0003446881995612143,0.5217865179198494,0.32917951649889315
0.22562956947671803,0.20408162848813005,0.006803594801064928,0.0006386578138010757,0.03336970880382029,0.0004749906273625174,0.6067536931267967,0.22014491190951688
0.1034804687517586,0.5102040712203251,0.004801330935420384,0.002001104899237963,0.020653609786323197,0.0008666094072529465,0.5631805483546515,0.29595005098879906
0.180149964279316,0.7959183511037071,0.0024970017417047497,0.0011999182874234018,0.00229739819647644,0.0006665729261614572,0.11002158801042387,0.6188992902835967
0.11962364504867844,0.6530612111620161,0.0029766826468410365,7.540450004653208e-05,0.029464131869810346,0.0005302127386094569,0.49891038836510526,0.23260625857065867
0.37711514970032595,0.4693877455226991,0.012475999670701024,0.0020618502105859663,0.010079834587040381,0.0003169359552428582,0.5610018495616137,0.20976085248504073
0.19530983267845,0.6938775368596422,0.003344520202470634,0.0013692661234403246,0.006148411923320073,3.2498955208208835e-05,0.1546838744069353,0.5919001019775981
0.3023202993680653,0.8571428396501461,0.0009230964390524902,0.0009421432543151833,0.006857733616482174,0.0002877063599196401,0.1492373351964935,0.5919001019775981
0.1751343873128857,0.32653060558100805,0.005812548545126694,0.007381172886505605,0.0370455459181826,0.0007284857060350957,0.5806097231546485,0.24922138745218106
0.14463779305734967,0.4897959083715121,0.0059621770634445325,0.0027328539113435635,0.015105393141832594,0.0006030293669039872,0.529411755923329,0.1630321889484227
0.17284237470984964,0.6326530483132031,0.008040159912362422,0.0025340550355884206,0.011665039342609125,0.0007878853732547365,0.6437907415198285,0.28348870432765727
0.18126767777284555,0.8163265139525202,0.01187765577586194,0.0015589326010968566,0.000861524323678665,0.0002889770389590425,0.43572978554423064,0.4454830419106979
0.08075835021217885,0.9999999795918372,0.0032763272735387874,0.0025684591255094842,0.005548216644490602,0.00019071535640310732,0.5653592471476893,0.4018687247231769
0.1526315612260428,0.4693877455226991,0.004084015298579951,0.0037785948340480907,0.0002584572971035995,0.00011084734427105843,0.032788606523823385,0.7248179640179746
0.12058573544872983,0.4489795826738861,0.0037341801899642693,0.0005912770229024394,0.016368962149894636,0.0003306640771404192,0.6198254703407181,0.12668758483628081
0.06925579317033577,0.4489795826738861,0.002577556918180926,7.828530636011154e-05,0.03204870484084634,0.0013353476120084938,0.4553376591372654,0.42367627944341274
0.18573144800368202,0.5102040712203251,0.004381129128877771,0.0015597605303063055,0.018436620526723433,0.0006448414535375033,0.13071901877213027,0.7050884887873551
0.03483305106693822,0.4489795826738861,0.0016685154811194875,0.002197169187756283,0.07930044224687553,0.0008055088658809731,0.1568625731999731,0.5825546861714548
0.11130446320646548,0.8979591653477722,0.0020703699688456407,1.7647964727726303e-05,0.009562919992833182,0.001673579080389966,0.1394333983999761,0.6137068644448833
0.3764996736054734,0.2653061170345691,0.019706131083624158,0.0019367200885522828,0.01117109873036669,0.0001497199660525865,0.09586066917213625,0.6645901024548326
0.2559422562638151,0.24489795418575605,0.016724379203318953,0.006418102389956499,0.03468496927130306,0.000820328606196319,0.02701515860834956,0.8868123016010151
0.1457484396736529,0.5918367226155771,0.0052508138514014676,0.0003940943036976708,0.01858020791400321,0.000540305405330292,0.4389976259616346,0.44963682413107847
0.0594864172838471,0.6122448854643902,0.0020638854759702317,0.004985692865475538,0.0016656136924454192,0.0004013369353358111,0.1448799376104179,0.6012463100366922
0.1694609329882448,0.9183673281965852,0.003890011538486961,0.003839703272242344,0.012874045143504853,0.0003716532996124617,0.14596949477908946,0.62824470608974
0.7402518138543062,0.36734693127863405,0.010838546268409173,0.001833433256743328,0.02416575727918656,7.104281561664145e-05,0.4869281683198554,0.20976085248504073
0.25013439634343054,0.5714285597667641,0.00039271278018684046,0.006231048488916449,0.010734593073036168,0.000376951488010743,0.13507600081390048,0.5835925375368369
0.14615165646088407,0.6122448854643902,0.00626565730362394,0.0020480208877733997,0.003044052610331283,0.0005378518386432857,0.4379084843372684,0.44859818051274564
0.19634972619221278,0.6122448854643902,0.0045905993300409025,0.001440616191206199,0.02331859169423587,0.0008065273536274546,0.13071901877213027,0.6220144288856445
0.12499292006358935,0.5306122340691382,0.0039048552654161544,0.000520046060742135,0.0785423008420383,0.00041238877441103266,0.6960782659198196,0.0913808320895211
0.09257922875123228,0.3877550941274471,0.007314067583354755,0.0017819215348417571,0.0023261156739323957,0.0003235471139594539,0.723311377516334,0.24818274383384825
0.2775254438121309,0.2653061170345691,0.008984945418956516,0.001512396685327161,0.013554649359210998,0.0009910568274957734,0.13834425677560985,0.6687430924222625
0.12404498028404604,0.28571427988338205,0.005458570459942496,7.540450004653208e-05,0.0019240709895490186,0.001114672448799892,0.4302832463337888,0.44444439829236504
0.17736274742271846,0.5306122340691382,0.002216832821020298,0.0021575205778371193,0.02547240250343253,0.00025756637804719563,0.11982552480694127,0.6178606466652639
0.09791311878184526,0.32653060558100805,0.003629215869453521,0.0025252470308057924,0.05226580896983901,0.00032978685494712285,0.1492373351964935,0.7113187659914506
0.2207342812176342,0.8163265139525202,0.009833343945329294,0.0026560307957510174,0.0004307621618393325,3.758082592453174e-05,0.532679596340733,0.3219105956764648
0.1603282338282877,0.4489795826738861,0.005826972730124898,0.004430326666821534,0.003589684681994438,0.0005891420138258979,0.09477111200346465,0.6417446963692146
0.24781406563332287,0.020408162848813003,0.008746983875201824,0.008659689253546021,0.0018953535120930633,0.00040617933480766364,0.03812619001739803,0.7154725482118313
0.19959676231807388,0.6122448854643902,0.009751262372506514,0.0007271736138428569,0.01476078341236113,0.0002494370757836525,0.14814819357212727,0.7113187659914506
0.04558573485121271,0.28571427988338205,0.004436534016881687,0.002717161989894301,0.02145195565959876,0.0002801225594317942,0.6928104255024156,0.2637592290970378
0.11980756938317277,0.4285714198250731,0.0043477488030390825,0.0031731960501795724,0.06412612715914864,0.0008756945769640278,0.11546854276517104,0.6323984883101207
0.29322295146029526,0.6122448854643902,0.009263656014667275,0.0023521163813892063,0.01895353512093063,0.0006620491235526845,0.10893244638605766,0.6313606369447385
0.10480332407751691,0.7959183511037071,0.008400177942680583,0.009629112049058853,0.019944288093161094,0.0004654838322388215,0.5413943915128843,0.19937679306056458
0.2116864520486148,0.7346938625572681,0.0025557535879776544,0.0025617606456190016,0.0597610705858434,0.0006478145823243636,0.5315904547163669,0.17445489199123168
0.20321871399015,0.6938775368596422,0.004880047142919253,0.001828656928292326,0.012204927918781089,0.0005048075353759772,0.0662308226855581,0.7331255284587358
0.19341396998541882,0.9999999795918372,0.006085775227683218,0.00434921381275196,0.00114869909823822,0.0004343888860038497,0.13180816039649648,0.6012463100366922
0.32979625055981426,0.14285713994169102,0.017664799112170886,0.0005610842360596133,0.03529377979336931,0.0008243237005676811,0.28867073359646955,0.5212873887370294
0.008177705152729035,0.5918367226155771,0.0016852909069064296,0.013789925970593999,0.012021136063062973,0.000128780306837393,0.5642701055233231,0.1796465255769944
0.24748160194863214,0.5306122340691382,0.011910139018250509,0.005894448785039157,0.021354316236248512,0.00032314182093533337,0.642701184351157,0.2928349123867513
0.24078945474190747,0.4489795826738861,0.002404287837197124,0.0008549410051185687,0.019499167192593786,0.0004562715965452574,0.11655768438953726,0.6365522705305012
0.06893038792984366,0.22448979133694305,0.004559649777360318,0.0023717218419027817,0.022198610073453605,0.0003299745813419296,0.3877996587303152,0.4641746657759352
0.24983728391092688,0.6530612111620161,0.009072611622781201,0.0030890392248001707,0.003359944862346794,0.00017504688910874343,0.5697166447337649,0.28971977378470354
0.6573923916526456,0.10204081424406503,0.033274922874586686,0.003769857033789071,0.049078168972227956,0.0005701463892058494,0.11546854276517104,0.6531673994120236
0.11541453538882135,0.16326530279050402,0.0025377806617121945,0.002059723255605201,0.027540060880261327,0.0005426833242367094,0.4335510867511928,0.45690574495350683
0.22143461043736903,0.08163265139525201,0.008158552005785276,0.002930335847069642,0.005169145942071991,0.00029100050660599215,0.442265881923344,0.457943596318889
0.32647141132024177,0.6530612111620161,0.00716312973301719,0.001967548105291481,0.004250186663481414,0.0003235327030284298,0.11873638318257505,0.5981311714346444
0.08367288892123838,0.32653060558100805,0.004176060992263717,0.0031682817335269954,0.017316638905941168,0.0009755564108717247,0.4389976259616346,0.44236790330865006
0.24983728391092688,0.9999999795918372,0.007744279007441267,0.006447071681412028,0.005772212968647056,0.010550343287082398,0.5446622319302883,0.17653138697494664
0.14331493773159135,0.8163265139525202,0.004438118065513507,0.0011000661514108394,0.005197863419527946,0.00038383520546944036,0.6318081059302734,0.2679130113174184
0.20053761835433545,0.5918367226155771,0.004225429755465821,0.002662620821756753,0.005858365401014923,0.00047408446801972475,0.1612199707860487,0.5856698247735026
0.0339770818876698,0.8979591653477722,0.0021758635790110467,0.0036301936070302254,0.014042846475962241,0.00011578087847070706,0.13725469960693829,0.5981311714346444
0.030836158549563942,0.7755101882548942,0.0017522630660639174,0.00357361602353891,0.04020446843833771,0.0009420640813661657,0.1394333983999761,0.60436144863874
0.15551781556014155,0.6122448854643902,0.0019015501856084432,0.0036116160375761004,0.0595026132887398,0.0021357814475617366,0.1394333983999761,0.6313606369447385
0.2488327416493512,0.6530612111620161,0.011035084992537171,0.0003598248127942835,0.02637413129554953,0.0005433890947799688,0.3867101015616436,0.4963654876676965
0.09726230830086102,0.6938775368596422,0.0017843246827039607,0.0022714450895646716,0.056918040317703804,0.001979884380034999,0.13725469960693829,0.6147455080632162
0.36759335064153487,0.3469387684298211,0.01170826224819594,0.0009930996342265566,0.009218310263361717,0.0003529032564716379,0.5337687379650993,0.22949111996861088
0.11794000793115778,0.6938775368596422,0.004954611691276532,0.0030481545310963734,0.022893573027887727,0.0007148683369460982,0.4204793095372714,0.23260625857065867
0.13028437509873347,0.5102040712203251,0.0016675149013983127,0.0027046607430007514,0.0782838435449347,0.0012862401932970838,0.13398685918953426,0.5887849633755504
0.11324984463824728,0.7551020254060812,0.003310745687814336,0.0035703454610770224,0.0012348515306060865,0.000596827680381509,0.06285402655128694,0.7217028254159268
0.27604696539289447,0.7142856997084551,0.006949448136609713,5.85360476154214e-06,0.008753087128575237,0.0004907283247695209,0.12309378076865066,0.6199379339019295
0.26826540593365644,0.2653061170345691,0.010790899780402246,0.0019474516972817768,0.03196255240847847,0.0009477608184728484,0.13834425677560985,0.6677052410568803
0.1323500115057509,0.3061224427321951,0.004800874232076633,0.003836047795323432,0.04066394807763299,0.0008019567827438652,0.12091508197561285,0.6334371319284534
0.03393463002614552,0.9183673281965852,0.0027048771278454457,0.006337798098331239,0.010826489000895225,0.0001334928734280061,0.5653592471476893,0.29179626876841847
0.22686048793431232,0.4693877455226992,0.012159735209925837,0.008838158835940732,0.014588478547625395,0.0005395996347870326,0.19389962159300492,0.6323984883101207
0.07990944791013677,0.7551020254060812,0.0022185363418576326,0.002176708200392944,0.020016081786800987,0.00037765489516131454,0.14270165436168547,0.5960538841979788
0.211891610746899,0.9999999795918372,0.0025569726212373986,0.0006821652516730507,0.0051375567168704395,0.0001221977009787997,0.5544661687268057,0.18899273363608843
0.26457976803626615,0.36734693127863405,0.005445310434342201,0.0024872784877619436,0.0015220263051656416,0.0002523072336647021,0.11437898559649946,0.6126690130795012
0.45120257020351456,0.9999999795918372,0.02376670656062764,0.019700323770889563,0.03668370570223756,0.0027104232786641035,0.12200422359997908,0.6157841516815489
0.2095925144005812,0.5306122340691382,0.00841711208590334,0.001530434406203195,0.02885532134774409,0.000273229330758621,0.5969497563302792,0.14745570368523314
0.2671547761834086,0.6326530483132031,0.0031359335399436263,0.00035070306641649574,0.017552122221080005,0.0002603574871679347,0.11982552480694127,0.5981311714346444
0.1557654092538946,0.28571427988338205,0.005349020698939325,0.0027115359446230757,0.009017287921170028,0.0002998398642629526,0.7559910283232902,0.24818274383384825
0.15358658474886785,0.4897959083715121,0.002571875389663503,0.005301802047672664,0.013267474584651441,0.00037818542878332147,0.2037035583895223,0.37902411089050964
0.19530983267845,0.28571427988338205,0.008575815629599274,0.0009090953221225792,0.005226580896983902,0.00021503357193130448,0.4858386111511839,0.435098190233271
0.15790886564067882,0.4081632569762601,0.002542958948294185,0.0014440634753999275,0.059789788063299355,0.0006674058395454982,0.6252720095511599,0.2679130113174184
0.24457413011679893,0.5102040712203251,0.013130558016657544,9.457275583722301e-05,0.014904370799640906,0.0003760034793242566,0.6459694403128663,0.3011424768275125
0.2125070531096407,0.5306122340691382,0.00878593389801673,0.0005873600946542279,0.007380391706180565,0.0003826355819272739,0.639433343933753,0.1329178620403764
0.1297396689724768,0.6530612111620161,0.006995257392153949,0.005482821748866303,0.1155878467602209,0.0010707102704721615,0.6296294071372355,0.2928349123867513
0.16382284678184642,0.6530612111620161,0.007608806208962151,0.0021620088256567634,0.015335132961480239,0.0008126498857094613,0.14270165436168547,0.7030112015506894
0.3873796961082652,0.08163265139525201,0.019357518828600373,0.0005839709107558991,0.05605651599402514,0.00011968777794420199,0.07516323841042985,0.671859023277261
0.17067768395927554,0.6530612111620161,0.010368020268323274,0.00340337005378893,0.012348515306060867,0.00027573164482163796,0.6089323919198345,0.21910706054413473
0.23757073672311796,0.06122448854643901,0.013018250670445722,0.0004714015884185503,0.08040893687667541,0.0006768095676905101,0.17647044679300788,0.7092422710077356
0.14069042771175372,0.6530612111620161,0.002340047215529063,0.0036888734528767618,0.005542473148999412,0.00010250243526482069,0.8714595710884613,0.08639653110094958
0.20632426077698562,0.12244897709287803,0.002809812622213584,0.0012325057747749617,0.039630118889218593,7.235324961109555e-05,0.2080609559755979,0.616822003046931
0.15404638715207597,0.17346938421491054,0.017690954495302322,0.01008533009361289,0.031302050426991496,0.00048462270151324917,0.11873638318257505,0.7487020137219254
0.15551781556014155,0.4489795826738861,0.0575809874016104,0.06179315501723231,0.02911952214033888,0.0012054598731583387,0.10675374759301985,0.7673936375871626
0.2018463399256411,0.020408162848813003,0.008274179567941017,0.006399670071240873,0.003532249727082527,0.001275481760777512,0.10021765121390647,0.6469363299549774
0.9999999292586362,0.7959183511037071,0.03362876203860168,0.005943611802499186,0.007078858192893031,0.0001308368427673992,0.14052295556864766,0.5825546861714548
0.5057724226993494,0.12244897709287803,0.022744639207606686,0.0010665810144953511,0.34498305667839346,0.0006148271926273127,0.15141603398953127,0.5524403592634085
0.5101442391959664,0.9999999795918372,0.01195891076772797,0.002622129273385162,0.0077250014356520305,0.00014002039110093815,0.5468409307233261,0.17237760475456604
0.26675862627340374,0.6734693740108292,0.015163193522918793,0.0025406581341606217,0.0177474010677805,0.0002273512671876791,0.5381261355511748,0.21183813972170637
0.2287492837501172,0.9183673281965852,0.004589792198047841,0.0011656759099912014,0.007317213255777462,0.00018257054797778227,0.5479300723476923,0.1962616544585168
0.09509055067306062,0.5714285597667641,0.003340329645401667,0.0042729039164354455,0.008701395669154517,0.0016085339021197896,0.14052295556864766,0.6240917161223101
0.16721843912395934,0.8163265139525202,0.00765414660556033,0.0034857901645050024,0.008985698695968478,0.0004746265111719763,0.501089087158143,0.23572139717270646
0.24796262184957468,0.24489795418575605,0.018809005957153912,0.013383848480970094,0.07084601688384222,0.0005804600619648694,0.1525051756138975,0.5015579135064099
0.3572580342649997,0.6530612111620161,0.012661091290486808,0.005007780661110075,0.009295847452492796,0.00037112643597422227,0.11546854276517104,0.5960538841979788
0.17626625142692331,0.5306122340691382,0.003675810029603746,0.00249753028488526,0.003015335132875328,7.757730818018914e-05,0.12527206401738308,0.5981311714346444
0.12821165494843428,0.3469387684298211,0.005017856942767265,0.0034656148369273795,0.0016943311699013747,3.871640728922731e-05,0.5708057863581311,0.2886811301663707
0.48434490884267806,0.7346938625572681,0.016276441785345236,0.0018525545481285707,0.00057434954911911,6.77146591330726e-05,0.15359473278256908,0.6230530725039773
0.14633558079537842,0.7959183511037071,0.000838729612996344,0.0023887762152791725,0.003589684681994438,0.0010548600909448716,0.15359473278256908,0.592938745595931
0.29647705446338274,0.9999999795918372,0.003911502643362452,0.0019208664546141569,0.00229739819647644,0.00020392591451658302,0.5577340091442097,0.1879540900177556
0.18462788513066056,0.4285714198250731,0.004654574612275788,0.003672161387074102,0.01984377692206525,0.0003702514042424416,0.23093666998603674,0.7383179542974492
0.08884407211509143,0.4693877455226991,0.0032987953415366893,0.0012459559931600436,0.00913215783099385,0.0015854326032509877,0.12309378076865066,0.6126690130795012
0.16337717813309094,0.4693877455226991,0.005684480592268946,0.0012966291341313422,0.015392567916392149,0.0004232048698692754,0.1525051756138975,0.7082036273894028
0.31475662026986045,0.6734693740108292,0.011657285125157403,0.0021105973267647577,0.003044052610331283,0.00034315499178770305,0.6274507083441977,0.26895086268280055
0.2779428112198702,0.6734693740108292,0.006195953606977025,0.0027083113782283797,0.0008328068462227096,0.00041259840542099595,0.1448799376104179,0.62824470608974
0.670812037318282,0.6326530483132031,0.01955050811685527,0.0034635571181319655,0.00255585549358004,0.00018440896005580837,0.14161209719301387,0.5887849633755504
0.2507781399471884,0.6734693740108292,0.011761514205380151,0.0008727003287458114,0.03460456033442638,0.00016501226961807315,0.5283221987546575,0.17445489199123168
0.04989388198857101,0.5510203969179511,0.0029922647397845367,0.006315816819904936,0.01679972431173397,0.0017579752568392443,0.6928104255024156,0.26272058547870497
0.23324135522196981,0.24489795418575605,0.005628906915044451,0.003618278204781958,0.036557348801431355,0.0004214868563163117,0.5599127079372475,0.21183813972170637
0.12204299637023187,0.3061224427321951,0.0011293110226153807,0.00042538615446181214,0.011142381252910736,0.00010655788261531158,0.891067444681496,0.0010386436183328174
0.1689940468417549,0.3469387684298211,0.0030634996950189767,0.0017254819395520163,0.18287289643952465,0.0006737454194633019,0.13180816039649648,0.6438211913529296
0.24496319628352203,0.7551020254060812,0.006716765597284683,0.002777387787767604,0.013267474584651441,0.0020113509361446447,0.11220028680346167,0.6490136171916431
0.14826682847270756,0.32653060558100805,0.0033378519863489567,0.0021242194251903978,0.00017230486473573302,1.637254695504985e-05,0.891067444681496,0.07435087956302613
0.18306450298837554,0.24489795418575605,0.011255914083100073,0.00468644729401824,0.009419332605553405,0.00012718549713739753,0.9270149359058563,0.1713397533891839
0.16450197536990227,0.8571428396501461,0.006711246953838149,0.006161972079377225,0.00866119120071618,0.002032109209774682,0.13834425677560985,0.616822003046931
0.12358516101478248,0.20408162848813005,0.0036900886946772114,0.0011912497233497338,0.054304749869211855,0.0007026919841012076,0.12091508197561285,0.6760128054976415
0.26558431029784185,0.6734693740108292,0.008363151630756198,0.0019597984942233884,0.00031589225201551053,0.0003471241656977965,0.12854031997909246,0.6313606369447385
0.3018816807304807,0.28571427988338205,0.0061784148093653206,0.002258558928214097,0.04367641146276272,0.000352056047444021,0.12200422359997908,0.6365522705305012
0.17136387942455775,0.9999999795918372,0.0019815472462873527,0.0003631220045582291,0.02263224398303853,0.0017407211836261657,0.4193897523685998,0.22741383273194526
0.35474671234317134,0.18367346563931702,0.02307704283521387,0.003306996188794309,0.04663718338847174,5.016425874898995e-05,0.14596949477908946,0.546210082059313
0.7049235669668341,0.12244897709287803,0.01611926290148129,0.003935568759652215,0.03021078628366519,0.0003552856139448107,0.09368197037909844,0.6469363299549774
0.11509620545858328,0.6530612111620161,0.002827729632708441,0.001799711361124085,0.022629372235292936,0.0015363870170409584,0.14161209719301387,0.6344757755467862
0.11624928707035535,0.6530612111620161,0.001968408776710109,0.003221825997429307,0.022327838722005406,0.00035479729474341686,0.8333329655267578,0.35721655617027387
0.10353705436773554,0.9999999795918372,0.004541036424504838,0.0032795307266513807,0.020676583768287963,0.0009096429451854868,0.49891038836510526,0.23156761495232586
0.10594933881206266,0.7142856997084551,0.003372016174884866,4.437894230297374e-05,0.013566136350193377,0.0004666751358701435,0.4215684511616376,0.4890965668452681
0.04889643190330481,0.7959183511037071,0.0026624506027712698,0.0019736234595137997,0.17190282005134963,0.0005347072197772392,0.14052295556864766,0.6033228050204071
0.06617147231426228,0.4897959083715121,0.005274505814900034,0.005588313971054812,0.009103440353537894,0.0011911318530241084,0.13725469960693829,0.6137068644448833
0.034960381352427905,0.14285713994169102,0.005017073080070045,0.006305997869982349,0.01598701969973043,0.0005048666009786012,0.5446622319302883,0.33748708093965435
0.2572085259735965,0.3061224427321951,0.01261181595177099,0.0023555990099293034,0.0037907070241861266,0.0004056579088940639,0.020697015217401023,0.7424717365178297
0.2541029791867609,0.18367346563931702,0.010801214677215466,0.0004557871340298213,0.06197231634995198,0.000628066418886239,0.28758159197210337,0.5171336065166487
0.16329229127609782,0.7755101882548942,0.003281946634832993,0.0025285200141133214,0.008098328642579452,0.001359325864066546,0.13725469960693829,0.616822003046931
0.026917094444984174,0.4897959083715121,0.0033162827383157894,0.006931195782015776,0.026075469530007597,0.0006742599857737342,0.13616555798257207,0.6022841614020743
0.15441425268712008,0.2653061170345691,0.008392960640637636,0.00412571650142231,0.007007064499253143,0.00038685779257157516,0.7647058234954414,0.1921078722381362
0.05310554156316189,0.2653061170345691,0.0032105786625790432,0.003438336748237116,0.031445637814271274,4.062287739083635e-05,0.3867101015616436,0.49532684404936367
0.5132498197149129,0.9999999795918372,0.02285627278614788,0.002896452723130664,0.001608178737533508,0.00031179797796841496,0.5511983283094016,0.19314651585646903
0.541256309546355,0.7551020254060812,0.013076507262750423,0.0014730196942889919,0.020217104128992674,0.0003857051102353977,0.14161209719301387,0.5835925375368369
0.06083049854036755,0.9999999795918372,0.004311962709852744,0.002737380892693474,0.10504853253388523,0.01961412875211923,0.5468409307233261,0.17549274335661383
0.07030984573763434,0.4081632569762601,0.0023487224952427822,0.00252455951064356,0.004738383780232658,0.0009998499548860087,0.060239671108502646,0.7258566076363073
0.22321023502122,0.5102040712203251,0.003227548578002867,0.00041456013275229333,0.034633277811882336,0.0005936221801355296,0.10784288921738608,0.6355136269121684
0.1245684689125683,0.5714285597667641,0.0053041481193784315,0.00396037225992757,0.008701395669154517,0.0007651873883088613,0.5653592471476893,0.2990651895908469
0.107321729742627,0.36734693127863405,0.003056768964371158,0.0024389293586066416,0.042898167823706326,0.0012593128306705446,0.12091508197561285,0.6012463100366922
0.1900042270227978,0.3469387684298211,0.011121316835289849,0.004601083435001905,0.041410602491487834,0.00015827160466800797,0.14705863640345568,0.62824470608974
0.1232668310845444,0.36734693127863405,0.008583303480619241,0.0060477953155338125,0.022600654757836982,0.0011740819923109279,0.31372556194425155,0.44963682413107847
0.14520371668134077,0.4489795826738861,0.001131722346809798,0.0014665434480284141,0.02541496754852062,0.00046672768773194453,0.1492373351964935,0.6095530822245027
0.2837365373858022,0.2653061170345691,0.013547998764962274,0.001589158311440409,0.028774912410867413,0.0003766467832851704,0.572984485151169,0.2886811301663707
0.1933007818874095,0.9591836538942112,0.004977361421944991,0.004669559474821996,0.010367009361599936,0.0004854241414239335,0.4978212467407391,0.22845247635027807
0.01845642326374573,0.3469387684298211,0.006245499841972785,0.023430275585121455,0.011975188099133446,0.0016527108993926519,0.5631805483546515,0.29802654597251405
0.3543576461764482,0.28571427988338205,0.009034661832384548,0.0025222538972544395,0.01487565332218495,0.0008527412879641305,0.11873638318257505,0.6251295674876922
0.2237761586452111,0.6734693740108292,0.010165101589499691,0.00031122875738353207,0.03179024754374274,0.0019586722581505776,0.14052295556864766,0.6355136269121684
0.21540745806424755,0.32653060558100805,0.0041422406336215824,0.0021223916867309416,0.00427890414093737,0.0006417911974478023,0.5043573431198525,0.20768435750132577
0.07403791019746572,0.20408162848813005,0.014708143341081956,0.01663717936358001,0.04650795473991994,0.0003756258552877022,0.07952063599650544,0.7694701325708776
0.1174943392824023,0.12244897709287803,0.008943894213457437,0.004834685356039858,0.04030497960943356,9.84335761411901e-05,0.6111110907128723,0.3509862789661783
0.32398835690731875,0.6938775368596422,0.009547770643859975,0.0022660596763502266,0.011423812531979098,0.0003125069957747985,0.13398685918953426,0.5919001019775981
0.2630659046327318,0.28571427988338205,0.005461807323184894,0.0008787137093197034,0.09206823272379334,0.0013058005919112524,0.15141603398953127,0.5119419729308861
0.9999999292586362,0.9999999795918372,0.028195193916086245,0.0030267842741100257,0.007604388030337017,0.0004481515172775696,0.14161209719301387,0.5991690228000266
0.01845642326374573,0.4693877455226991,0.002826729747593112,0.00524194809168992,0.016279937969781177,7.99975760092425e-05,0.5337687379650993,0.3219105956764648
0.21773483878552613,0.8979591653477722,0.005587673375510795,0.0015983594615552436,0.0024984205386681287,0.00011533594577898302,0.5631805483546515,0.18276245643199288
0.17830360345898,0.24489795418575605,0.004946659148945586,0.0017065175189643535,0.015335132961480239,0.002579957085042643,0.10566460596865364,0.6427825477345968
0.20721559807449658,0.6326530483132031,0.005214753388905956,0.0013902577601683165,0.000287174774559555,0.0018070688794860205,0.14161209719301387,0.6552438943957386
0.05873655245930622,0.16326530279050402,0.12207238261825563,0.1467404155487851,0.03359370512797675,0.00039902699759467784,0.8082785527232812,0.3136030312357036
0.10650112868160111,0.28571427988338205,0.008403997927530705,0.004814960305751585,0.009247027740817673,0.0003751397841915482,0.6830064887058981,0.32294923929479763
0.16598047065519417,0.4489795826738861,0.0024806232831588006,0.0028282836465379356,0.016254092240070815,0.00013587990004283065,0.10566460596865364,0.6500522608099758
0.377433479630564,0.6734693740108292,0.012366300569440962,0.0036522925385547135,0.005599908103911323,4.942065470814869e-05,0.5021786443268147,0.20872300111965858
0.13613468688064237,0.8775510024989592,0.003577602140157119,0.0024098937359805306,0.010186089253627417,0.00028614702032453854,0.6296294071372355,0.26895086268280055
0.15109648032477394,0.4489795826738861,0.004801164230017341,0.0038467542272582526,0.03648268336004587,0.0011119389834032493,0.4389976259616346,0.455867101335174
0.190209385721082,0.4897959083715121,0.007023336833478827,0.0006020013690950083,0.02593188214272782,0.00046398067606013904,0.027450898366957122,0.732086884840403
0.2392614575839204,0.22448979133694305,0.0022554754807483446,0.010011111807930774,0.03329791511018041,0.00019324731855488447,0.5054464847442186,0.20872300111965858
0.29257920785653735,0.7959183511037071,0.004464780510912529,0.004449291571578326,0.01446212164681919,0.0006064214310630041,0.09150327158606064,0.6448598349712624
0.12279992807199909,0.8163265139525202,0.0008957636990120707,0.008082530602425763,0.014266842800118695,0.0007345193899236954,0.14705863640345568,0.7061263401527372
0.21426144332970182,0.9999999795918372,0.0008610716100331951,0.000860813976645244,0.009677789902657004,0.00030019544918232746,0.11111114517909546,0.6490136171916431
0.08568902345556063,0.7346938625572681,0.001506272226032295,0.003131964207210761,0.04999712825081853,0.0013029456904025136,0.13071901877213027,0.6054000922570728
0.19373936679288323,0.6122448854643902,0.003264831546787353,0.0018794331972879596,0.06099592211644949,0.0005587486877860504,0.12636162118605465,0.6313606369447385
0.3673598907022345,0.28571427988338205,0.011622235314167834,0.0008807326945848506,0.03428866808241087,0.00022172869833933363,0.12527206401738308,0.6469363299549774
0.37335877556645064,0.4693877455226991,0.017627290396486448,0.0026113516685884767,0.024811900521945554,0.000597170343499399,0.15904127199301088,0.570093339510313
0.13643886619037235,0.9183673281965852,0.0036031393240856073,0.002279148704565573,0.0009476767560465316,0.0003754038885207824,0.0,0.7248179640179746
0.15846772238744358,0.3061224427321951,0.006201996677837296,0.0019673026315434167,0.022959623226036424,0.0002906640786175919,0.6274507083441977,0.2928349123867513
0.22068476247888358,0.5714285597667641,0.00296257728592615,0.0011992046221282397,0.035552237090472914,0.00040150390998994315,0.11982552480694127,0.6240917161223101
0.14987972935374316,0.5510203969179511,0.01057647148271031,0.004951592833767068,0.014588478547625395,0.0004094216597860532,0.410675372740754,0.5171336065166487
0.17346490081587312,0.4897959083715121,0.004561910719389075,0.011457857580301664,0.021362931479485297,0.0005264285818391375,0.11002158801042387,0.7923155386564955
0.13783247461867112,0.5510203969179511,0.0004114845031752099,0.000971102862388146,0.024378266612360627,0.000503898224842934,0.0,0.7372793106791163
0.17712222060619176,0.9999999795918372,1.1030340834608935e-05,0.0026772519286458385,0.006605019814869766,0.0003416337931233783,0.5446622319302883,0.1713397533891839
0.20304894027616377,0.6122448854643902,0.0051383606379619825,0.0026665566326009695,0.005944517833382789,0.00014168750524552498,0.1982570191790805,0.6178606466652639
0.05382710514668659,0.6326530483132031,0.0046952017609058795,0.0015144810334246329,0.024277755441264783,0.0008745548260366227,0.1448799376104179,0.6012463100366922
0.09804045750036265,0.3469387684298211,0.013751935041350258,0.017724458608311584,0.012750559990444244,0.0005228659114713705,0.10021765121390647,0.7892004000544478
0.15993915079550916,0.22448979133694305,0.0033356188285540403,0.0039449955325808524,0.03675837114362304,0.00048608454635632923,0.05228752439999103,0.7050884887873551
0.25986132036839493,0.3061224427321951,0.029264324288203483,0.040007848887312424,0.008198839813675297,0.00010025127490769096,0.5315904547163669,0.5316714481615056
0.1843802914369075,0.5918367226155771,0.001879777070759473,0.0007971941531823295,0.024294985927738356,0.0005193067381561986,0.5816992803233201,0.1588784067280421
0.3380376124222604,0.6530612111620161,0.015543274895795977,0.004003153928276174,0.008244787777604826,0.0003759846490410518,0.11764682601390347,0.5970925278163116
0.608538445342976,0.8571428396501461,0.021719942771458587,0.0028537315759231013,0.001608178737533508,0.00017081705027828677,0.14052295556864766,0.5846311811551698
0.11719722684989865,0.36734693127863405,0.0017942780371743336,0.00043957715161324303,0.019499167192593786,0.001172325203746222,0.3169934023616556,0.5046730521084577
0.04214063220337688,0.7551020254060812,0.000128495135453042,0.0019496764544264652,0.004451209005673103,0.000723347382898308,0.28867073359646955,0.5275184581940756
0.1857880504857144,0.4489795826738861,0.0031434040258174435,0.0018208729412161216,0.03813393831376331,0.0015628284622879415,0.6252720095511599,0.16926246615251825
0.4750494859799056,0.6938775368596422,0.016500677917582807,0.0031275146929213835,0.006883579346192534,0.00041811241192229353,0.49891038836510526,0.20872300111965858
0.2082979434497836,0.4489795826738861,0.0026761096794300967,0.0040709714980817335,0.019068405030754455,0.0004137988167607251,0.12527206401738308,0.5898236069938833
0.37033809877055274,0.4285714198250731,0.010573693059326277,0.0037004562309338645,0.008902418011346206,0.0008330013867931264,0.17756000396167948,0.435098190233271
0.2125070531096407,0.5714285597667641,0.00266487616638553,0.0020219178775575997,0.006748607202149543,0.00015461949045501836,0.11220028680346167,0.651090112175358
0.5576541632803096,0.3469387684298211,0.02236891301338397,0.0036538249338458873,0.03115846303971172,0.0005495646975172934,0.1612199707860487,0.5742471217306936
0.1840548777633877,0.5714285597667641,0.0038776510274572463,4.394319008747433e-05,0.00970650738011296,0.0004981602340443733,0.0010891416243662153,0.7352028156954014
0.32956279062051386,0.22448979133694305,0.018155722212924816,0.0002917215832030083,0.0185227729590913,0.00041611179040466065,0.5435726747616166,0.34371735814374993
0.34671050917900936,0.3061224427321951,0.015132790625039019,0.003143109780544979,0.03115846303971172,0.0010552440750056513,0.11982552480694127,0.626168211106025
0.6946306855857678,0.5102040712203251,0.022510157639140493,0.003501919774846278,0.006461432427589988,0.00038452937040958174,0.4869281683198554,0.21599192194208697
0.08945953134388858,0.20408162848813005,0.007656114771224994,0.005825048466353078,0.03210613979575825,0.0015822295336487076,0.08278847641390946,0.8234685091828747
0.2290251786848864,0.020408162848813003,0.0007096266974280449,0.01137467732405411,0.0019527884670049742,0.00036306111824442594,0.5686275031093987,0.22949111996861088
0.15993915079550916,0.5510203969179511,0.0037332042687506276,0.0036914700519120095,0.030032737923438257,0.0006118216488529358,0.13725469960693829,0.5877463197572176
0.17494339610116502,0.5918367226155771,0.0016992177541188924,0.0011272474062754363,0.024180116017914532,0.00041635427833735877,0.005882362077910442,0.7258566076363073
0.26506790541260133,0.6734693740108292,0.006159844522072293,0.0011003585895643525,0.010384239848073509,0.0002750187264565906,0.639433343933753,0.28348870432765727
0.05876485370032241,0.24489795418575605,0.00775506588892685,0.008391343355858916,0.0009476767560465316,0.0001304008640674848,0.7690632210815169,0.2699895063011334
0.09688029214530883,0.5102040712203251,0.004998786539265112,0.0013675986449623468,0.021107345930127294,5.90260206000491e-05,0.5348582951337709,0.32294923929479763
0.2171193964227844,0.4693877455226991,0.0004121027023781571,0.0012690363355076625,0.004652231347864791,0.00021383054740941633,0.11546854276517104,0.6334371319284534
0.08875211838087198,0.6938775368596422,0.0004105780425461693,0.007203385982581844,0.024085348342309874,0.0004825258149763755,0.5392156927198465,0.17653138697494664
0.16499007901412657,0.20408162848813005,0.0010155797344192413,0.002574801741090643,0.053988857617196344,0.00033234258552780236,0.5501087711407301,0.2990651895908469
0.1757003278029322,0.7959183511037071,0.008617686469996643,0.0043864512604120266,0.009244155993072076,5.32070787982825e-05,0.535947436758137,0.20976085248504073
0.12385398907232537,0.14285713994169102,0.0071914904897097025,0.008693198598917927,0.039256791682291174,0.00016174540762779329,0.2276688295686327,0.6178606466652639
0.9999999292586362,0.8979591653477722,0.02899119832349463,0.0018921862121282424,0.00823617253436804,0.00029731979593291397,0.14814819357212727,0.6230530725039773
0.3855616702610563,0.5102040712203251,0.016819665233274345,0.0008865233573597096,0.0174889437706769,4.9024834469354636e-05,0.27342025758951033,0.36137033839065447
0.13783247461867112,0.3061224427321951,0.0025536003098550293,0.00396198986898533,0.03703405892720022,0.00038333595317504297,0.09368197037909844,0.7455868751198775
0.024695809645405443,0.4081632569762601,0.029879620038714395,0.05875326041146529,0.025371891332336687,0.0011817940692994626,0.06318060282087465,0.8691585291011599
0.10558149014307398,0.3877550941274471,0.0064439417861188435,0.003768830595237006,0.022600654757836982,0.00021024683708235423,0.7363831547302554,0.19730029807684962
0.17823286722249498,0.7142856997084551,0.007878410522031741,0.0068767315967696325,0.015794612600775526,0.000328335770265874,0.14270165436168547,0.6697817360405953
0.16926994177652413,0.22448979133694305,0.006022850884093342,0.006247660331709544,0.011955085864914275,0.00033220097411227267,0.2124183535616735,0.397715734755747
0.30749149942797377,0.5714285597667641,0.008989665265680142,0.0028010539747605053,0.021365803227230893,0.0002356079620814749,0.4978212467407391,0.21806841692580192
0.3343307570271357,0.7142856997084551,0.017467426861027677,0.0017932375357091485,0.0038481419790980373,3.713024414784627e-06,0.5174291203337739,0.18691544639942279
0.1886813716970395,0.2653061170345691,0.005628064705456167,0.002028871998747842,0.007007064499253143,0.00011443854828225305,0.02832225322088063,0.7092422710077356
0.12144877150522458,0.9999999795918372,0.0006437294408172547,0.002692062662281535,0.010338291884143981,0.0007297733899731065,0.5424835331372505,0.17549274335661383
0.2774476238323641,0.6326530483132031,0.009971796255584862,0.00016457877010284566,0.01289414737772402,0.0004814674762019689,0.12418292239301687,0.6313606369447385
0.23716750306983134,0.9999999795918372,0.008236090856375163,0.005568187060390023,0.01508816265535902,0.0010532255839335485,0.5392156927198465,0.1713397533891839
0.16509620023490956,0.28571427988338205,0.006184694046213234,0.007385533313675368,0.01891620240023789,0.0004509754833210435,0.020697015217401023,0.8836971629989673
0.22183784409065566,0.2653061170345691,0.0002700314956648864,0.0038491039000380515,0.021796565389070228,0.00020987042356400589,0.015250476006959213,0.7237801126525925
0.21482736695369292,0.6122448854643902,0.003356643158301014,0.0027559279594925145,0.008844983056434295,0.0015822156991549246,0.4912851503616257,0.23572139717270646
0.19404356296866865,0.08163265139525201,0.0020093384261861374,0.002185810580005598,0.1266727930582197,4.3063704814817355e-06,0.12309378076865066,0.6863968649221177
0.1855333730486796,0.4897959083715121,0.0029751239513225946,0.002010710814744083,0.0417552122209593,0.00021901279506396544,0.5043573431198525,0.20768435750132577
0.1413058700744954,0.8979591653477722,0.013050317149326687,0.006099872546977275,0.007567055309644274,0.0003046851267064352,0.6013071539163549,0.2658357240807528
0.05382710514668659,0.7142856997084551,0.01232690947191384,0.025880873419720913,0.006392510481695696,0.00040132961458285094,0.7886706791302465,0.29802654597251405
0.3344722295001058,0.36734693127863405,0.011328625423060202,0.002412503407582244,0.011860318189309623,0.00022555293671247455,0.0239652711791104,0.7092422710077356
0.026619973579452814,0.4693877455226991,0.0016715161783742425,0.0011334447711180947,0.01194647062167749,0.0004241115864347343,0.8518516974954264,0.17757003059327944
0.34676707792893086,0.5510203969179511,0.014544546299200893,0.0015685167289922024,0.02937797943744248,0.0002073377504729649,0.0041394030434802045,0.7310490334750208
0.23116861820561518,0.3877550941274471,0.009745198463470862,0.004481246734048283,0.014387456205433706,0.00047418534453689317,0.1786491455860457,0.4974041312860293
0.07412280548748656,0.8163265139525202,0.0015439448686963915,0.0002454059643867038,0.04100855780710446,0.0014946256760992216,0.13071901877213027,0.6074765872407877
0.20710240997648727,0.2653061170345691,0.01124127873792468,0.004679792873518437,0.006605019814869766,4.259871210710784e-05,0.7069713443407032,0.32294923929479763
0.35819180655797944,0.6938775368596422,0.008867727209413416,0.0009128887872430658,0.008385503417139006,0.00021644943629713052,0.1525051756138975,0.5887849633755504
0.13410440172581203,0.14285713994169102,0.002068775848429052,0.0077359429736000955,0.13396703233203242,0.00038904191327758097,0.10239635000694426,0.8161995883604464
0.21299517361992046,0.5102040712203251,0.008414048874122443,0.00477104616581181,0.03613233013508322,0.0001873305745679013,0.1448799376104179,0.6677052410568803
0.21741650885528804,0.14285713994169102,0.007408818766808723,0.000791127514004321,0.007811153868019897,0.00032441128945652974,0.6165576299233141,0.1578397631097093
0.6661714433622884,0.6326530483132031,0.025604842010918928,0.0023725158792732475,0.0019240709895490186,2.7937991611968784e-07,0.5098038823302943,0.1921078722381362
0.3610780608920782,0.6122448854643902,0.010933092543138569,0.0016383411798347,0.006834759634517409,0.00010281469131824994,0.12091508197561285,0.592938745595931
0.27376906967825565,0.020408162848813003,0.004827889189942504,0.004698653197743507,0.11205559703313837,0.001041857127096441,0.09694981079650246,0.6677052410568803
0.4083191400528231,0.28571427988338205,0.021454655433721936,0.0028767102427537704,0.010395726839055892,0.00019875267849756763,0.005446539210441809,0.7632398553667821
0.14381719199632376,0.9591836538942112,0.006522817752962296,0.0010901455259713028,0.00715065188653292,0.0006436052454451104,0.13725469960693829,0.6002076664183593
0.25563101007685884,0.2653061170345691,0.008913563207282723,0.0017097382120060223,0.0029291827005074613,0.00031002896893420073,0.1808278443790835,0.43821412108826946
0.41358229384695105,0.5918367226155771,0.005893452761040489,2.151647606310444e-05,0.017509046004896073,1.914482579258414e-05,0.11655768438953726,0.5950152405796459
0.16681520547067272,0.5714285597667641,0.003758319479627667,0.0017369567478935008,0.05217965653747115,0.0006826100635005659,0.5021786443268147,0.23572139717270646
0.26516694289010256,0.7755101882548942,0.010273873391955332,0.002837140068233397,0.017712940094833353,1.6107770115701204e-05,0.5185182619581401,0.18587759503404064
0.13068759188596465,0.9999999795918372,0.004841580913076094,0.0015257573324235013,0.0064269714546428425,0.00025543327203701494,0.5446622319302883,0.19003137725442124
0.15623229540038447,0.9999999795918372,0.0045298303483911895,0.007071265910842421,0.01644362759128012,0.0009453065216320035,0.07004356635058952,0.7196263304322118
0.41324983016226036,0.8367346768013332,0.012553291936215577,0.0022883111211501406,0.010769054045983313,6.225714348138931e-05,0.5119825811233321,0.19003137725442124
0.3308149265758426,0.2653061170345691,0.013573667924001505,0.0011723279096453637,0.0007753718913107986,0.0004751289723003483,0.44117632475467244,0.4413292596903173
0.14381719199632376,0.6938775368596422,0.006943875661210112,0.0033302028992844234,0.006174257653030433,0.00029213147647276006,0.49999994553377686,0.22949111996861088
0.27686048271063857,0.9999999795918372,0.0047886057563215146,0.00185431450291006,0.005407501004956421,0.000200130959155283,0.5446622319302883,0.19106922861980338
0.15993915079550916,0.2653061170345691,0.016051979906207714,0.015425057109107854,0.01111940727094597,0.0007539520500452667,0.34204781516513216,0.42575277442712767
0.25986132036839493,0.3061224427321951,0.015630302062242335,3.409034832590422e-05,0.01971742002125905,0.0006097351381863995,0.4302832463337888,0.4683284479963158
0.5034804269623687,0.5510203969179511,0.018968473567280455,0.0012674129164203629,0.006806042157061454,0.0001478724846953026,0.501089087158143,0.21079949610337353
0.33774758373303854,0.4693877455226991,0.01368968446543101,0.0036481930785451206,0.02771236574499706,0.0011183914297328333,0.1623091124104149,0.5534790028817413
0.08035511655889223,0.28571427988338205,0.007185563418025715,0.004443982657086157,0.003044052610331283,0.0015468335970131696,0.3976031799825272,0.5202495373716473
0.07703734419654608,0.9999999795918372,0.0008116365119727973,0.00656812219437038,0.0006030670265750656,0.00034236855845985823,0.13180816039649648,0.7030112015506894
0.1785087621572642,0.4081632569762601,0.00673185938231844,0.002754321486324706,0.02446729079247409,0.0001450454443198769,0.3867101015616436,0.49844198265141143
0.08993350123366023,0.8367346768013332,9.175743225767256e-06,0.00014097068340534403,0.008758830624066427,0.0004464308521132974,0.13398685918953426,0.6033228050204071
0.1807088210260808,0.06122448854643901,0.007652476078500681,0.0004932085659586544,0.04884842915258031,0.0005174736677299388,0.6274507083441977,0.21910706054413473
0.12161856208526627,0.6938775368596422,0.003860848859345233,0.001795215850767516,0.014186433863242018,0.0017126861199828188,0.13071901877213027,0.6085152308591205
0.5364317406577007,0.2653061170345691,0.02419953630145068,0.00230730556022376,0.015363850438936195,0.0006085730407086197,0.09368197037909844,0.6697817360405953
0.201655331847865,0.5918367226155771,0.002790629345261455,0.0007684785663500465,0.12222158405254661,0.002803613581661501,0.10457504879998206,0.6438211913529296
0.19177276786336703,0.3061224427321951,0.007173977392514299,0.005069120047978543,0.03179024754374274,0.000762950927101376,0.5054464847442186,0.20872300111965858
0.20201611363962735,0.20408162848813005,0.00786803311069238,0.0021234031160400286,0.028257997816660215,0.0008896023359204474,0.14814819357212727,0.6978195679649267
0.2694255544226548,0.040816325697626006,0.005706110618313639,0.0002145837576770452,0.08572167020602718,0.00038713832536217674,0.13616555798257207,0.6780893004813565
0.1054116995630323,0.7346938625572681,0.001984810504551899,0.00322440661888332,0.012991786801074268,0.0007025984091224247,0.13398685918953426,0.5856698247735026
0.21317909795441478,0.16326530279050402,0.01106838092376557,0.0015950370929966248,0.14760783412361128,0.0001247708015350068,0.6448798831441948,0.2886811301663707
0.07995189133863333,0.4897959083715121,0.004118022853497586,0.0031428028173176165,0.010941358910719047,0.0006991995622185392,0.7189539799302583,0.25233652605422885
0.062436332544176854,0.7755101882548942,0.0018432748389459006,0.002074926166234847,0.005915800355926834,0.0006772551536777738,0.28322419438602775,0.5337487353981711
0.04602433662274185,0.8367346768013332,0.0006532490139367959,0.0011979118905555914,0.003991729366377815,0.000531567366125718,0.12854031997909246,0.606437943622455
0.4622311489225583,0.22448979133694305,0.01881332987854531,0.0019619414267853887,0.019585319624961652,0.0006085490224902462,0.09912850958954025,0.6355136269121684
0.18513722313867473,0.9999999795918372,0.0020345599117576156,0.002193838104153354,0.011119407270945972,0.00018569600991285413,0.14052295556864766,0.5981311714346444
0.15895584289772333,0.8163265139525202,0.005605446949898451,0.00039812259084539875,0.012664407558076376,0.0006968198563566748,0.5228756595442157,0.183800307797375
0.28222267398226775,0.4081632569762601,0.006865088256612027,0.0005991883464593954,0.03227844466049398,0.00023724196951385582,0.1742917479999701,0.5752857653490264
0.3297537818322345,0.7551020254060812,0.0029448405256483324,0.0022850381378426115,0.006584917580650597,0.0002452953742073389,0.12527206401738308,0.5950152405796459
0.569687284260929,0.6326530483132031,0.018178713666427683,0.00140369587432519,0.013669519269034818,0.0001247708015350068,0.5032677859511808,0.20560707026466013
0.26162986120896414,0.6530612111620161,0.010110199943431208,0.0029132993879509997,0.013477112170079917,0.0002515683564092368,0.12962946160345867,0.6199379339019295
0.11609364711082176,0.4081632569762601,0.0018995955647577768,0.001666413305895429,0.037706047899669574,0.0005913254620217891,0.49346384915466346,0.24402896161346765
0.09146858213492906,0.20408162848813005,0.0007372094955730273,0.0014734864333287047,0.008356785939683052,0.000373173057183684,0.9313723334919318,0.18691544639942279
0.1289898041479359,0.20408162848813005,0.01123361376241398,0.006597012566257991,0.009103440353537894,0.00041412769342126873,0.3845314027686058,0.4942889926839815
0.35510042725770735,0.4285714198250731,0.014654585757325499,0.002054184360777075,0.04347826086831663,0.0007010821870329471,0.16013082916168248,0.5275184581940756
0.14320174963358204,0.06122448854643901,0.0050806920295059285,0.0041456255359793494,0.041783929698415254,0.00018097535398629285,0.15032689236516505,0.606437943622455
0.05549660007672687,0.4693877455226991,0.0016174543107735843,0.0027859207844853394,0.02797082304210066,0.0013970759703941737,0.4204793095372714,0.4974041312860293
0.3437252173674094,0.4285714198250731,0.001709702829364385,0.00905396754151246,0.006174257653030433,0.0009642738623980955,0.12962946160345867,0.5867084683918354
0.27170341640518275,0.2653061170345691,0.0036886244655538265,0.0003962924315403012,0.030153351328753276,0.0006099241135285616,0.5065356263685848,0.22429869412989747
0.16601583877343667,0.6326530483132031,0.0038063163962839047,0.0032467800743035736,0.000287174774559555,0.00047967316157287635,0.007625238003479607,0.7092422710077356
0.1498019093739764,0.36734693127863405,0.0019307785050026191,0.001244808512325895,0.05444833725649163,0.00033102177566301095,0.5087143251616226,0.21079949610337353
0.23648129073849372,0.7959183511037071,0.005056171401233072,0.00336602608892063,0.02874619493341146,0.0004237067545604065,0.5305008975476952,0.17341624837289885
0.06610780295500358,0.7551020254060812,0.0032317137819584557,0.003952984807367469,0.017425765320273796,0.00020378228557070994,0.12527206401738308,0.606437943622455
0.18520089249793342,0.6326530483132031,0.0010582181142764497,0.0010796874727993168,0.01519154557420046,0.00155207763873995,0.16557736837212428,0.5898236069938833
0.028133845416014942,0.5918367226155771,0.001963097125805685,0.002806583670375193,0.043506978345772586,0.0007739822834399688,0.28540289317906553,0.5316714481615056
0.4249362862395146,0.9999999795918372,0.009089153661003884,0.00103764706738619,0.005798058698357416,0.00010221556166456852,0.14052295556864766,0.5898236069938833
0.06590972800000115,0.28571427988338205,0.001533709156949616,0.00551950724372007,0.0547929469859631,0.001275627560970326,0.05544653376381951,0.7310490334750208
0.5422537680646489,0.6530612111620161,0.026035567096028563,0.0016491914100006354,0.014048589971453432,0.00013756309678644032,0.49999994553377686,0.20768435750132577
0.4168788655776182,0.7959183511037071,0.014955009731782471,0.0017499227971502502,0.005634369076858469,0.00036822503519471245,0.1568625731999731,0.6126690130795012
0.9999999292586362,0.9999999795918372,0.024636901818448152,0.0005147637755520254,0.007233932571155191,0.00012625493528473753,0.5468409307233261,0.17237760475456604
0.4772636954692303,0.6122448854643902,0.021429927465604046,0.0012543224356976323,0.014014128998506285,0.00023894245937469436,0.5566448675198434,0.20041543667889739
0.17676852255771117,0.10204081424406503,0.004441917906794095,0.0017650046654978132,0.018695077823827032,0.00013095174592409766,0.10675374759301985,0.6417446963692146
0.13861062381817274,0.6326530483132031,0.0031925571139043625,0.002984607333002709,0.024754465567033642,0.0011225734819160142,0.11220028680346167,0.6479749735733102
0.1886813716970395,0.7346938625572681,0.007635235961402759,0.002547363876588029,0.011173970478112286,0.00047947876772064924,0.12309378076865066,0.5960538841979788
0.13720288163542133,0.3061224427321951,0.005362089013326122,0.008750364447900167,0.07857101831949426,0.0005455424337373072,0.1448799376104179,0.5970925278163116
0.3061827609906127,0.8367346768013332,0.013049914277936002,0.0105252364802334,0.004235827924753436,0.0005240576378233358,0.09150327158606064,0.6448598349712624
0.28893603868672685,0.16326530279050402,0.010072993381289785,0.0015195115506680095,0.03914192177246735,0.00026372215134343115,0.019607873593034807,0.7258566076363073
0.14549376223661808,0.5102040712203251,0.005850057260811132,0.0034159875012732795,0.011693756820065081,0.0008571690561285587,0.35620914954772515,0.5379025176185518
0.20760468110727512,0.22448979133694305,0.0036509226494441985,0.003478333959928679,0.024590775945534694,0.00032916589753658365,0.10021765121390647,0.6573211816324042
0.19530983267845,0.3877550941274471,0.009050787107099625,0.0036389183347227804,0.009786916316989634,0.0001479714397550011,0.6122002323372385,0.1329178620403764
0.2539473392272273,0.5102040712203251,0.0020213030118836272,0.0003586724902688517,0.06751478949895139,0.0010527100568943815,0.11546854276517104,0.606437943622455
0.2450976187453212,0.4081632569762601,0.010585209624253092,0.0030803667873734756,0.01570846016840766,0.0004407137475574341,0.6296294071372355,0.2824508529622752
0.339473655846028,0.6734693740108292,0.007671084569115238,0.001357612172521357,0.06378151742967716,0.0002854544117649477,0.5108930239546605,0.19418436722185117
0.06032823584260743,0.6734693740108292,0.0006923796342716633,0.0025531516343481183,0.03660042501761528,5.982496261602273e-05,0.5239652167128872,0.31983410069274987
0.19530983267845,0.5306122340691382,0.004369980705049341,0.00294895311839229,0.005714778013735145,0.0006024272397766527,0.10348590717561584,0.616822003046931
0.06898698197884831,0.3061224427321951,0.002619770546563301,0.0031232699821732907,0.024306472918720737,0.0005112319668556506,0.10675374759301985,0.60436144863874
0.3301570154855212,0.4897959083715121,0.007367076428492865,0.0029362296378688353,0.0073229567512686534,0.0008931835483527987,0.09912850958954025,0.6386295577671669
0.08591538278552381,0.6122448854643902,0.0019592979791309435,0.007398932210132848,0.020992476020303474,0.0003571865886780559,0.6372546451407152,0.2782970707418946
0.17085454141654358,0.6938775368596422,0.007126756350588052,0.002796948220552244,0.010424444316511848,0.0008243196655069944,0.49891038836510526,0.23156761495232586
0.4521292924853234,0.2653061170345691,0.021597355258725845,0.0018811021282733223,0.02311756935204418,0.0006647408933222311,0.11764682601390347,0.6562825380140714
0.43791026325639554,0.4489795826738861,0.015944913361104023,0.0014363341994352245,0.004996841077336257,0.0002462805054521434,0.5054464847442186,0.23779868440937207
0.037075553364251376,0.24489795418575605,0.00160181387093902,0.0034815633680146583,0.0047096663027767025,0.0007449848001791114,0.003267840417404012,0.8868123016010151
0.07823287766984242,0.7755101882548942,0.0006093533974983128,0.003085077268823024,0.007064499454165054,0.0004919893580924244,0.28758159197210337,0.5275184581940756
0.11955997568941973,0.6530612111620161,0.009005846108862901,0.004887774985130665,0.0022686807190204846,0.0007076305140902778,0.6437907415198285,0.28348870432765727
0.16011600825277716,0.5306122340691382,0.0001787095812726609,0.0026962119917113463,0.03566710700029673,0.0008846741818017143,0.11220028680346167,0.6002076664183593
0.046590260246732955,0.3877550941274471,0.008262155940746618,0.013941475749453413,0.01796565389644576,0.0004940998677627594,0.12200422359997908,0.7757012020279238
0.12146998900295901,0.22448979133694305,0.006388046853690571,0.0088739147260681,0.029676641202984418,0.00013663484068274418,0.3082786071895044,0.6687430924222625
0.17664118383919378,0.8775510024989592,0.00793551406863207,0.0009327034088200809,0.004586181149716093,0.00040868804732405525,0.13289771756516805,0.6272068547243579
0.5866440116077039,0.3877550941274471,0.019233976232829367,0.0021308297862995236,0.012991786801074271,0.0001926476316785368,0.4912851503616257,0.21702977330746911
0.15158460083505368,0.4489795826738861,0.0039778163161779245,0.0004967865758170329,0.015220263051656416,0.0004701085305793374,0.13834425677560985,0.5856698247735026
0.242367004370756,0.7346938625572681,0.0077287993688600525,0.0022599397785681022,0.010998793865630957,0.00014731931630430054,0.5827884219476863,0.19314651585646903
0.05809988416580237,0.3061224427321951,0.001053467010289754,0.006526977501844669,0.0733731548999663,0.00022419354398168806,0.4379084843372684,0.44444439829236504
0.042692413639887614,0.28571427988338205,0.006447168230273552,0.014237482229442164,0.016684854401910146,0.000575637434290382,0.6873638862919738,0.13499435702409135
0.2056239315572508,0.9999999795918372,0.005771064600185552,0.001818426918779785,0.005709034518243954,0.00015307830863300708,0.5457513735546545,0.19003137725442124
0.27733445260041023,0.6938775368596422,0.006727167319828655,0.002943840292397097,0.0048618689332932665,0.00014679031984826953,0.11328984397213325,0.6199379339019295
0.25152092102844753,0.6938775368596422,0.014541941527278363,0.0021864254747985807,0.006168514157539243,0.00018020427310363237,0.11546854276517104,0.6220144288856445
0.5181592585945048,0.6938775368596422,0.019106297259245387,0.0034703984279153065,0.03058411349059261,2.5051193909230003e-05,0.14379079598605168,0.5784009039510742
0.039905205216317775,0.3061224427321951,0.001665216797956795,0.006989857713604564,0.053471943022989146,0.0006060021306139282,0.5403048343442127,0.17860867421161228
0.29257920785653735,0.6326530483132031,0.011017483680399325,0.0031995963402401684,0.001608178737533508,0.0005300534497852043,0.11764682601390347,0.5970925278163116
0.2998514124417058,0.7959183511037071,0.008923875672975482,0.00185431450291006,0.009861581758375117,0.0002743539598157383,0.15904127199301088,0.6085152308591205
0.2472127570250338,0.5306122340691382,0.007155284159986529,0.0011840835360812812,0.008758830624066427,3.463523162321481e-05,0.6176467715476803,0.14849434730356595
0.18827107116652653,0.20408162848813005,0.0030415952996651107,0.00010179171754066331,0.02891849979814719,0.00046336413800178054,0.15577343157560689,0.5856698247735026
0.14844368592997556,0.5306122340691382,0.004212096796251696,0.0009225552238902278,0.014961805754552818,7.164999617712165e-05,0.6154680727546425,0.1308413670566614
0.08815789351586469,0.10204081424406503,0.0014779406427853157,0.014875680082571325,0.03684452357599091,0.0004964696396895045,0.10566460596865364,0.7372793106791163
0.09214769385692947,0.7142856997084551,0.004558270984755992,0.0010787046094688016,0.00031589225201551053,0.0006245411208662611,0.5403048343442127,0.17860867421161228
0.0681663809178224,0.5510203969179511,0.0020019158681156947,0.005659951635282916,0.038395267358612505,9.360091845870987e-05,0.1448799376104179,0.6002076664183593
0.24637093846627348,0.6122448854643902,0.00020333891536041684,0.0015255016911237414,0.023979093675722846,0.0008404895371281219,0.15032689236516505,0.5908614583592654
0.15741367825317273,0.3877550941274471,0.0008751165402394793,0.005367692624347459,0.05180632933054373,0.0017356652141565366,0.1786491455860457,0.5379025176185518
0.20676286254851478,0.28571427988338205,0.008769516888846328,0.0015288269646971304,0.06584917580650597,0.0002053437579836031,0.6416120427267907,0.2928349123867513
0.03563950150745603,0.4081632569762601,0.00503722359566274,0.007589767472065175,0.025271380161240843,0.00010357309058160924,0.6241828679267937,0.2720660012848483
0.017798529039479736,0.3061224427321951,0.022782348317077695,0.03537964520275609,0.0032824076732157147,0.00021055094615611116,0.8812635078849786,0.0020764949837149614
0.4227857629755041,0.7755101882548942,0.020263736345594866,0.003106269835739274,0.004864740681038862,0.0001685300355247692,0.18191698600344972,0.457943596318889
0.2056239315572508,0.7959183511037071,0.008868869836030099,0.001811354176153101,0.009850094767392738,0.00038684434236928604,0.28540289317906553,0.5295949531777906
0.14225380985403874,0.42448978725531045,0.007372789561576281,0.03919009691294109,0.0886738268884994,0.02093740156031012,0.5250543583372534,0.21702977330746911
0.06334889577244993,0.7551020254060812,0.002256918524393427,0.002573325509418356,0.012520820170796598,0.0003220320255298835,0.6437907415198285,0.2824508529622752
0.14402235069460795,0.3469387684298211,0.0022228727661542614,0.0028493982622245237,0.02145195565959876,0.0002719507929581668,0.11873638318257505,0.6344757755467862
0.04552206549195401,0.4285714198250731,0.0019326393540640748,0.0029526812206804517,0.020274539083904586,0.0007556534622056908,0.10893244638605766,0.6126690130795012
0.12253111688051163,0.8571428396501461,0.00279883368221158,0.0025927740991343517,0.013445522944878366,0.001467966990870695,0.1394333983999761,0.6157841516815489
0.41774898537739474,0.2653061170345691,0.012220092984914712,0.002132702068318786,0.02782723565482088,0.00028180946458832067,0.018518316424363225,0.7113187659914506
0.27931520215043454,0.2653061170345691,0.006027536000524666,0.001042968086106566,0.013181322152283575,0.00035907716832638903,0.14705863640345568,0.6552438943957386
0.3104767575074629,0.040816325697626006,0.01807473811733873,0.0014957436881581582,0.10662799379396277,0.0008237724344195743,0.12962946160345867,0.7133952609751656
0.40136526539789275,0.6326530483132031,0.015180065498918332,0.0010052174191704669,0.029263109527618656,9.655227713243642e-05,0.5566448675198434,0.21183813972170637
0.15551781556014155,0.32653060558100805,0.007248837148356132,0.00258398158776383,0.02618459594434023,8.255599663037981e-05,0.7657949651198076,0.4101762891639381
0.22183784409065566,0.9999999795918372,0.0038672249937086642,0.001588960286266921,0.0035609672045384825,0.00015429149766491086,0.15141603398953127,0.6199379339019295
0.08035511655889223,0.8367346768013332,0.0032151811209146924,0.0011979118905555914,0.02699155706085258,0.0006513035647981608,0.12527206401738308,0.6074765872407877
0.9999999292586362,0.8775510024989592,0.010110199943431208,0.004196380985702465,0.009562919992833182,7.104281561664145e-05,0.5152504215407361,0.20353057528094518
0.10688312797109788,0.16326530279050402,0.009856127017078359,0.0078936223336242,0.02521107345858334,0.00037669868185143167,0.7636162663267698,0.3759081800355112
0.21888793726335362,0.9999999795918372,0.02591395550450946,0.0116539460772764,0.008704267416900113,0.00021093798533426792,0.15904127199301088,0.6209757852673117
0.30729342447297137,0.8775510024989592,0.01080068330374327,0.008956586604730907,0.010829360748640817,7.054996177561876e-05,0.47276683393726243,0.20664571388299294
0.33471277318268794,0.020408162848813003,0.01956689039573337,0.004108402613393133,0.04083625294236873,0.0002716671858356134,0.04248358760347363,0.7050884887873551
0.3139218854543819,0.24489795418575605,0.021001209791389374,0.003397100063577022,0.012721842512988288,0.00044070567743606065,0.6056645515024305,0.183800307797375
0.5141765082646109,0.4285714198250731,0.019520591443067697,0.0012201304118547782,0.07297111021558293,0.0003024193440579597,0.1525051756138975,0.6116303694611683
0.2795061933621552,0.36734693127863405,0.012652658775516268,0.0006941242291428679,0.024754465567033642,0.00031594409889690924,0.04575142802087764,0.7154725482118313
0.06581776583275399,0.9591836538942112,0.0018092502661850383,0.002528358301624458,0.03799322267422913,0.0005820544297296469,0.14270165436168547,0.606437943622455
0.17762449173697958,0.020408162848813003,0.007560170949533432,0.00332297038084539,0.07726437309524828,0.00017108791813781493,0.5457513735546545,0.3011424768275125
0.2805814718602159,0.7142856997084551,0.004404686686145137,0.007585163023654731,0.024065246108090712,0.0009764659519796643,0.1394333983999761,0.5898236069938833
0.1820458269723472,0.6326530483132031,0.004964271574776968,0.002777387787767604,0.022566193784889835,0.00013353072614016262,0.4978212467407391,0.22222219914618252
0.16387236552059703,0.7755101882548942,0.003857165711846775,0.002041438124304589,0.011573143414750067,0.00012745719122363774,0.14705863640345568,0.6085152308591205
0.06532257844524791,0.4285714198250731,0.0027564477915793953,0.002116254843029325,0.009821377289936782,0.0007998931374212204,0.5653592471476893,0.2907576251500857
0.19088849744308242,0.3061224427321951,0.008526835498368012,0.009988031465583155,0.030205042788173996,0.001304447501560967,0.11873638318257505,0.6531673994120236
0.06616439700400824,0.7959183511037071,0.0012137229980515173,0.002360106624514081,0.021854000343982136,0.0009582882918045413,0.43464022837555905,0.45275196273312623
0.3093166090184645,0.8163265139525202,0.010955083764223186,0.009302869207005725,0.014976164493280795,0.000957351254640208,0.47821337314770423,0.22845247635027807
0.12091113225619424,0.4081632569762601,0.006728587788783741,0.003973445310561681,0.016053069897879125,0.0001252757605580897,0.3867101015616436,0.4974041312860293
0.11532256478854647,0.5306122340691382,0.003197444360636875,0.0031641227207146174,0.00011486990982382201,6.042599451259933e-05,0.7222222358919678,0.24402896161346765
0.4108516794723859,0.4693877455226991,0.024872484337180267,0.0023494500619994784,0.012451898224902305,0.0004242879762304687,0.11655768438953726,0.6490136171916431
0.09004668933166954,0.6938775368596422,0.0021228259077303276,0.005792226641143405,0.03179024754374274,0.0013059931219497338,0.11111114517909546,0.6137068644448833
0.18782540251777105,0.4693877455226991,0.0021606895670020767,0.0028142848645304522,0.0047096663027767025,0.0004100513213989309,0.1448799376104179,0.6552438943957386
0.1620826071822934,0.28571427988338205,0.00938906362713481,0.00212727937408146,0.01926942737294614,0.000418944018715255,0.04684098518954922,0.7383179542974492
0.5275042001960278,0.18367346563931702,0.02166288784726748,0.0018781017321850447,0.03529377979336931,0.0006867068029720844,0.5490196295163638,0.23676004079103927
0.12041594486868816,0.4693877455226991,0.0015865846377652916,0.0017653048503573794,0.04014703348342579,0.0005066195466283673,0.4183006107442336,0.2346835458073243
0.29878321768692684,0.4693877455226991,0.010817124624118282,0.0029764781333380032,0.002642007925947906,0.00023222638908024356,0.07516323841042985,0.6687430924222625
0.21909307909558237,0.7346938625572681,0.005042414732452882,0.0021285508022124617,0.0036758371143623043,0.0005525070253409116,0.13071901877213027,0.6272068547243579
0.36914964904053815,0.0,0.0034854974049764423,0.000986126630440309,0.18221239445803766,8.486020842825278e-05,0.5174291203337739,0.21079949610337353
0.2979272653737139,0.9999999795918372,0.005747769603927976,0.001099911217289773,0.013324909539563353,0.0003197480082500189,0.5239652167128872,0.18068516919532723
0.1478565279421946,0.24489795418575605,0.01065341297227263,0.0052037820076417125,0.04184136465332717,0.0008178353229834105,0.11764682601390347,0.7061263401527372
0.06228777632792503,0.4081632569762601,0.0018472834092832131,0.004263302842620609,0.018551490436547254,0.00044255123733587465,0.05675371148521165,0.7268952512546402
0.11572579844183309,0.4081632569762601,0.0021138800790395894,0.00596033984588308,0.006231692607942344,0.0016691604967922437,0.09368197037909844,0.8203533705808269
0.2473825644711309,0.16326530279050402,0.0058839887563886285,0.002558925835372614,0.03244500602973853,0.00014798642712326613,0.2494554019547053,0.3717551900680813
0.15265986246705895,0.7142856997084551,0.0033356820376860274,0.001770790970750517,0.019570960886233675,0.00017927716987441815,0.5806097231546485,0.19522301084018398
0.19420626980542854,0.7959183511037071,0.0021055934312967125,0.0037492861400336003,0.003187639997611061,0.0005583171284383167,0.5642701055233231,0.18172381281366004
0.1419779149192695,0.9183673281965852,0.005545989384086002,0.0008712913965823634,0.005599908103911323,0.0003704087523946496,0.5435726747616166,0.16926246615251825
0.17762449173697958,0.8571428396501461,0.0055782614662973845,0.0030030251266444843,0.021546723335203417,0.0010739627215314174,0.5381261355511748,0.19937679306056458
0.2280489376643269,0.6734693740108292,0.003204001439823192,0.001737448663727887,0.06045029004478633,0.001413852599855138,0.1612199707860487,0.514018467914601
0.5584252793346958,0.5510203969179511,0.019856426423554164,0.0017303575226743264,0.007386135201671756,0.0002571576840433534,0.49891038836510526,0.21183813972170637
0.2587719081158815,0.2653061170345691,0.011020633717910972,0.005854282598321805,0.03097179943624801,1.1820229917424235e-05,0.48474946952681763,0.24195246662975267
0.16138934483978487,0.2653061170345691,0.003690301938671936,6.473825414936307e-05,0.06570558841922619,0.0003074848823857887,0.709150043133741,0.0913808320895211
0.39493487937148464,0.5306122340691382,0.0067349330131870255,0.0033552436424326613,0.021678823731500808,0.00017718816131317107,0.45969505672334104,0.21702977330746911
0.06123372376062646,0.2653061170345691,0.010746910392174552,0.015280603797162413,0.03256561943505354,0.0013446294044624674,0.09803895242086867,0.8213912219462091
0.5107385315251954,0.2653061170345691,0.02046523455546336,0.001905759409471921,0.009103440353537894,0.00037102344585383703,0.5511983283094016,0.21910706054413473
0.16347621561059217,0.4489795826738861,0.002708491162062226,0.0018208729412161216,0.044980184939263104,0.0002926702531473127,0.11546854276517104,0.6303219933264057
0.19558572761321924,0.4489795826738861,0.002441585740007299,0.0013971765370121905,0.015622307736039794,0.0009146398874816413,0.10784288921738608,0.6313606369447385
0.12044424610970433,0.7551020254060812,0.013839688070905694,0.007099870622944316,0.0043076216183933255,0.0004273943965220141,0.1906317811756009,0.3852543880946052
0.19989387475057754,0.24489795418575605,0.009985813401557306,0.007176708263610713,0.022198610073453605,0.0004729312092463064,0.009803936796517403,0.7466247264852597
0.5863751666841055,0.4489795826738861,0.008739193870638843,0.0032057496456921485,0.022287634253567064,0.00038392853065875214,0.5413943915128843,0.24195246662975267
0.12865023985390797,0.8163265139525202,0.0028672547891638407,0.00332290937553522,0.023048647406149887,0.00039244387294256765,0.1546838744069353,0.5981311714346444
0.25475380653380053,0.5918367226155771,0.006036145639985937,0.0007820445011567998,0.023232439261868,0.0006820484214821217,0.14270165436168547,0.639667409132549
0.12555884368758047,0.7346938625572681,0.0030450085927923947,0.0030294835170004805,0.05341450806807724,7.135101739480924e-05,0.529411755923329,0.17549274335661383
0.13046123255600148,0.14285713994169102,0.0045005933464239405,0.005785908234018664,0.01592096950158173,0.0006247382624026701,0.5392156927198465,0.18068516919532723
0.10294991324601001,0.4489795826738861,0.004359259463816206,0.0008905322777423042,0.01915455746312232,0.0006451499051051422,0.36819178513728035,0.523364675973695
0.12623088853235453,0.3061224427321951,0.0028092426981169345,0.0037810897575663895,0.058095456893397984,0.0008230957739569833,0.6339868047233111,0.2793349221072767
0.07681805174380923,0.36734693127863405,0.006546614949246534,0.012117683268393445,0.03965596461892896,0.0006907897463789691,0.12200422359997908,0.788161756436115
0.1152589122953432,0.8367346768013332,0.0010402174037771493,0.002505981941189435,0.021882717821438094,0.0008266692044865819,0.13507600081390048,0.6002076664183593
0.28985567722525396,0.6326530483132031,0.005389901726006134,0.0010974918241554946,0.01080351501893046,0.00023334967311713193,0.12636162118605465,0.6002076664183593
0.35332480267385635,0.9999999795918372,0.009279319376494757,0.0016601433156835208,0.0029291827005074613,0.0001889963821214086,0.13834425677560985,0.5887849633755504
0.2701329842517268,0.6734693740108292,0.007238261774350659,0.0025297352786254365,0.001033829188414398,0.0009110319667904588,0.16013082916168248,0.5887849633755504
0.220154206973135,0.22448979133694305,0.00863022410551709,0.0019891943386809788,0.011802883234397711,0.00031429010830684163,0.8507625558710602,0.19106922861980338
0.4675155202144206,0.5102040712203251,0.016454365072800216,0.0004232025516930317,0.013439779449387176,0.0002383602577613225,0.49891038836510526,0.21391463470542132
0.30771079188071065,0.3061224427321951,0.008167939603794076,0.00285823870633875,0.0011199816207822645,0.0005178324038395643,0.13616555798257207,0.7050884887873551
0.09630021790080963,0.7551020254060812,0.0014876727652937357,0.002354998640210171,0.03675837114362304,0.0007708981520550739,0.13834425677560985,0.5981311714346444
0.17139924754280025,0.5714285597667641,0.0030800292303364315,0.0014446735285016266,0.022169892595997647,0.0003928522787277894,0.13834425677560985,0.5856698247735026
0.3224532760060499,0.9999999795918372,0.018213881560411073,0.0007649291224702395,0.01059674918124758,0.00020645157428785899,0.15141603398953127,0.6220144288856445
0.2572085259735965,0.3061224427321951,0.011150695189546762,0.0023555990099293034,0.0014933088277096862,0.0002096901908533317,0.6198254703407181,0.12357165398128238
0.07420061703422563,0.6530612111620161,0.002026011050307871,0.001595351802930041,0.03960140141176264,0.0018898644818628936,0.13616555798257207,0.6074765872407877
0.19062675312882127,0.9591836538942112,0.0041192384137281,0.0013407611501788663,0.007208086841444831,0.0001228380074660605,0.5457513735546545,0.16822382253418544
0.36681518457597784,0.4285714198250731,0.004107339815585981,0.0025317164986985736,0.02521394520632893,0.0005410140196306069,0.10348590717561584,0.6355136269121684
0.5122311099667737,0.4081632569762601,0.013874689259486043,0.0009335928275088279,0.0264602837279174,9.005890375874403e-05,0.14270165436168547,0.6490136171916431
0.08629739894107602,0.7346938625572681,0.0042204508207616355,0.0029864520173816566,0.008414220894594962,0.0006001491598003701,0.2745098147581819,0.35721655617027387
0.40478209210379557,0.4693877455226991,0.00977666410829503,0.0013098353312757443,0.056401125723496606,0.0003994177836149009,0.11437898559649946,0.5991690228000266
0.05382710514668659,0.6326530483132031,0.0028162710673697677,0.0007438193484749345,0.029464131869810346,0.0011356584151401095,0.4128540715337918,0.4662511607596502
0.15905488037522456,0.16326530279050402,0.007966646302650152,0.002316826746132422,0.06903681580411702,5.6760814388814576e-05,0.7603484259093658,0.23883653577475422
0.172064225510348,0.040816325697626006,0.005335479357971397,0.0034033574653915925,0.0396875538441305,0.00035986121904697116,0.6437907415198285,0.3239870906601798
0.4690576848589712,0.020408162848813003,0.019659140998141707,0.0016000530851661514,0.4382861409327929,0.0004796084660998657,0.12200422359997908,0.660436320234452
0.21058288917559334,0.7142856997084551,0.00603385344069411,0.001565618976759131,0.02239963241564529,0.0006784235343214801,0.048257035518947444,0.7144339045934984
0.2655277078158095,0.8367346768013332,0.009265073010593131,0.0018776853467346785,0.0824765952535042,0.0043209835498316225,0.13071901877213027,0.5908614583592654
0.42585592477804174,0.9591836538942112,0.018147946100478752,0.0029416857397760164,0.000516914594207199,0.00026561075189057037,0.15359473278256908,0.60436144863874
0.23889357518282084,0.7755101882548942,0.00018610921735018546,0.0016581775890224901,0.009666302911674623,0.0003195837620654941,0.13725469960693829,0.5877463197572176
0.06402800749445034,0.7346938625572681,0.004070879954729015,0.00560791313736972,0.013950950548103183,0.0003934099625438457,0.6285402655128693,0.274143288521514
0.14618702457912658,0.7755101882548942,0.0036028875294664294,0.0024971313295235136,0.011624834874170788,0.00032291971966639057,0.007625238003479607,0.7082036273894028
0.04983022106234002,0.6326530483132031,0.005689130631105049,0.006077208590080023,0.02624777439474333,0.0005332561350959903,0.14270165436168547,0.6022841614020743
0.30795838557446364,0.040816325697626006,0.01962937713764026,0.002571368981970764,0.08908161506837398,0.0007522185111159464,0.12854031997909246,0.7154725482118313
0.34881859744755106,0.3877550941274471,0.018411319799109652,0.0036083333708860047,0.014674630979993261,0.00018107238758852148,0.6045749943337589,0.1630321889484227
0.1298740745682205,0.5918367226155771,0.0069300929447106965,0.001966990342455642,0.011392223306777548,0.00013233807748861182,0.726579217933738,0.03842109909585684
0.1558149279926452,0.32653060558100805,0.005430539641026838,0.0029323654840556126,0.03190511745356656,0.0005925659549643399,0.3867101015616436,0.4475595368944128
0.1687818212662444,0.3877550941274471,0.00856781724328249,0.0008262733510299904,0.04313939463433635,0.00011370916302668885,0.28540289317906553,0.5181722501349816
0.03172042896984855,0.20408162848813005,0.0030215298732885506,0.005880824749937003,0.08460168858524492,0.00042559514374722405,0.14161209719301387,0.5867084683918354
0.1595925196242549,0.28571427988338205,0.013593203713420482,0.011228317838250422,0.02532881511615275,0.0003847064903591547,0.6568625187337499,0.05295973299366426
0.2324490554019601,0.22448979133694305,0.013879964790886474,0.0040730485836422805,0.015076675664376638,0.00015572721068640076,0.05010882560695323,0.7289717462383551
0.10688312797109788,0.28571427988338205,0.006419338152447392,0.0030803149812767437,0.05645856067840852,0.0010074424403616186,0.10021765121390647,0.8224298655645419
0.2608941638709868,0.6530612111620161,0.005132021665011313,0.001969895357225638,0.006289127562854255,0.00018272599388709508,0.13289771756516805,0.5898236069938833
0.05887804179833172,0.5102040712203251,0.003461258439374144,0.0059915832797343875,0.03690195853090282,0.001931477101996462,0.1546838744069353,0.5119419729308861
0.1526315612260428,0.9999999795918372,0.003104863820451683,0.0010338124478897952,0.028036873240249355,0.0006869545749128246,0.6318081059302734,0.27310464490318115
0.3022353956450167,0.4612244803831739,0.00613304315550407,0.0023769135874658932,0.00022973981964764402,0.00027676404392020133,0.14052295556864766,0.7082036273894028
0.12729201640990714,0.2653061170345691,0.0038359691198499904,0.0013404222317890335,0.025903164665271865,0.0006038655851948765,0.6318081059302734,0.28348870432765727
0.19530983267845,0.6734693740108292,0.006045435645873372,0.0017048248636917025,0.009812762046699997,0.0009114998416843731,0.5305008975476952,0.3260643778968454
0.046590260246732955,0.6530612111620161,0.00165844369635237,0.003085077268823024,0.02276434437933593,0.0018880210355662964,0.13398685918953426,0.6095530822245027
0.1425862904047849,0.6122448854643902,0.001941058324220616,0.0015905827370159642,0.04637872609136814,0.00013436502297358195,0.13507600081390048,0.5908614583592654
0.21759336631255605,0.5714285597667641,0.003485042438147307,0.0008768109246453559,0.017603813680500725,0.0002585737981986506,0.1448799376104179,0.6303219933264057
0.296894421871122,0.6326530483132031,0.003420721936806955,0.002783957962839078,0.015392567916392149,0.00016024148286612286,0.11655768438953726,0.6033228050204071
0.3418010365673066,0.24489795418575605,0.010531481862064363,0.0012224471611338502,0.04764229509943018,0.0005850484447592046,0.4858386111511839,0.24195246662975267
0.05957130414084023,0.8571428396501461,0.0024152348253302118,0.0013432400961159296,0.01773017058130693,0.0005808256384630877,0.48910645156858784,0.3219105956764648
0.09637095413729466,0.5714285597667641,0.002684314710986067,0.0021155963730147926,0.011659295847117935,0.0008256339424163883,0.3736383243477222,0.4932503490656487
0.22322436877567267,0.28571427988338205,0.0111281899601361,0.0012174335898099652,0.02952156682472226,0.0005073915882397626,0.442265881923344,0.4506746754964606
0.1317557866407436,0.6938775368596422,0.0028413154284505134,0.0010087809039549954,0.026305209349655242,0.0017722347770146737,0.13725469960693829,0.6126690130795012
0.08297254283544811,0.7959183511037071,0.004031022082073377,0.005358851696064104,0.013494342656553493,0.001149242350869131,0.12962946160345867,0.6054000922570728
0.14078238144597316,0.6326530483132031,0.0013122729808773034,0.0012530297041249841,0.008730113146610473,0.0015561461327866612,0.13834425677560985,0.6137068644448833
0.044538766027195906,0.3469387684298211,0.0026909530590563664,0.0035381027021448358,0.01763253115795668,0.0016195915055674207,0.4183006107442336,0.47352008158207853
0.06393604532720318,0.3469387684298211,0.001974945017721045,0.0007211408665038317,0.09605996209017116,0.0013343127150152196,0.4923747075302972,0.3727930414334634
0.13036217821244483,0.3061224427321951,0.003306844781383154,0.0007599228136832795,0.028832347365779325,8.257213687312675e-05,0.007625238003479607,0.7476633701035925
0.05798669606779306,0.32653060558100805,0.00362389414676433,0.0027449624970740357,0.015338004709225837,0.0011692560597295924,0.010239676555124961,0.9034266382295868
0.1505446904552355,0.6530612111620161,0.0007862243570965902,0.0005780640473902405,0.03302509907434883,0.0011272026572524347,0.13071901877213027,0.6230530725039773
0.07944255333061916,0.6530612111620161,0.0037357604182639377,0.0023341019006313324,0.04741255527978253,0.0010937760223777707,0.6372546451407152,0.274143288521514
0.058333327239047314,0.8367346768013332,0.0020401855245044355,0.002352602003024924,0.015711331916153252,0.00045540367420611526,0.1274507628104209,0.606437943622455
0.2483658555028613,0.9999999795918372,0.008989665265680142,0.003891742254324669,0.007825512606747876,0.0005344513008568267,0.5413943915128843,0.1713397533891839
0.19973116791381762,0.7346938625572681,0.004909780440763478,0.0014634975400420731,0.007638849003284163,0.0006149419036382642,0.13180816039649648,0.6240917161223101
0.4554824329659121,0.8571428396501461,0.016295178778041305,0.000324945268789197,0.006981218769542783,0.00017937939141181544,0.13834425677560985,0.592938745595931
0.07416524891598313,0.7346938625572681,0.0029495940607554886,0.004623524674100125,0.02086037562400608,0.00021024683708235423,0.28104549559298997,0.5285563095594578
0.095698926158576,0.36734693127863405,0.0030829316408639766,0.0027047498301203646,0.015421285393848105,0.0008044685119484845,0.3638343875512048,0.46936629936169794
0.3228989446548054,0.4285714198250731,0.014499577516730327,0.003606721087688657,0.016569984492086326,0.0005321772367266561,0.10348590717561584,0.6365522705305012
0.36425434391539885,0.4081632569762601,0.016050319798235756,0.000329167223588258,0.01002239963212847,0.0007835949508702547,0.12091508197561285,0.651090112175358
0.1826400518373545,0.36734693127863405,0.010039027155419987,0.0016418417226325454,0.00031589225201551053,0.000262153089173532,0.12309378076865066,0.6801657954650715
0.1960950656212334,0.28571427988338205,0.007853303993727778,0.002962553429207155,0.18617540634695953,0.0006294029847022833,0.13616555798257207,0.6635514588364998
0.4481889771508984,0.20408162848813005,0.10820397954167596,0.07542417183821623,0.03537418873024598,0.0004901199913345587,0.16448781120345268,0.7196263304322118
0.2559422562638151,0.6530612111620161,0.010022297573618881,0.0028813572980475074,0.03535121474828122,0.0008811290927697968,0.11655768438953726,0.6313606369447385
0.2259620668935196,0.28571427988338205,0.013054582029221176,0.040007848887312424,0.005665958302060021,6.761339832441023e-05,0.5838779791163579,0.39875358612112916
0.044984434675951375,0.6530612111620161,0.0010914925127236228,0.0034402835923021424,0.025644707368168262,0.0008588686236898119,0.12854031997909246,0.6054000922570728
0.1356253488726282,0.14285713994169102,0.005046627516908921,0.0007227628330837461,0.004106599276201637,1.1766236962520773e-05,0.5032677859511808,0.46105873492093674
0.18155770646206745,0.9387754910453981,0.002002187459001484,0.0010787046094688016,0.01095284590170143,0.00030217397393905677,0.13725469960693829,0.5981311714346444
0.23634690200880543,0.6938775368596422,0.0015819196649035012,0.0018208903713047419,0.0073229567512686534,0.001243286741711888,0.1274507628104209,0.6292833497080729
0.11719722684989865,0.5510203969179511,0.00291520099959332,0.003820031480558187,0.028927115041383976,0.0004430636900430901,0.12527206401738308,0.6178606466652639
0.19334321688287837,0.4693877455226991,0.002826729747593112,0.003369095721194259,0.008328068462227096,0.000136042263199035,0.12309378076865066,0.6188992902835967
0.2694184706793731,0.06122448854643901,0.008145868503037168,0.0007466323711105474,0.00313020504269915,0.0003421243412154372,0.4400871831303062,0.4392519724536516
0.1820458269723472,0.4693877455226991,0.002100401599900725,0.0003158670976329592,0.07064499454165053,0.0004080629972091052,0.535947436758137,0.17030110977085108
0.17642189138645692,0.12244897709287803,0.000323036867773766,0.0032004596137959855,0.06226810636774831,0.000185131620210228,0.6318081059302734,0.2699895063011334
0.16524475645116138,0.3469387684298211,0.002434113517618867,0.001822761200816619,0.020475561426096273,0.0006844358323884401,0.14161209719301387,0.6365522705305012
0.18046122733232775,0.9999999795918372,0.004067476386083575,0.004226542785721077,0.025558554935800396,0.001068297284966919,0.01644878112034527,0.7248179640179746
0.10139359798095132,0.5918367226155771,0.0020864848244730293,0.0021447293136356983,0.03520762736100145,0.00102673541052513,0.15032689236516505,0.7009347065669744
0.005220714582145234,0.6326530483132031,0.0026079629417870087,0.005891205336048456,0.017175923266406982,9.522051496006671e-05,0.6361655035163489,0.27518193213984676
0.13369410119529906,0.36734693127863405,0.0026833683105208814,0.003936221903806336,0.041353167536575926,0.0007136343001006464,0.15577343157560689,0.5721706267469787
0.1799094374627893,0.9999999795918372,0.005030134101095458,0.006474832486723239,0.016368962149894636,0.0003967961470430047,0.5424835331372505,0.17549274335661383
0.09753818636957481,0.24489795418575605,0.006753659586795404,0.018599313489678474,0.0007753718913107986,0.00012881643023782664,0.7505444891128484,0.053997584359046405
0.0941072427752748,0.6122448854643902,0.0013814637111069412,0.0019027168906694783,0.0058009304461030115,0.00037982698754355896,0.12636162118605465,0.6407060527508819
0.21241509937542125,0.8571428396501461,0.006184041116717986,0.0023782823335916897,0.021279650794863027,0.00044234594881979337,0.15359473278256908,0.5981311714346444
0.24763015816488396,0.7959183511037071,0.005275215354771733,0.0025140210853962707,0.0019815059444609298,0.001161603855355819,0.12200422359997908,0.6116303694611683
0.21920626719359168,0.5306122340691382,0.009105584562291207,0.0027667748004745513,0.024811900521945554,0.00015340320787658808,0.11655768438953726,0.6323984883101207
0.12678267840189297,0.5510203969179511,0.004452225510245933,0.00026436602745221166,0.01119694446007705,0.0003173146745101704,0.7320261726884851,0.2679130113174184
0.4826188029975777,0.2653061170345691,0.01817696325969574,0.002065697902648826,0.023462179081515645,0.00014503718205275643,0.5185182619581401,0.1921078722381362
0.1864671622077148,0.14285713994169102,0.008128479045682355,0.004415859693266954,0.00017230486473573302,0.00044182204422605747,0.8148146491023947,0.18172381281366004
0.4759762082617145,0.7346938625572681,0.018489563674633235,0.0028070799437317343,0.009046005398625984,0.0001676784840032704,0.07494545163998714,0.7123574096097834
0.16027163134625533,0.4081632569762601,0.005720544527793688,0.0035244655944762174,0.056918040317703804,0.00017375490110600012,0.28540289317906553,0.5337487353981711
0.36525888617697455,0.6734693740108292,0.01162186370004022,0.000487543787157162,5.7434954911911005e-05,0.0005412389262274555,0.5424835331372505,0.1713397533891839
0.19611628311896784,0.7959183511037071,0.003464273723351664,0.0006317196701920684,0.03612658663959202,0.00023949468625153616,0.14161209719301387,0.616822003046931
0.08725947247507199,0.4489795826738861,0.007776298253124701,0.004482068853228191,0.0185227729590913,0.002216587188582808,0.35076261033728334,0.42990655664750826
0.2366935331800597,0.16326530279050402,0.004027863014685732,0.0020965680421021894,0.004365056573305237,0.0008373715496626079,0.04684098518954922,0.7082036273894028
0.07625211968679041,0.5714285597667641,0.003537394880760939,0.0031546102498502654,0.018924817643474676,0.0010270453031858712,0.10566460596865364,0.7403944492811642
0.18036925673205287,0.22448979133694305,0.010197820997875903,0.002202262646986343,0.01863764286891512,0.0004605951640710945,0.14814819357212727,0.716511191830164
0.4425013722057494,0.2857142798833821,0.03264343586180532,0.0032004596137959855,0.012408822008718373,0.000481557208265812,0.11328984397213325,0.6583590329977863
0.27784377374236896,0.7551020254060812,0.006888336714277918,0.0035020872973646807,0.0037907070241861266,0.0002696406822858613,0.5239652167128872,0.183800307797375
0.12410158276607841,0.5510203969179511,0.0038015743221732072,0.001178927619033667,0.002613290448491951,0.0007585192775928585,0.3725487671790506,0.536863874000219
0.049596769556067365,0.7142856997084551,0.0017566668671276087,0.001905471813009691,0.012865429900268064,0.001376109410774402,0.13616555798257207,0.606437943622455
0.23208825674414232,0.6938775368596422,0.008429399663319221,0.0015557322431585777,0.009275745218273627,0.0007963688001299775,0.12636162118605465,0.6240917161223101
0.381593053685615,0.6938775368596422,0.002531761902056534,0.0014469045798449836,0.007785308138309537,0.00010610872271715383,0.13616555798257207,0.5877463197572176
0.34140488665730173,0.040816325697626006,0.012054165540420292,0.002530747192103652,0.05062891275484955,0.0005551528530623534,0.6448798831441948,0.30425761542956026
0.21987122829508401,0.6326530483132031,0.010312052402281169,0.002488174200649359,0.01961403710241761,0.0008475529685039766,0.15141603398953127,0.5098646856942204
0.233092799005718,0.4897959083715121,0.00560780652595734,0.0035116109041189846,0.06220205616959962,0.00012619210362547264,0.5206969607511779,0.21806841692580192
0.06532257844524791,0.3061224427321951,0.0047964721675275565,0.001180883662312131,0.00855206478638355,9.765567408451158e-05,0.761437567533732,0.2616819418603722
0.08239246859094891,0.3469387684298211,0.002851403536455012,0.0008667305233934694,0.010654184136159492,0.0004416099921796821,0.48801730994422166,0.23779868440937207
0.08403367071300072,0.5714285597667641,0.004567358513039317,0.00022321649323521692,0.020705301245743917,0.0003439764340706488,0.05130717227476983,0.727933894872973
0.1901598669823314,0.16326530279050402,0.010470037028926486,1.985093426164001e-05,0.16228246510360456,0.00029031512272648807,0.8474942999093509,0.18587759503404064
0.31902231554569443,0.6530612111620161,0.013349713107131567,0.00036271046079914626,0.012368617540280034,0.00045147127699199515,0.12091508197561285,0.639667409132549
0.4664685429573761,0.12244897709287803,0.013237808632310428,0.0009855456274863099,0.01685715926664588,0.0002622508913587486,0.09803895242086867,0.6531673994120236
0.09538766310556426,0.9999999795918372,0.003732019965783184,8.119032113010764e-05,0.0052265808969839,0.00015664316946228973,0.6307189643059071,0.274143288521514
0.19985850663233504,0.9999999795918372,0.0039950210083777,0.002853271615251185,0.005312733329351768,0.00021845878123167667,0.5479300723476923,0.17341624837289885
0.3866793837545858,0.7346938625572681,0.02132674376717954,0.002154620404758407,0.011630578369661979,1.4628632155392157e-05,0.5501087711407301,0.19730029807684962
0.107144872285359,0.32653060558100805,0.00468645111645787,0.006477635825976285,0.016053069897879125,0.00022095129586159729,0.6328976630989449,0.2907576251500857
0.4370472271999008,0.9999999795918372,0.017724736650622925,0.003085077268823024,0.0030727700877872387,5.940666132483115e-05,0.5228756595442157,0.18276245643199288
0.18218023256809093,0.18367346563931702,0.037781629794364266,0.040714193545254414,0.04847510194565289,0.0004118164875182054,0.11328984397213325,0.7871239050707328
0.3520514829529041,0.3061224427321951,0.021111273560718593,0.00396198986898533,0.023605766468795423,0.0007997267392043293,0.14705863640345568,0.6708203796589282
0.20857383838455285,0.7142856997084551,0.008352850626059897,0.001973968672102301,0.01382459364729698,0.0005792431645200489,0.15032689236516505,0.7082036273894028
0.6387661946749136,0.5306122340691382,0.02442971825973008,0.0022081578902929215,0.013210039629739531,0.00023427965853255097,0.4912851503616257,0.21495327832375413
0.17609647771293707,0.4693877455226991,0.010744566097444274,0.005681579470245537,0.030239503761121143,0.000462302859397445,0.14814819357212727,0.7123574096097834
0.19999291222807875,0.9999999795918372,0.002612509831654978,0.002418248074289911,0.01984377692206525,0.0005399644234876883,0.5522874699337679,0.1921078722381362
0.10819184954240353,0.22448979133694305,0.0010946849211918759,0.004964984951856749,0.017170179770915794,0.0006766784474327659,0.12527206401738308,0.6448598349712624
0.11532256478854647,0.8571428396501461,0.0026021480489471518,0.002904627434693433,0.00114869909823822,0.0007024460375450636,0.07984742003824585,0.7268952512546402
0.2334040451926743,0.7959183511037071,0.004220768950239108,0.0034877476602908518,0.012147492963869178,0.001354717056179306,0.12854031997909246,0.5960538841979788
0.1837011797149071,0.6530612111620161,0.004535199651580833,9.478579025368939e-05,0.014789500889817083,0.0007117971946136997,0.1448799376104179,0.6323984883101207
0.10309138571898008,0.06122448854643901,0.00485985182524949,0.0013902577601683165,0.05665958302060021,0.0004709190589838543,0.06427015998954623,0.7113187659914506
0.12265845559902902,0.36734693127863405,0.0031588763710372744,0.0015095425083156396,0.014100281430874152,0.00042468873461496044,0.13616555798257207,0.732086884840403
0.16983586540051523,0.28571427988338205,0.00242357009548231,0.001567855838132028,0.048130492216181424,8.050484078128925e-05,0.12418292239301687,0.5981311714346444
0.22394593235919735,0.8367346768013332,0.010457030534459984,0.0039037220510670053,0.0023605766468795418,0.00022112253615131248,0.3867101015616436,0.4974041312860293
0.22577107568179897,0.6938775368596422,0.03074669651628633,0.019700323770889563,0.010972948135920597,0.0002786027634314226,0.13507600081390048,0.727933894872973
0.1615520516765448,0.3877550941274471,0.002265937981303842,0.0025965941935568965,0.050542760322481686,0.0007823373377416475,0.1525051756138975,0.5856698247735026
0.3930956022944304,0.9999999795918372,0.0009124272932578055,0.004513384428279621,0.014674630979993261,0.0001219867441631822,0.5468409307233261,0.17237760475456604
0.16187038160678285,0.6734693740108292,0.002687200798276231,0.0060841661004541634,0.023192234793429668,0.00010006835215655895,0.1612199707860487,0.6022841614020743
0.14402235069460795,0.8775510024989592,0.00020057785712253458,0.0017953814366094057,0.014413301935144068,0.0002408669911765202,0.5566448675198434,0.18691544639942279
0.21299517361992046,0.8571428396501461,0.0003841031407255698,0.0013755922772711198,0.009502613290175675,0.0003269863114702067,0.5610018495616137,0.1630321889484227
0.012082622853314568,0.06122448854643901,0.00460020989652627,0.006217932831399045,0.02236229969495255,0.0005475855963233231,0.3725487671790506,0.4932503490656487
0.00750566030795495,0.5102040712203251,0.0024809459275742726,0.005883492521834116,0.0407903049784392,0.001462524193583231,0.09586066917213625,0.6417446963692146
0.2625141147631933,0.8571428396501461,0.007043476929983832,0.0016491914100006354,0.000861524323678665,7.292814968608188e-05,0.11655768438953726,0.6188992902835967
0.11846349655968004,0.3469387684298211,0.002239853100665776,0.0015922628038912787,0.08632473723260224,0.0012553177555137574,0.46078419834770723,0.2637592290970378
0.09993632019339384,0.7959183511037071,0.0029585009915188516,0.0046577118562516956,0.0009189592785905761,0.0006381702108458247,0.0010891416243662153,0.7196263304322118
0.009613752793010515,0.9999999795918372,0.004163607056747715,0.004137209224021543,0.014505197863003125,0.002424994230137758,0.4335510867511928,0.4475595368944128
0.40737123400539066,0.3469387684298211,0.01216521217702161,0.0008584686613876005,0.052696571131678346,0.0006872027311450588,0.5065356263685848,0.23260625857065867
0.3555248784087284,0.3877550941274471,0.013351435729629666,0.0015059146290370428,0.01372695422394673,0.000733503131067879,0.09259241321042685,0.6635514588364998
0.022722126972607466,0.2653061170345691,0.0028724257823844477,0.003367362395714828,0.0029004652230515057,0.0003441184297776725,0.003267840417404012,0.8857736579826823
0.39143318267464416,0.5306122340691382,0.010062518725131982,0.003021449698654056,0.021997587731261915,0.00012037393040669401,0.11764682601390347,0.5950152405796459
0.02140633852407548,0.9999999795918372,0.005747908525097178,0.004171039573525532,0.011742576531740207,0.0005787280025578009,0.5490196295163638,0.18691544639942279
0.1327815464000537,0.22448979133694305,0.0193228041649315,0.018733297612561976,0.01850267072487213,0.0006072731363011006,0.49346384915466346,0.23156761495232586
0.0930673323954566,0.4693877455226991,0.007322698060991406,0.005660552005002049,0.004049164321289726,0.00046554455029486954,0.04248358760347363,0.7705087761892104
0.15036076612074115,0.6122448854643902,0.003115554151724671,0.0009443864098867485,0.023921658720810934,0.0010417662037289666,0.1808278443790835,0.45898223993722176
0.35469010986113897,0.7346938625572681,0.012554538753709162,0.0017870387183591054,0.013181322152283575,0.00038609996974545683,0.11437898559649946,0.5950152405796459
0.22053620626263176,0.14285713994169102,0.0008983267945838406,0.004351770225749557,0.0602779851800506,0.0002709458707014226,0.5653592471476893,0.21183813972170637
0.1864671622077148,0.6530612111620161,0.0014150475564585106,0.0012415670000117077,0.016937568203522557,0.0012016440123397666,0.14270165436168547,0.6448598349712624
0.09126344030270031,0.4897959083715121,0.002204684512076539,0.001967932535579377,0.02656366664675884,0.0005445195266386451,0.13583873238640115,0.7268952512546402
0.0342671190099194,0.4693877455226991,0.0007683590947372615,0.0025321270741193998,0.012176210441325132,0.00047516970719870964,0.14052295556864766,0.718587686813879
0.17088990953478608,0.8571428396501461,0.002971086902145595,0.0015155365221243982,0.011038998334069294,0.00014629938746471671,0.11764682601390347,0.6137068644448833
0.3425792026328636,0.12244897709287803,0.009101885786161213,0.002802307972802887,0.0242662684502824,0.0007654145814400992,0.5370369939268087,0.24299031799513482
0.12044424610970433,0.36734693127863405,0.005554620556328499,0.0034999375864348836,0.02680202170964327,0.00027623810258154736,0.6143789311302763,0.36967790283141566
0.19472267469066906,0.5306122340691382,0.0029845601717406146,0.001900622375020311,0.019105737751447194,1.312855030866148e-05,0.12527206401738308,0.5970925278163116
0.28626199306208316,0.6326530483132031,0.007090223903420179,0.0016753554255266056,0.011883292171274387,0.0006882578034417666,0.12418292239301687,0.6199379339019295
0.10634548872206752,0.3469387684298211,0.00298820372670585,0.0013365924539839218,0.05912928608181238,0.0006799905981756107,0.14161209719301387,0.6012463100366922
0.1632569231578553,0.7142856997084551,6.403571294348853e-05,0.0037000688956311976,0.021449083911853167,0.0008565811285719268,0.4041392763616406,0.48286628964117256
0.3478777414112895,0.4693877455226991,0.0181236036386054,0.0018284279162946247,0.014186433863242018,0.00035302630660800867,0.11437898559649946,0.651090112175358
0.22736275906510017,0.9183673281965852,0.004447321245670192,0.003020324973768939,0.0039630118889218595,0.0004129473420975251,0.5403048343442127,0.17445489199123168
0.38297252835946116,0.6734693740108292,0.011348102170982269,0.0022924294637557386,0.00553098615801703,0.0003328865501375237,0.11655768438953726,0.5981311714346444
0.21514571374998642,0.22448979133694305,0.007588072224458807,0.001187938006511938,0.02357704899133947,0.0005446549317465471,0.15141603398953127,0.6074765872407877
0.41155202555817616,0.4489795826738861,0.012622995632862491,0.0005800442991251212,0.023490896558971602,0.00022953999939161264,0.49346384915466346,0.21391463470542132
0.1270939414549047,0.4489795826738861,0.007080791156031388,0.011433542606676797,0.004365056573305237,0.00019490025234334364,0.6710238531163429,0.42782926941084265
0.08272494914169506,0.6122448854643902,0.005183608999285568,0.002742493718688667,0.014674630979993261,0.0008233712340998645,0.3518517519616496,0.41121493278227095
0.2803338781664629,0.4489795826738861,0.005385786186368535,0.004123900383021933,0.03896100166449483,0.0002496517025830374,0.46078419834770723,0.2211835555278497
0.38133840998069113,0.9387754910453981,0.004017298059767948,0.0011628013978762903,0.006570558841922619,0.00012531003935935226,0.15141603398953127,0.6002076664183593
0.2335738526387714,0.6734693740108292,0.009291138094964586,0.001553693891128297,0.029837459076737766,0.00030967551683261737,0.5686275031093987,0.15680191174432714
0.2719439600877649,0.5102040712203251,0.008653507293475282,0.0006982832419552456,0.030437654355567233,0.00014875635513144465,0.12091508197561285,0.6334371319284534
0.2274334953015852,0.16326530279050402,0.009228185967140869,0.0033930959848857104,0.11237148928515388,4.5971830695471744e-05,0.04357272922783984,0.7030112015506894
0.10516410586927927,0.7346938625572681,0.004033138546086164,0.0029402385582514303,0.035925564297400334,7.86139344851862e-05,0.7592592842849996,0.19833814944223177
0.20415250314918523,0.6938775368596422,0.011983954781505792,0.001246599938100726,0.010694388604597828,9.913298666022427e-05,0.11655768438953726,0.6178606466652639
0.1462719114361197,0.4693877455226991,0.005788845120631666,0.002753552141579786,0.03721785078291833,0.0010347388573243963,0.048474863843820694,0.7289717462383551
0.39501269935125144,0.5510203969179511,0.014779090382193225,0.0012066840668227229,0.00615128367106567,0.0003882437398445953,0.4978212467407391,0.21599192194208697
0.2642826556037625,0.4897959083715121,0.01232690947191384,0.00278677146964382,0.00962897019098188,0.00026261594906344996,0.6405229011024245,0.2866046351826557
0.1696236398250047,0.9999999795918372,0.0013121521194600979,9.213254343042629e-05,0.018608925391459166,0.0003689879306685512,0.5533766115581341,0.19106922861980338
0.5121533237191177,0.5918367226155771,0.01532789151506578,0.001730067505366455,0.00031589225201551053,2.8154924160317566e-05,0.5174291203337739,0.18691544639942279
0.2100452667926184,0.5918367226155771,0.010691328032376983,0.00371354816416398,0.008405605651358176,0.0002597979587527074,0.6949891242954533,0.10384217875066289
0.24676003836510743,0.040816325697626006,0.013209548593465587,0.000256948556406155,0.08540003445852047,0.0001247708015350068,0.705882202716337,0.3011424768275125
0.19104412053656056,0.6122448854643902,0.005910241384338506,0.001764481762839214,0.024361036125887057,0.00027281640954834505,0.5936819159128753,0.1671859711688033
0.17113750322853913,0.7142856997084551,0.006906681254670993,0.008998849727943067,0.012859686404776877,0.0005372043459050876,0.5642701055233231,0.18276245643199288
0.1793930325775488,0.8367346768013332,0.0005560007224664292,0.005246141964679539,0.011191200964585857,0.00048481298344649074,0.15359473278256908,0.6002076664183593
0.034535938634434576,0.3061224427321951,0.009258884072505198,0.020491523910263133,0.01101028085661334,0.00020287558821982578,0.7211326787232961,0.34890978398246336
0.145656469073378,0.36734693127863405,0.002882606967572312,0.003224407587221577,0.018051806328813626,0.0005931672366503876,0.11220028680346167,0.6438211913529296
0.7778861902332114,0.7346938625572681,0.024029719064218615,0.0011779278097836599,0.011377864568049569,4.28998044926371e-05,0.5501087711407301,0.19522301084018398
0.05631720113775278,0.5714285597667641,0.0026425970311777427,0.002857590403875913,0.023396128883366948,0.0003284781502643917,0.4193897523685998,0.45898223993722176
0.10806451082388613,0.5510203969179511,0.0029870899262317767,0.0015224262488205723,0.034317385559866825,0.001077081631296517,0.13071901877213027,0.6126690130795012
0.1346774090930849,0.4081632569762601,0.002457388023003984,0.0020110109996036496,0.033628166100923895,0.0006900266011156593,0.13834425677560985,0.5867084683918354
0.16681520547067272,0.7755101882548942,0.0033733234230870525,0.0024286034836066904,0.024895181206567824,0.0006218700644082397,0.5620914067302852,0.18172381281366004
0.12014713367720069,0.9999999795918372,0.012068123644895826,0.00856393996672695,0.013692493250999586,0.0006620491235526845,0.5653592471476893,0.29387355600508414
0.15439303518938566,0.24489795418575605,0.004339925804698415,0.002486905677533127,0.07742231922125603,0.0007392473281740675,0.49999994553377686,0.23364490218899148
0.3880871259373373,0.4081632569762601,0.012291446370445895,0.0010256091703484543,0.005915800355926834,0.00021291804725697314,0.532679596340733,0.21391463470542132
0.1961941030987346,0.4285714198250731,0.0023828627198770034,0.0018117027779255006,0.024036528630634754,0.0005965245224291997,0.0010891416243662153,0.720664181797594
0.32794988973947825,0.4693877455226991,0.00818288057554171,0.00014261685844167514,0.0027568778357717283,0.00034629486465379884,0.48910645156858784,0.22949111996861088
0.24107243341995846,0.3469387684298211,0.0050215960060363265,0.0014739028187790708,0.043909023030155966,0.0002610462720271605,0.5021786443268147,0.21183813972170637
0.19105827115706867,0.4081632569762601,0.002842793202387895,0.0013156811893312332,0.03357073114601198,0.00012347345266592254,0.5021786443268147,0.21287599108708852
0.49564229875320925,0.9999999795918372,0.025381991617344144,0.0041967295874748645,0.003693067600835878,0.0003457482100036197,0.13725469960693829,0.5815160425531221
0.1885045142397715,0.16326530279050402,0.0029451600443374964,0.0024374797562364135,0.00542760323917559,0.0002667346123646997,0.6546838199407121,0.2969886946071319
0.07024617637837564,0.7346938625572681,0.0022028451957963094,0.0015772729276780986,0.016455114582262502,0.0002762146992295643,0.7777776007093627,0.19833814944223177
0.25986132036839493,0.6326530483132031,0.00560861226873871,0.003470984756729718,0.004336339095849281,0.0008047638399616042,0.15904127199301088,0.5898236069938833
0.39156052139316155,0.6734693740108292,0.007876601073802891,0.0021004709294456794,0.008026534948939562,0.0005169840803666149,0.11873638318257505,0.5991690228000266
0.3679045968284912,0.6734693740108292,0.009370010588778807,0.002329399165887837,0.003589684681994438,0.0004164684513402187,0.13071901877213027,0.6323984883101207
0.18227927004559213,0.8367346768013332,0.0018644505927673037,0.0014281778862993322,0.007638849003284163,4.2771451133649515e-05,0.11982552480694127,0.6147455080632162
0.15604837106589015,0.7346938625572681,0.00262484116923916,0.0015893563366138972,0.023261156739323958,0.00053924262798913,0.11764682601390347,0.6157841516815489
0.19783530522078643,0.7142856997084551,0.0011257997900638095,0.003900990368844952,0.013551777611465402,0.0012524121275278137,0.12309378076865066,0.6105917258428355
0.18457129951468362,0.9999999795918372,0.009839727373054108,0.004240750244622872,0.000287174774559555,0.0005878260268193557,0.5577340091442097,0.1879540900177556
0.10403225862129704,0.6734693740108292,0.0027600587000698685,0.0011438732899732523,0.036700936188711134,0.001270211356654245,0.1394333983999761,0.6687430924222625
0.053162135612166546,0.6326530483132031,0.0021374032533175774,0.0031856440384690054,0.030239503761121143,0.0009751131498479996,0.12962946160345867,0.60436144863874
0.15036076612074115,0.3469387684298211,0.0039804756146593675,0.0006554439574803699,0.0192981448504021,0.00010806776389513863,0.0010891416243662153,0.7362406670607835
0.04337860910516979,0.4897959083715121,0.0052298621079654006,0.0015271275310566827,0.029981046464017544,0.00034732188367144655,0.15032689236516505,0.5088268343288382
0.11805319602916708,0.5714285597667641,0.001999936588757494,0.0009196792592679317,0.03905576934009948,0.0006660887957373478,0.4248362915790416,0.2575281596399916
0.10246179273573026,0.7142856997084551,0.0024530443053459717,0.00250725530599695,0.062489230944159174,0.001804711635461979,0.1274507628104209,0.5960538841979788
0.15195953324732414,0.2653061170345691,0.0013564367151723455,0.000482818296464635,0.05631497329112874,0.000628508546250057,0.12636162118605465,0.6895120035241655
0.29018814090994466,0.6734693740108292,0.010566128801663249,0.00047332373985803106,0.027741083222453014,0.0002786391942650514,0.48801730994422166,0.22637598136656312
0.22445528723326696,0.6530612111620161,0.004974765679898458,0.00019546876049047086,0.003302509907434883,0.0010814662050970226,0.14270165436168547,0.6292833497080729
0.1122241017449926,0.4489795826738861,0.00591068697398872,0.0024441874353403345,0.005312733329351768,0.0001574807327734078,0.04684098518954922,0.7123574096097834
0.15370683972410348,0.5918367226155771,0.0032324316571003043,0.002894096756152197,0.017316638905941168,0.00031783615806749426,0.13398685918953426,0.5825546861714548
0.1628890576228112,0.8367346768013332,0.0007609511233895848,0.0011477238870508824,0.01053931422633567,0.0008670632555073307,0.12636162118605465,0.6137068644448833
0.4092600298211955,0.6530612111620161,0.0032830892614496765,0.0046859873333463245,0.010203319740100988,0.0004500120069019245,0.12091508197561285,0.5877463197572176
0.19088849744308242,0.22448979133694305,0.008430267920626733,0.0018447908961557562,0.025300097638696797,0.00014764248623615867,0.6143789311302763,0.28348870432765727
0.09908035101412542,0.4489795826738861,0.0030806199926084613,0.005773807879163373,0.04054907816780917,0.0009100237780560158,0.17756000396167948,0.43821412108826946
0.1397283373117023,0.6326530483132031,0.001241503758862612,0.0030613578232260063,0.012334156567332888,6.156157587729491e-05,0.2864924503477371,0.5316714481615056
0.22157609977639453,0.020408162848813003,0.01565567254076778,0.009421669786024715,0.22870599045922962,0.00016243963021165877,0.07843149437213923,0.7248179640179746
0.18099884971530267,0.4693877455226991,0.0039966064462212125,0.0012516110885789694,0.008471655849506873,0.0001057139784945429,0.14596949477908946,0.6137068644448833
0.4108021607336353,0.22448979133694305,0.020702609157278173,0.0013095777532994715,0.016081787375335083,0.0009636545382264056,0.49019600873725944,0.23572139717270646
0.10570882886159139,0.24489795418575605,0.005317146625877704,0.004171039573525532,0.10797771523439269,0.00033071049955289136,0.15904127199301088,0.5867084683918354
0.1886813716970395,0.4693877455226991,0.0025057898948684446,0.0009463811866954792,0.0006605019814869765,0.0009381201554072262,0.11220028680346167,0.6157841516815489
0.23561117093871722,0.4693877455226991,0.0026443575096944502,0.003460661786744536,0.03681580609853496,0.0006771838676056416,0.5185182619581401,0.22014491190951688
0.2534875368240192,0.7959183511037071,0.006092359396497528,0.001545410241511653,0.004537361438040969,0.000476950129690295,0.11546854276517104,0.6105917258428355
0.4170132543073065,0.020408162848813003,0.020026056117207806,0.0021932261143751417,0.06493021652791539,0.0007642036020842857,0.27886721234425754,0.5192108937533144
0.06488397667371877,0.6122448854643902,0.004950087028795637,0.003948239465740681,0.005398885761719634,0.0007631214372372527,0.6928104255024156,0.09761110929361665
0.10599885755081326,0.7959183511037071,0.0052511295497584785,0.00432943550385957,0.004795818735144569,0.00026205874561176115,0.5403048343442127,0.17653138697494664
0.31564795756737135,0.7142856997084551,0.012058645748127044,0.0030145241434423853,0.01198380334237023,0.00017781417215685603,0.5185182619581401,0.18691544639942279
0.18701895207725325,0.6734693740108292,0.005750833163011796,0.001971048163920198,0.019921314111196332,0.0004119747963991483,0.006536096379113392,0.7154725482118313
0.1819326388743379,0.36734693127863405,0.006515152777451597,0.002166190110249045,0.009591637470289138,0.001059841930585313,0.05010882560695323,0.7123574096097834
0.22911713241910586,0.9999999795918372,0.0074300459214627305,0.005303114630179574,0.00988168399259429,0.00047855698692862654,0.5468409307233261,0.17030110977085108
0.0707059956476392,0.36734693127863405,0.0017835741610873483,0.005209785704833037,0.007839871345475853,0.0003109631046977547,0.2570806399581849,0.5877463197572176
0.18735143262799941,0.8367346768013332,0.0037943052719947323,0.001061872953891444,0.00976394233502487,0.001125823819372053,0.1274507628104209,0.6126690130795012
0.17652092886395812,0.5918367226155771,0.002603115287587718,0.0022228485499847916,0.01486990982669376,0.0004252225731438155,0.11982552480694127,0.6448598349712624
0.14021645782198205,0.6530612111620161,0.0019560777864288496,0.0008433354711124342,0.02952156682472226,0.0015984489404434086,0.1274507628104209,0.5970925278163116
0.2522566183664249,0.4489795826738861,0.005337052640212605,0.003146729428948394,0.015938199988055304,0.0007435538908012962,0.15032689236516505,0.5150571115329339
0.14402235069460795,0.18367346563931702,0.003954195202475649,0.004112387325319311,0.029349261959986522,0.00045804164316650537,0.1525051756138975,0.6033228050204071
0.11794000793115778,0.6734693740108292,0.012017775140147928,0.029370575670782845,0.007314341508031867,0.0006350779516958323,0.5860566779093956,0.21910706054413473
0.1575976194537225,0.5102040712203251,0.0023950787528907486,0.0029714088825643597,0.05197863419527946,0.00025994591097788767,0.14705863640345568,0.6105917258428355
0.09018109492741326,0.6530612111620161,0.002514521437655689,0.0031856440384690054,0.03564700476607757,0.0005950757627114894,0.18191698600344972,0.4434057546740322
0.14841538468895937,0.9999999795918372,0.004278147908057376,0.00024248642454285772,0.005976107058584341,0.00023335272823450903,0.14270165436168547,0.5960538841979788
0.005050936651645131,0.4285714198250731,0.004993696120322641,0.007099246044768767,0.014674630979993261,0.0005292992392991293,0.5457513735546545,0.17341624837289885
0.3374929062960037,0.4285714198250731,0.008020839450755707,0.0016846524411288494,0.000402044684383377,0.0002547462164895121,0.5522874699337679,0.20353057528094518
0.08186191308520031,0.3877550941274471,0.005093018504849186,0.003256981517837543,0.023232439261868,0.0006984839922421833,0.06895421695407061,0.7268952512546402
0.06058998015686856,0.36734693127863405,0.002837449946917478,0.0034543046460895283,0.04557750847034697,0.0006687651938471353,0.14161209719301387,0.7092422710077356
0.19899545370978483,0.5714285597667641,0.0006800225962711789,0.002171721258371117,0.0006605019814869765,0.0017210532986811323,0.12636162118605465,0.62824470608974
0.23181944555265485,0.5510203969179511,0.002673763648185204,0.0018172692703939414,0.03296766411943692,0.0005900069579059616,0.14596949477908946,0.6458984785895953
0.38395581939119156,0.22448979133694305,0.019653459122321363,7.133263767725421e-05,0.020389408993728406,0.0009954438991909898,0.13834425677560985,0.7154725482118313
0.28685621792709043,0.6734693740108292,0.009196980799508954,0.0010302533206274216,0.00313020504269915,0.0003638350813132912,0.1274507628104209,0.6323984883101207
0.6483021274881573,0.3877550941274471,0.0316522402656102,0.004633450141230944,0.020475561426096273,0.000531520866854947,0.1786491455860457,0.5919001019775981
0.2827532463540718,0.6530612111620161,0.018540672772782513,0.01762160171868859,0.012601229107673275,0.0001395775527978563,0.47058813514422465,0.21599192194208697
0.34383133858819237,0.9999999795918372,0.010420136544949263,0.0023093027578781323,0.002957900177963417,3.974919067928461e-05,0.5250543583372534,0.1796465255769944
0.08667231448729103,0.8775510024989592,0.004558399834140426,0.00316587299211354,0.005697547527261572,0.001084162259716727,0.12527206401738308,0.6074765872407877
0.19395159236839377,0.9999999795918372,0.0027046597162156453,0.0009054640536600841,0.009218310263361717,0.0001740998603655666,0.052614349996161956,0.7237801126525925
0.1485993090234537,0.18367346563931702,0.005815424213329167,0.0009019199356406889,0.03357073114601198,0.0006173483369735345,0.6960782659198196,0.2637592290970378
0.19957554482033948,0.14285713994169102,0.015331888971709557,0.004891449344645582,0.005772212968647056,0.0006066681077729865,0.856209095081502,0.18276245643199288
0.3886389158068757,0.14285713994169102,0.01999712231069234,0.01391051797538782,0.008500373326962829,0.0003826398283482823,0.07734193720346765,0.6645901024548326
0.23455005992722003,0.4489795826738861,0.0012710383994348773,5.000014588291619e-05,0.003359944862346794,0.000523817359566728,0.18191698600344972,0.4475595368944128
0.20488821735321802,0.6734693740108292,0.007802319230024936,0.0014299160534700466,5.7434954911911005e-05,0.00041320443310699425,0.12309378076865066,0.6240917161223101
0.10064373315641044,0.28571427988338205,0.007196811170490125,0.00237818065807474,0.07713514444669647,0.0028607581111070495,0.9847494150605944,0.2941845152882235
0.3374999900392855,0.4897959083715121,0.01595679459409999,0.001603142084204914,0.00057434954911911,0.000387927467945054,0.10893244638605766,0.6303219933264057
0.09013157618866266,0.36734693127863405,0.0027265081957989074,0.0017499227971502502,0.024093963585546666,1.3237496947203339e-05,0.10457504879998206,0.6033228050204071
0.16559845449964194,0.08163265139525201,0.007265476431397257,0.0022189858486789536,0.054678077076139274,0.00047572020476382857,0.1862743835895253,0.716511191830164
0.08191849870117725,0.3469387684298211,0.0008010159885873332,0.00040817394194958524,0.01838780081504831,0.0001795255951106982,0.7766884590849966,0.32917951649889315
0.3295344893794977,0.4081632569762601,0.005499725856318477,0.0010934281926613984,0.01372695422394673,0.0006316122765011445,0.1546838744069353,0.5430941512043145
0.41556307712908624,0.3061224427321951,0.016273135461518238,0.002318808450374688,0.012176210441325132,0.0007204800687743136,0.4858386111511839,0.23883653577475422
0.10435765542876145,0.9183673281965852,0.003905761726045195,0.0014611594873213546,0.007613003273573804,0.0001508884043400169,0.5653592471476893,0.28971977378470354
0.15488822257689175,0.6530612111620161,0.005146046451648062,0.00346268755037748,0.010275113433740879,0.00013677702853551486,0.8551195379128305,0.08940804301704927
0.10140774860145942,0.5918367226155771,0.004129352569451824,0.0007606635924496286,0.012090058008957266,0.0006502179413276821,0.12636162118605465,0.5981311714346444
0.20227926879942543,0.7346938625572681,0.024762036798121133,0.023833714352995944,0.008336683705463883,0.0006731383734048446,0.1375815667575397,0.7196263304322118
0.47041590830297203,0.5306122340691382,0.024175100067788117,0.0008571778664914656,0.05410372752702017,0.00032076618856330516,0.5522874699337679,0.22222219914618252
0.22260892641293095,0.4081632569762601,0.006036069233342876,0.0032384654378627164,0.012693125035532332,0.0007442711708748002,0.04793012681391544,0.7019733501853073
0.15172607330802376,0.8367346768013332,0.0009203180156684577,0.006752571265499999,0.008893802768109419,0.00013378551140066794,0.16339866957908647,0.500519269888077
0.10880729190514524,0.8979591653477722,0.0009464872909168136,0.003622664777084652,0.006289127562854255,0.0003386601455430013,0.13507600081390048,0.6002076664183593
0.24156053706418276,0.4081632569762601,0.008415715928152863,0.002470070632771872,0.050226868070466175,0.0006782779454889878,0.12309378076865066,0.6915884985078804
0.2606819214294208,0.6326530483132031,0.0202856372679195,0.01790848161060827,0.012658664062585184,0.0012348826710301527,0.1732026063756039,0.6033228050204071
0.2080857178742731,0.36734693127863405,0.009247228586409181,0.006514868431945068,0.029601975761598925,0.0008250152331110888,0.1851852419651591,0.4205603485884143
0.09263581436720923,0.8571428396501461,0.004877785506284652,0.004012106215459046,0.016828441789189925,0.00047642288176056154,0.1394333983999761,0.5991690228000266
0.24463069886672045,0.24489795418575605,0.012741332157817664,0.004205096030012454,0.19183274940578277,0.0006823915937862412,0.12418292239301687,0.6926271421262132
0.19088849744308242,0.5714285597667641,0.0060900731013553925,0.005852458733215375,0.016541267014630368,0.004864334061745596,0.1612199707860487,0.5171336065166487
0.20653648635249616,0.22448979133694305,0.005278767221765295,0.00208709527310636,0.03747630808002193,0.00045056717360869526,0.015250476006959213,0.7227414690342596
0.0959606536067817,0.6326530483132031,0.005987481554414608,0.002471459229831929,0.004537361438040969,0.0010715972152402554,0.4193897523685998,0.47767386380245913
0.09361912226499505,0.4897959083715121,0.004772695809418698,0.0006329543014693168,0.04616908850593966,0.0004672344721396238,0.5076251835372565,0.32502573427851256
0.29970993996873574,0.8979591653477722,0.005289593695784101,0.0015677280174821481,0.012176210441325132,0.00010926175756691836,0.1525051756138975,0.6002076664183593
0.19482879591145202,0.4897959083715121,0.014168132445190633,0.007979978739353617,0.011257251162734558,0.0008585396701709695,0.5087143251616226,0.3478711403641305
0.3742996316027122,0.14285713994169102,0.010459076148676477,0.002460624977247229,0.23108954108807392,0.0006205754247941879,0.13180816039649648,0.6417446963692146
0.35553196215201016,0.2653061170345691,0.015846560646338503,6.504812239149599e-05,0.04169777726604739,0.0005457006465453767,0.5686275031093987,0.19003137725442124
0.07004102611311916,0.3877550941274471,0.0012907582594030478,0.007267146215091975,0.04467865142597556,0.0005833359073600299,0.48910645156858784,0.22222219914618252
0.044984434675951375,0.7346938625572681,0.003998752430982455,0.004972504098419756,0.0004307621618393325,0.00022862173486675982,0.49346384915466346,0.3759081800355112
0.10145018359692826,0.8571428396501461,0.0064684648455121604,0.0018296993444256264,0.032163574750670165,0.000876960490788905,0.07570805854919618,0.7154725482118313
0.0065435783409312645,0.9999999795918372,0.004028806636727534,0.0049743971997115366,0.00999081040692692,0.0002870512582098613,0.7570805854919618,0.2346835458073243
0.12623301365533907,0.4693877455226991,0.010110199943431208,0.011346481734865656,0.02993509850008801,0.0012331002502227986,0.09259241321042685,0.9844234108946318
0.6551145296701176,0.4489795826738861,0.021366471748541976,0.002232979304826025,0.01909712250821041,0.0005149636678370423,0.14052295556864766,0.6469363299549774
0.7373018732948932,0.22448979133694305,0.019374029609559987,0.0010974467964265597,0.059330308424004066,0.00012722181268357816,0.14379079598605168,0.5742471217306936
0.19811118328950023,0.08163265139525201,0.010128051313673617,0.0032751184933848855,0.010252139451776115,0.00037958296244488496,0.1862743835895253,0.7144339045934984
0.21963071834461273,0.6530612111620161,0.002695494392077568,0.0007649291224702395,0.03563838952284078,0.0007401731440267768,0.13507600081390048,0.592938745595931
0.06908601945634953,0.9387754910453981,0.003682657801336617,0.002948679562834782,0.012606972603164466,0.00029691436840677054,0.5435726747616166,0.19937679306056458
0.17541736599093666,0.2653061170345691,0.0044805689017922935,0.0025057718117877385,0.03635632645923967,0.0005521696174092017,0.5370369939268087,0.31983410069274987
0.5589699854609524,0.4285714198250731,0.02535536042920819,0.0019680618087366424,0.03531388202758848,0.0004521408472765221,0.1492373351964935,0.5451714384409801
0.008213073270971549,0.8775510024989592,0.002217822287047936,0.0015864091991297364,0.027654930790085148,0.0003802197334504012,0.5490196295163638,0.1879540900177556
0.20721559807449658,0.4489795826738861,0.00026428363228916924,0.00024703277265790164,0.024180116017914532,0.0005983564591955523,0.12636162118605465,0.6407060527508819
0.08232173235446387,0.6122448854643902,0.006163650962108418,0.0035079796356564893,0.007288495778321508,0.00027625005404701,0.4749455327303002,0.39875358612112916
0.3462718905414248,0.3877550941274471,0.020063564832892244,0.009516784811285671,0.0016943311699013747,0.00014761693085180933,0.17538130516864167,0.47040494298003077
0.05414544350995237,0.6122448854643902,0.004256584216870978,0.007716731142587855,0.006806042157061454,0.0010996558743813323,0.16339866957908647,0.5898236069938833
0.08821447913184162,0.8367346768013332,0.002657335178018343,0.0032643089334257296,0.016061685141115913,0.0005534083810400294,0.5403048343442127,0.19937679306056458
0.2685271333818621,0.6734693740108292,0.010110199943431208,0.0009883877002696227,0.009930503704269414,0.0001170953475258479,0.11220028680346167,0.6220144288856445
0.1471632655996861,0.28571427988338205,0.005490088200205114,0.007879523328607153,0.0123915915222448,5.4869139509723565e-06,0.6666664555302674,0.34164086316003495
0.3100028213498021,0.2653061170345691,0.00979723833345379,0.0031211333438099587,0.016771006834278013,0.00024859663028632955,0.020697015217401023,0.7248179640179746
0.2837365373858022,0.7959183511037071,0.0008476726632636986,0.0006690587933690849,0.013439779449387176,0.0004883133025193602,0.13289771756516805,0.5887849633755504
0.2710243215492378,0.3061224427321951,0.017771330810773152,0.010223478071000054,0.004795818735144569,1.930488319982465e-05,0.6535946783163459,0.1298027234383286
0.12785794003389825,0.6530612111620161,0.0033360633762954854,0.003129572411716798,0.0020102234219168853,0.0005962983860995702,0.029520724551988835,0.7248179640179746
0.08035511655889223,0.9999999795918372,0.005033843296313141,0.0027334300726062793,0.00741485267912771,0.000505052213770191,0.572984485151169,0.23052976358694371
0.122962634908759,0.4693877455226991,0.06827240225971813,0.07385372085355635,0.005375911779754871,0.00025497511971789814,0.7069713443407032,0.4247141308087949
0.07836020795533212,0.8775510024989592,0.0026700676504785945,0.0005598980216951981,0.018695077823827032,0.0014749145967902658,0.1394333983999761,0.6593976766161191
0.3761601261775009,0.4489795826738861,0.013891154891065665,0.0014840108176712723,0.017287921428485214,0.00034638459671764197,0.07734193720346765,0.6656279538202148
0.3153579288781495,0.28571427988338205,0.005310688875327367,0.0005666424976528725,0.06168514157539242,0.0003111100961942001,0.11328984397213325,0.6022841614020743
0.1872028764117476,0.5510203969179511,0.001765477594981299,0.0015541209282994863,0.032450749525229715,0.0023219337844091114,0.1623091124104149,0.5887849633755504
0.325827633984373,0.28571427988338205,0.01491547624005692,0.002799075659702138,0.023229567514122404,0.00042350651947747095,0.6416120427267907,0.3011424768275125
0.05130164103737788,0.28571427988338205,0.0017097094281199221,0.0020873257376114473,0.03021078628366519,0.000469046214387968,0.35947698996512917,0.5254411709574099
0.1002829513646481,0.4489795826738861,0.0032872100106311197,0.0003681864136405889,0.11966572855896658,0.0018674418417724513,0.12962946160345867,0.6157841516815489
0.3107809536832483,0.36734693127863405,0.0072175798852857674,0.00030270738072487685,0.03351329619110007,0.0013027347143723213,0.5315904547163669,0.17030110977085108
0.8258346992230283,0.5306122340691382,0.016584395287172937,0.008418364834911162,0.026655562574617896,0.00021431706044078844,0.12962946160345867,0.6915884985078804
0.42260182177495426,0.6326530483132031,0.01355958826350292,0.001539198835764273,0.02119349836249516,0.00024300980054692376,0.1623091124104149,0.5960538841979788
0.3291100382284766,0.24489795418575605,0.01480084891031943,0.000970081265527364,0.0038194245016420817,0.0005655477650431998,0.03398695319163998,0.7507785087056402
0.007399547520199687,0.4897959083715121,0.0028116401301944314,0.0031532812055929922,0.015165699844490102,0.0003007432182778391,0.5631805483546515,0.18068516919532723
0.2106394916576257,0.16326530279050402,0.014974423965178398,0.0022631178647264777,0.018732410544519774,0.0001826752674098904,0.6819169315372265,0.31568031847236927
0.10688312797109788,0.5714285597667641,0.002641957993799415,0.0022145116417640314,0.02212107288432252,0.0009612156322598945,0.1623091124104149,0.5077881907105054
0.19505517210747064,0.5102040712203251,0.0023112356596424926,0.0019142435051076943,0.02260639825332817,0.0003135784004600003,0.11655768438953726,0.639667409132549
0.18961516085607472,0.4489795826738861,0.0026671492640165913,0.0018093497159618038,0.034690712766794245,0.00027267520163888403,0.5185182619581401,0.18899273363608843
0.08851867530762703,0.10204081424406503,0.005905521190311956,0.009441883847132605,0.0021825282866526183,0.00575234716019271,0.29411768835121677,0.3592938434069395
0.3916242076184757,0.2653061170345691,0.011069151936254639,0.002868494376815093,0.03953822296135954,0.0005564766604007978,0.1492373351964935,0.5472479334246951
0.4145939198518085,0.3061224427321951,0.01866160365057253,0.00024337729573898985,0.046436161046280046,0.0005885601004311464,0.16448781120345268,0.5773622603327414
0.19645584741299577,0.24489795418575605,0.005333763681531757,0.0031694001642134442,0.01895353512093063,0.0003894000729499655,0.27886721234425754,0.3385257245579872
0.14225380985403874,0.20408162848813005,0.013680991473268218,0.008227892699825086,0.00873872838984726,0.00010762173597265675,0.5108930239546605,0.45482845771684116
0.02982455784378965,0.7346938625572681,0.0017955321480293013,0.0009918156176982182,0.0272988340696313,0.0007868500919699684,0.5272330571302912,0.32294923929479763
0.24306026671326453,0.4897959083715121,0.0006882675676632953,0.00033733515678323035,0.03127620469728114,0.0005321170566786996,0.4183006107442336,0.22637598136656312
0.4199631948667194,0.12244897709287803,0.015168166900776213,0.0028437727011224262,0.022571937280381024,0.00027867858414318383,0.08496717520694726,0.6656279538202148
0.2169283883450083,0.4285714198250731,0.011777500558926028,0.0011054791622655989,0.002613290448491951,0.0002841741446527706,0.8442264594919469,0.17757003059327944
0.15961373712198934,0.5918367226155771,0.0021132122155186526,0.0032564101982661105,0.014674630979993261,0.0005392604975435998,0.12418292239301687,0.6188992902835967
0.39917935714958425,0.020408162848813003,0.010568327229165864,0.0007783890242378881,0.05217965653747115,0.000275701285793614,0.09912850958954025,0.6708203796589282
0.002016130317808396,0.14285713994169102,0.010110199943431208,0.003488433727945699,0.032433519038756145,0.000555947971377962,0.1492373351964935,0.6895120035241655
0.0641977896414643,0.5306122340691382,0.0018149835428379895,0.002530442165552802,0.05999081040549104,0.0013757301150698488,0.2690632755477401,0.5389403689839339
0.5153366904857202,0.3061224427321951,0.01448623413842851,0.0030008182837575432,0.02222732755090956,0.0003753510100112115,0.5577340091442097,0.19937679306056458
0.1054116995630323,0.7551020254060812,0.0018074870092449468,0.001822761200816619,0.035494802135561,0.0015850659891657357,0.12309378076865066,0.6105917258428355
0.14366863578007194,0.9387754910453981,0.005115981132209447,0.0030612973020849644,0.009034518407643601,0.00042875728630539583,0.13289771756516805,0.6012463100366922
0.12646433160559947,0.7551020254060812,0.003789912237321654,0.000996023047423429,0.014536787088204675,0.00048027845910503605,0.018300612762781592,0.7217028254159268
0.045967742573737196,0.7142856997084551,0.004218845933954434,0.004314820858720847,0.00801504795795718,2.990172114618007e-05,0.5642701055233231,0.18068516919532723
0.14446801934336342,0.6122448854643902,0.004668852235440485,0.0006570804491341343,0.011228533685278602,0.0018986259436340252,0.14270165436168547,0.6614741715998341
0.10820598329685618,0.3469387684298211,0.10329143526425122,0.17254116866114952,0.013465625179097537,0.0001225955195333624,0.3322438783686148,0.5607479237041697
0.7024334625427402,0.5306122340691382,0.020829916516734544,0.008241531744170217,0.01837918557181152,0.0010238054761021924,0.14161209719301387,0.5835925375368369
0.13758488092491808,0.6326530483132031,0.0017061950698420438,0.0026498833003285767,0.01947044971513783,0.0004204327639629134,0.14705863640345568,0.7144339045934984
0.12227645630953225,0.4285714198250731,0.001192391652520608,0.001861590596570644,0.03154327723762152,0.0008179909610384703,0.6252720095511599,0.2720660012848483
0.06393604532720318,0.7346938625572681,0.002826729747593112,0.004147886605808664,0.04040549078052939,0.0007965156186952504,0.529411755923329,0.330218160117226
0.10511458713052865,0.7551020254060812,0.0035742600441290512,0.003207941963505239,0.018522772959091303,0.0003934099625438457,0.2690632755477401,0.5306335967961234
0.5241651934698919,0.08163265139525201,0.02005045067451961,0.003743980130556202,0.028229280339204257,0.0006185505929124347,0.445533722340748,0.44963682413107847
0.3145797628125924,0.10204081424406503,0.013490433305474352,0.0028925086814112658,0.07107575670348987,7.202967617316877e-06,0.03812619001739803,0.7113187659914506
0.22137095794416578,0.7755101882548942,0.0028619150067226533,0.006946805394713222,0.0112285336852786,0.0007440670928769251,0.10675374759301985,0.6209757852673117
0.09076116917191247,0.5918367226155771,0.0013557230076655723,0.001533015027657208,0.031928091435531325,0.0010173462085985904,0.13834425677560985,0.6033228050204071
0.21942555964632854,0.7551020254060812,0.005189688536952753,0.0029582443239649942,0.013775773935621854,0.0004498714522880032,0.13834425677560985,0.5835925375368369
0.272686741169024,0.6734693740108292,0.010170894602255398,0.00018253660307270488,0.0015794612600775527,2.4031092138473867e-05,0.003267840417404012,0.727933894872973
0.1870967551909646,0.5714285597667641,0.0018942901653059663,0.0018167720286991437,0.03098615817497599,4.81694016037667e-05,0.1394333983999761,0.6178606466652639
0.058998296773567355,0.5306122340691382,0.0063240806013316825,0.0063707167573665785,0.0020963758542847516,0.0012880851383305077,0.28213505276166156,0.5316714481615056
0.20174021870485812,0.3469387684298211,0.0060508018233367085,0.003315377156405748,0.00970650738011296,0.00039550611892688066,0.003267840417404012,0.7362406670607835
0.25616863245983373,0.4081632569762601,0.017837464233371583,0.0018675516868786755,0.0021538108091966627,0.0006764921429164868,0.5686275031093987,0.23572139717270646
0.2584747956833779,0.6530612111620161,0.004269349683108915,0.0033169603894553958,0.0012061340531501312,0.000557517744487125,0.11546854276517104,0.5939773892142638
0.33879452725797216,0.6530612111620161,0.004355703081884645,0.0017891593791412026,0.006869220607464556,1.1983361656616542e-05,0.501089087158143,0.21287599108708852
0.09059139545792622,0.8163265139525202,0.0038211629016364815,0.0011029082241941523,0.002469703061212173,0.0006507380798647769,0.002178698793037797,0.7196263304322118
0.16625634872390796,0.5918367226155771,0.0032830892614496765,0.0011232626943492583,0.04784331744162187,0.0005267197210749728,0.12418292239301687,0.6303219933264057
0.1251980618958181,0.20408162848813005,0.005550053870193918,0.006726136599431292,0.005025558554792213,0.0008224992767000357,0.04793012681391544,0.7113187659914506
0.284917903372535,0.8571428396501461,0.009513602982294835,0.004660277952631859,0.009746711848551297,0.00016786294392037832,0.11546854276517104,0.6209757852673117
0.12303338801129947,0.3877550941274471,0.0020862462273649254,0.0029532089650303344,0.020530124633262592,0.0002088407913641992,0.6067536931267967,0.14434056508318535
0.14154639689102214,0.7142856997084551,0.002891778543163003,0.0022654912617935644,0.015047958186920684,0.0009579833565040723,0.16557736837212428,0.5887849633755504
0.38856109582710896,0.3061224427321951,0.01434931690709262,0.0026179789756170945,0.02265808971274889,7.180563423218144e-05,0.07843149437213923,0.6666665974385475
0.06743066671378961,0.5714285597667641,0.002784322324179701,0.0034711682568293557,0.023209465279903238,0.0015007777986262645,0.14270165436168547,0.6105917258428355
0.3009549921807827,0.7755101882548942,0.010752859691245611,0.0010651817657144696,0.006401125724932481,0.00019457097217673135,0.5479300723476923,0.19730029807684962
0.42445526633857206,0.36734693127863405,0.01969193334013175,0.0013984765311217638,0.013152604674827621,0.0004401569091826646,0.5631805483546515,0.22326084276451533
0.06063242358536512,0.8163265139525202,0.0045816951777009245,0.005315828427320462,0.014666015736756476,0.0011825377501986027,0.5642701055233231,0.29387355600508414
0.3217741811501049,0.4489795826738861,0.010414583171210428,0.0027628399579685916,0.0013497214404299086,0.00015764905244776878,0.1797382872104119,0.4537898140985084
0.10814939768087925,0.18367346563931702,0.0018945443910456056,0.00022450438311658185,0.022916547009852493,0.0002558812598461161,0.4912851503616257,0.3800619622558918
0.2012025963218832,0.5714285597667641,0.0019635916851680427,0.0018323380661750394,0.026018034575095685,0.0002861286511911265,0.1448799376104179,0.6438211913529296
0.24129172587269532,0.9387754910453981,0.01063720434485603,0.0024069015707674345,0.016397679627350593,0.0001153010905404795,0.5958606147059131,0.1505708422872809
0.2483658555028613,0.6938775368596422,0.004587809098357487,0.0006051872019594373,0.014789500889817083,0.0005021165149748438,0.11437898559649946,0.6220144288856445
0.3051853024723188,0.6122448854643902,0.011774993031821938,0.0007915879588453653,0.001321003962973953,0.0009559076059993673,0.11655768438953726,0.6458984785895953
0.2118137907671322,0.16326530279050402,0.004186215782429433,0.0043420190595049365,0.05522370914780243,0.00014477586383685357,0.16013082916168248,0.5856698247735026
0.04380305182316312,0.4081632569762601,0.0013649942591951656,0.004452114277596505,0.023510998793190768,0.00039894750689914926,0.7363831547302554,0.2544130210379438
0.21716891516153503,0.3061224427321951,0.004779839830544892,0.007107389769507323,0.026161621962375464,0.0004249262844019609,0.46405203876511125,0.23987517939308706
0.06168646771963598,0.7959183511037071,0.002563388695436976,0.003910845147283035,0.025650450863659458,0.0006515552565121397,0.5032677859511808,0.22845247635027807
0.21387944404020506,0.5714285597667641,0.003948834234556158,0.0020094568167017017,0.009390615128097449,0.0006552767545543665,0.14161209719301387,0.6635514588364998
0.09439727146449668,0.6734693740108292,0.003017497339049551,0.0038437654512290553,0.050973522484321014,0.0012079142468574824,0.11220028680346167,0.6137068644448833
0.15698924396820713,0.4489795826738861,0.0030929322285318784,0.0019435032980402236,0.014674630979993261,0.0006445292743423728,0.12200422359997908,0.5970925278163116
0.08477645179425984,0.24489795418575605,0.002841160184043931,0.0012163296841973667,0.04176095571645049,0.0007014999695306218,0.17756000396167948,0.4766352201841263
0.16129739110556543,0.9591836538942112,0.0037216547100461283,0.0017639743535927213,0.01092700017199107,9.89400723302489e-05,0.13616555798257207,0.5981311714346444
0.09105828160441612,0.4897959083715121,0.0006311327637998974,0.0015118471533665033,0.0014071563953418197,9.907476649888707e-05,0.5620914067302852,0.30218032819289464
0.2687039908391301,0.8367346768013332,0.01154747141393275,0.003508458963093539,0.008233300786622443,0.0006679669435558507,0.6350759463476773,0.27518193213984676
0.5468094920297049,0.8163265139525202,0.021470131251970996,0.0014593196446336903,0.015450002871304061,0.00018049633463905324,0.13834425677560985,0.5919001019775981
0.18478352509019413,0.24489795418575605,0.00016170424095069018,0.0006377040006182603,0.012032623054045356,0.00033334735406794896,0.27777765517558595,0.3385257245579872
0.23068051456139088,0.5306122340691382,0.005545746966645745,0.0021329441528829523,0.021796565389070228,0.0008579062617160256,0.02614355442784283,0.7040498451690222
0.6766057972163249,0.9999999795918372,0.024092337781236248,0.001730377373608588,0.009468152317228529,0.0002816403186872477,0.5228756595442157,0.18172381281366004
0.16516693647139458,0.6938775368596422,0.00425920774315135,0.0016197544111671367,0.0022686807190204846,0.0008099517751302642,0.5119825811233321,0.19730029807684962
0.0940435734160161,0.24489795418575605,0.005004833083154612,0.0035703454610770224,0.003532249727082527,0.0008586588005341017,0.07843149437213923,0.6677052410568803
0.1961941030987346,0.4693877455226991,0.0023443815560081536,0.0020825373049322368,0.04443742461534554,0.0006430625297827446,0.11873638318257505,0.6417446963692146
0.22294142382973256,0.6326530483132031,0.006261548710044802,0.001957987701683424,0.01799149962615612,0.00020744982908718263,0.5849671207407241,0.19106922861980338
0.12947792465821564,0.28571427988338205,0.003901184273520001,0.0034755112539104995,0.03259433691250949,7.461999298830599e-05,0.07570810010362672,0.7393558056628313
0.2149334881744759,0.20408162848813005,0.00835737598314664,0.004978125301999699,0.02369191890116329,5.509395003369883e-06,0.13725469960693829,0.7040498451690222
0.1297255183519687,0.28571427988338205,0.002705170251512461,0.0029854948150149427,0.02087760611047965,0.0006338599782348285,0.13398685918953426,0.6801657954650715
0.1704796090042731,0.7346938625572681,0.004418196769849995,0.005948773045407212,0.0069783470217971875,0.0008218638507147484,0.10348590717561584,0.6033228050204071
0.1245684689125683,0.7959183511037071,0.0012841178275152102,0.003274352537823863,0.013152604674827621,0.0008233768063265272,0.12418292239301687,0.6054000922570728
0.2902871783874459,0.3877550941274471,0.007184360360700429,0.003766729301220042,0.025443685025976576,0.00038101118178224236,0.15904127199301088,0.5742471217306936
0.16741651407896177,0.4489795826738861,0.002991183933088148,0.001743207371340276,0.07633105507792973,0.0001633254221052707,0.14379079598605168,0.6209757852673117
0.24233870312973982,0.7551020254060812,0.004464547817954117,0.0005747184387134616,0.007351674228724609,0.00035503288464379813,0.14379079598605168,0.6272068547243579
0.07740520129856247,0.4489795826738861,0.0007753711407527134,0.0035057137241358925,0.009275745218273627,0.0009927475179235157,0.0388888384810376,0.7258566076363073
0.3530135564869001,0.9999999795918372,0.009451336083138206,0.005068263068621394,0.03460456033442638,0.00037995676278107423,0.5468409307233261,0.17341624837289885
0.14667514508940635,0.8367346768013332,0.004659813329566381,0.002282870512655066,0.006754350697640734,0.00036105569308311834,0.13180816039649648,0.6022841614020743
0.5993844949531736,0.9999999795918372,0.019474660631500412,0.008096024396032395,0.008442938372050918,0.031190979142150188,0.14052295556864766,0.5867084683918354
0.08919778702962744,0.8979591653477722,0.008081893915408127,0.01172476065398634,0.010826489000895225,0.0012658223635015587,0.5468409307233261,0.19314651585646903
0.06029994303461896,0.5510203969179511,0.002281045658454518,0.0014331115697170421,0.009304462695729583,0.0009207387856367686,0.410675372740754,0.4890965668452681
0.1455291303548606,0.7959183511037071,0.0015822655786148134,0.0019554128902589504,0.0039342944114659035,0.000688753039890052,0.13507600081390048,0.5898236069938833
0.1820458269723472,0.8571428396501461,0.008190073913682972,0.004374913510083858,0.005226580896983902,0.00021503357193130448,0.13616555798257207,0.592938745595931
0.3097056751851876,0.7551020254060812,0.005237088439884347,0.0019027604658910283,0.0054563207166315455,4.94602367320281e-06,0.5076251835372565,0.19730029807684962
0.39982310075334215,0.5918367226155771,0.021145760740972894,0.0028415460073012238,0.01681121130271635,7.59271605050613e-05,0.5610018495616137,0.1879540900177556
0.3748938564677195,0.5102040712203251,0.012884855090749093,0.0011025029746337379,0.043593130778140456,0.0005192070721572364,0.5435726747616166,0.17030110977085108
0.2268887891753285,0.12244897709287803,0.015057710679144002,0.0028322732001553968,0.021279650794863027,0.0003004754055356881,0.6405229011024245,0.32502573427851256
0.29811117284215277,0.5102040712203251,0.008274648426887073,0.0029084799684475763,0.012262362873692999,6.681829922337635e-05,0.1274507628104209,0.6386295577671669
0.36919211776811783,0.6326530483132031,0.010836858376203374,0.0010075515985381587,0.012664407558076376,0.00040836908538405617,0.49455340632333505,0.21599192194208697
0.11193405618971529,0.7959183511037071,0.0033994103875426562,0.005461713427378383,0.025977830106657347,0.0035800268930923545,0.12527206401738308,0.6085152308591205
0.14284096784181968,0.32653060558100805,0.015572802590309782,0.0135546246159156,0.011886163919019982,0.0002237431543507496,0.7124182990954503,0.09864975291194947
0.15374927471957234,0.4693877455226991,0.011187498880297502,0.0030494569460515885,0.004077881798745682,0.0005722148381721687,0.3921566407720854,0.4724814379637457
0.09194255202470072,0.4693877455226991,0.0016588646274950506,0.002894096756152197,0.02656366664675884,0.0004559380315284872,0.0010891416243662153,0.7414330928994969
0.22272209764488485,0.8775510024989592,0.0020423398445358286,0.00022337142735628338,0.02739647349298155,0.0009652983450918829,0.5370369939268087,0.1713397533891839
0.16368137430887636,0.2653061170345691,0.0001767528766044561,0.003865738982949306,0.028717477455955504,0.0012414671214879172,0.5740740423198405,0.29179626876841847
0.25917514176916817,0.8163265139525202,0.003601215265892165,0.003572718373974981,0.01602435242042317,0.0005611576190160315,0.15904127199301088,0.5877463197572176
0.13734435410839138,0.6530612111620161,0.004737149355249233,0.006051005356854658,0.028332663258045697,4.9904093407569e-05,0.12636162118605465,0.7777776970116388
0.05302065470616877,0.4897959083715121,0.0026602747499586492,0.0036003779879383705,0.056573430588232346,0.0004228947274190631,0.14161209719301387,0.6085152308591205
0.07471703035249386,0.9999999795918372,0.003375506916563979,0.004830109957777114,0.001321003962973953,0.0012324797731766272,0.08496725831580834,0.720664181797594
0.12889783354766102,0.32653060558100805,0.004256690144262494,0.004656164935886673,0.010395726839055892,0.000154487486326838,0.12636162118605465,0.6199379339019295
0.09273485184471045,0.8979591653477722,0.0024633796930316498,0.00374594101552595,0.0069927057605251655,0.00010743925515674282,0.13180816039649648,0.6002076664183593
0.03967882902029916,0.8163265139525202,0.005213139819525679,0.003625356757438182,0.014014128998506284,0.0003396821687712273,0.529411755923329,0.3281408728805604
0.28350307744650177,0.4897959083715121,0.01763005145472433,0.0036767367853368462,0.02693699385368626,0.0009148860261835322,0.1623091124104149,0.5565941414837892
0.15773202504946623,0.6530612111620161,0.007181599302462547,0.0024970451474186704,0.004106599276201637,8.61933156208514e-05,0.0888888330344153,0.732086884840403
0.16926994177652413,0.24489795418575605,0.006063829155978591,0.0030460048201665763,0.0008902418011346206,0.00036245845310899983,0.4433550235477102,0.44963682413107847
0.07284946046745114,0.5102040712203251,0.008009941085031839,0.0034757920720049325,0.012147492963869178,0.0007110864474955933,0.48910645156858784,0.37487032867012904
0.08477645179425984,0.06122448854643901,0.0007912810876555293,0.004055351233663464,0.05591292860674536,0.0017840928596442544,0.07723302304103102,0.8909660838213957
0.08893604271536631,0.6530612111620161,0.0035898845080291576,0.0038438893985259085,0.012974556314600696,0.00038689395440115817,0.6328976630989449,0.26687436769908557
0.10841820887236671,0.8163265139525202,0.0023318855968384677,0.0020659738790519758,0.008155763597491364,0.00022512910162376978,0.43572978554423064,0.4475595368944128
0.12483728010405576,0.6938775368596422,0.004502376052327719,0.0019637071915964183,0.009646200677455453,2.0116891126593423e-05,0.6263615667198316,0.27518193213984676
0.5163341490040141,0.14285713994169102,0.010110199943431208,0.0018383834019114018,0.012222158405254662,0.00031775620622217273,0.07843149437213923,0.6677052410568803
0.08775465986257806,0.6530612111620161,0.006282502189995483,0.006187328016628008,0.03908448681755544,0.00021029256777013722,0.13725469960693829,0.6002076664183593
0.17631577016567393,0.9999999795918372,0.0012509486618537077,0.0007268685872920073,0.01926942737294614,0.0004685313406443406,0.5435726747616166,0.17341624837289885
0.26211796485318845,0.5714285597667641,0.010874419187326262,0.001052073854903119,0.012233645396237045,0.00019495049845618084,0.04248358760347363,0.7019733501853073
0.2487195704173973,0.7551020254060812,0.008773531710636254,0.0023414670814115293,0.012839584170557703,0.00016099181200810868,0.5348582951337709,0.20560707026466013
0.33568898047113654,0.4285714198250731,0.012223430566004782,0.0026866191487716906,0.008672678191698561,0.0006136184037330149,0.11764682601390347,0.6292833497080729
0.17257356351836217,0.9999999795918372,0.029957659005513407,0.018684948483406676,0.02565332261140505,0.00041355798128145106,0.5370369939268087,0.3177568134560842
0.3646646613119673,0.7959183511037071,0.007943033176915106,0.0007632442139036418,0.008201711561420891,0.0003478080124113247,0.13071901877213027,0.5939773892142638
0.08713921749983634,0.6734693740108292,0.004577563662128868,0.003186510701208721,0.059875940495667225,0.0012358595400078368,0.05980384824103402,0.7310490334750208
0.08256932604821692,0.3061224427321951,0.006031457050525382,0.0031835379027607582,0.01267589454905876,0.0006942857998162555,0.361655688758167,0.48286628964117256
0.27607523290179975,0.5510203969179511,0.004608296497785497,0.0021354153521139624,0.020779966687129402,0.0008050657009301214,0.11220028680346167,0.6375909141488341
0.12448358205557518,0.4489795826738861,0.0021711138642360435,0.002907179005999746,0.04215725690534268,0.0007806050477596825,0.15359473278256908,0.5887849633755504
0.28526453454378925,0.8571428396501461,0.011396800986845899,0.0010952244601275126,0.024754465567033642,5.31872877863428e-05,0.5130717227476983,0.19314651585646903
0.6623018979964592,0.9999999795918372,0.0013700370976371845,0.00248478501675103,0.009758198839533681,0.0012799193283750368,0.14052295556864766,0.6105917258428355
0.1681946632784634,0.5102040712203251,0.0006323517970596417,0.006877942019590464,0.00970650738011296,0.0004598959456978073,0.5337687379650993,0.21079949610337353
0.40673454041280366,0.4693877455226991,0.019214537688228832,0.0014334877691297566,0.017985756130664932,0.00029539295838212426,0.11002158801042387,0.6240917161223101
0.11090122955317885,0.040816325697626006,0.002974024390268364,0.004721187397314366,0.030182068806209234,0.0011709031330727683,0.23965146515818792,0.3592938434069395
0.23156476811562005,0.8163265139525202,0.0041465537886223695,0.0019188891078940468,0.016259835735562007,0.0008600409817504809,0.11437898559649946,0.6209757852673117
0.3454654569669624,0.32653060558100805,0.025007494875468866,0.006410520301406809,0.015852047555687438,0.00043344468180315355,0.5403048343442127,0.32502573427851256
0.08985568125389344,0.9999999795918372,0.0032406217546305854,0.001530434406203195,0.03595428177485629,0.0010455712659565581,0.5468409307233261,0.17445489199123168
0.0889643439563825,0.7142856997084551,0.006886367506704486,0.005651512567376078,0.012032623054045356,0.0013552266267003168,0.10457504879998206,0.8182760833441612
0.16179964537029784,0.14285713994169102,0.010812838906048413,0.005222253059887604,0.011343403595102424,0.00035548442714921854,0.10239635000694426,0.7019733501853073
0.2837365373858022,0.5510203969179511,0.009437516899831877,0.0022501372903958785,0.013793004422095426,0.00042985847358138063,0.535947436758137,0.16926246615251825
0.37428549784825954,0.5918367226155771,0.01745718837085752,0.003643212914891091,0.005169145942071991,0.0004121522429964912,0.1612199707860487,0.5815160425531221
0.6544496023007362,0.040816325697626006,0.025357604006090797,0.0025782926005059213,0.04500028717348227,0.0002316687821224861,0.09586066917213625,0.62824470608974
0.17909592014504516,0.6938775368596422,0.01024633921621957,0.003188597470151835,0.012176210441325132,0.0003934099625438457,0.14270165436168547,0.6708203796589282
0.08672891696932339,0.4897959083715121,0.004727478705358186,0.004717884395520881,0.021314111767810173,0.0003387158293804782,0.6307189643059071,0.28348870432765727
0.16789755084595975,0.7346938625572681,0.006129174200941804,0.002559866091819836,0.005599908103911323,0.0006161635662976101,0.12091508197561285,0.606437943622455
0.30128040585430255,0.4489795826738861,0.008955837960979545,0.0015385006638812173,0.019792085462644535,0.00020181452097581192,0.11437898559649946,0.62824470608974
0.14225380985403874,0.6530612111620161,0.003540992939043261,0.0046538142947686175,0.008787548101522383,0.00041011300018371387,0.11982552480694127,0.6137068644448833
0.25131576233016334,0.5102040712203251,0.007372318618812687,0.003839703272242344,0.015231750042638798,0.0006394711528403776,0.14379079598605168,0.592938745595931
0.07750423877606369,0.9999999795918372,0.001874677969243927,0.003369095721194259,0.005620010338130491,0.000994003670744446,0.07156857239685491,0.720664181797594
0.32794988973947825,0.8775510024989592,0.006060269301017799,0.002111156542107982,0.004996841077336257,0.000369180499136182,0.1448799376104179,0.662512815218167
0.4888369803145307,0.4897959083715121,0.015932410455875876,0.0014547699073347482,0.0012922864855179977,0.00026203780172533956,0.5185182619581401,0.18172381281366004
0.23394170130776007,0.7142856997084551,0.006032307942686743,0.002564552848982096,0.046120268794264535,0.002852850986970748,0.5686275031093987,0.1588784067280421
0.30727925698640784,0.5510203969179511,0.012530620001401873,0.0011263662184618707,0.01372695422394673,0.0002347182888437738,0.46078419834770723,0.21495327832375413
0.1860002760612249,0.4489795826738861,0.001308484600593175,0.0021386040899931615,0.02254321980292507,0.000509392939911234,0.5370369939268087,0.20976085248504073
0.1433573727270602,0.2653061170345691,0.005835119762092727,0.0007802676004558189,0.05911205559533881,0.0011176049771904138,0.008714379627845822,0.7487020137219254
0.04436898388018194,0.5918367226155771,0.00211138991708165,0.0028225578624262735,0.014157716385786062,0.0005876937152579803,0.442265881923344,0.457943596318889
0.26605119644433173,0.9999999795918372,0.005508206993698236,0.0036361634123825673,0.013336396530545736,0.0010310459313547468,0.14379079598605168,0.6054000922570728
0.19246603020587552,0.8979591653477722,0.006489761460750769,0.0016491914100006354,0.010582390442519601,0.00025065170590865863,0.5631805483546515,0.183800307797375
0.22062109311962488,0.6734693740108292,0.008372098154052782,0.0015126276340013756,0.015596462006329437,0.0002334658060066111,0.003267840417404012,0.730010389856688
0.13846206760192092,0.7551020254060812,0.0016910780155124463,0.0015967171598719391,0.011400838550014334,0.0019021629625445694,0.13180816039649648,0.6137068644448833
0.1245684689125683,0.6734693740108292,0.002837696531992811,0.0015017197877091686,0.07464821089901072,0.0016598521882251857,0.5631805483546515,0.2886811301663707
0.18240660876410955,0.08163265139525201,0.0058595177924337626,0.000546888397216899,0.06162770662048051,0.0006232946714055537,0.5403048343442127,0.3052954667949424
0.22699487666400062,0.5918367226155771,0.013539795469920918,0.005110453566464304,0.025613118142966712,0.0005577232059343787,0.5969497563302792,0.14849434730356595
0.10486204830932273,0.5102040712203251,0.004894876977731527,0.006161972079377225,0.014694733214212432,0.00013969514599501258,0.5424835331372505,0.19833814944223177
0.06915675569283455,0.6122448854643902,0.0012143071615680102,0.004318624975562157,0.01215897995485156,3.9592399749742886e-05,0.06557729615650784,0.727933894872973
0.09632851914182582,0.4489795826738861,0.002516107222802126,0.0004973917872274487,0.027195451150789862,0.001022295498749492,0.14052295556864766,0.6562825380140714
0.4003465893818644,0.3061224427321951,0.01952500913624831,0.00865752017585109,0.012980299810091887,0.0004119795039699495,0.4084966739477162,0.2346835458073243
0.34748864151245556,0.8571428396501461,0.00699793857071954,0.0012165030167453096,0.008414220894594962,0.0001897145460653487,0.14161209719301387,0.592938745595931
0.3043505676568402,0.6938775368596422,5.2074600275228704e-05,0.0020928075004824293,0.006915168571394086,0.00035503288464379813,0.13398685918953426,0.5856698247735026
0.36038479854956973,0.22448979133694305,0.019380072680420257,0.0018982722180713842,0.004881971167512435,0.0006707711954456839,0.6982569647128574,0.09657325792823451
0.15378465970387029,0.6122448854643902,0.006499413008981053,0.009402738773106907,0.019125839985666363,0.0014595955849659478,0.1492373351964935,0.6386295577671669
0.4169920368095721,0.3061224427321951,0.028101165122712126,0.011202066188112224,0.0012635690080620421,0.0003325814803350318,0.008714379627845822,0.7123574096097834
0.15391198155633226,0.6734693740108292,0.001899717815386674,0.001819991753402556,0.005973235310838745,0.001404820596872248,0.13180816039649648,0.6147455080632162
0.312103825875062,0.4081632569762601,0.016268811540126837,0.0021370595904737803,0.019326862327858053,0.0003607376918718542,0.04575142802087764,0.7019733501853073
0.09231748443697116,0.7346938625572681,0.0039019000648443116,0.0029976847411589745,0.01201826431531738,0.00029445755445664014,0.6318081059302734,0.27310464490318115
0.4646434333668854,0.2653061170345691,0.02349203162488219,0.000494225321128153,0.00855780828187474,0.0011392252166414368,0.48910645156858784,0.23364490218899148
0.10711657104434281,0.3061224427321951,0.002392253790915033,0.0015796584289733938,0.030296938716033055,0.0014673590417272268,0.10566460596865364,0.6438211913529296
0.21299517361992046,0.4897959083715121,0.004379527367796876,0.0005700462066250512,0.03295330538070894,0.0005315128543772978,0.1492373351964935,0.6178606466652639
0.17959110753255123,0.22448979133694305,0.007302113416744955,0.0036380395677548553,0.0009763942335024871,0.00014580883937265787,0.7102396003024125,0.31568031847236927
0.1987478600160318,0.4081632569762601,0.006880525871539557,0.008473621605020387,0.014674630979993261,0.001354596004358704,0.06492356185530489,0.727933894872973
0.15147847961427072,0.28571427988338205,0.001995428944119825,0.0028873329134293897,0.061570271665568596,0.00010118529538379674,0.03703704839303182,0.730010389856688
0.0705786569291218,0.9999999795918372,0.003089258458212342,0.0023912241743920225,0.002125093331740707,0.0005015868652232732,0.1732026063756039,0.523364675973695
0.3107668199287956,0.7346938625572681,0.0007648304970395401,8.479738113618614e-05,0.020360691516272452,0.0004455856990451733,0.13616555798257207,0.5856698247735026
0.10393322114379583,0.4897959083715121,0.0011272549893111966,0.004808138362733377,0.024628108666227437,0.0007525122635339408,0.5686275031093987,0.2949114073704663
0.08330502338619426,0.4285714198250731,0.017247351417807696,0.01988164026775887,0.004451209005673103,0.0002371097155962044,0.6873638862919738,0.1287640798199958
0.11361062643000962,0.5102040712203251,0.00515879698386031,0.0019127101414782648,0.006662454769781677,0.0006037598858194586,0.18191698600344972,0.4506746754964606
0.3767331335447737,0.32653060558100805,0.009549236262195051,0.0013219594104183232,0.03845270231352442,0.00017716375880330368,0.5152504215407361,0.1630321889484227
0.1062959699833169,0.16326530279050402,0.003606593946260729,0.0033601628007765214,0.013439779449387176,0.000651971982208206,0.442265881923344,0.44859818051274564
0.16625634872390796,0.4489795826738861,0.0027487498222910104,0.002630027040206525,0.010194704496864203,7.242357495449295e-05,0.44117632475467244,0.4475595368944128
0.3360992978677049,0.7142856997084551,0.010033800246428776,0.0012252093460109882,0.006619378553597744,0.00017079643303963502,0.14705863640345568,0.6240917161223101
0.09251555939197359,0.8367346768013332,0.0038313444341272684,0.003188597470151835,0.01028085692923207,0.00045704227392184913,0.6318081059302734,0.2699895063011334
0.17220569798331806,0.36734693127863405,0.004641706344372642,0.005219798322406957,0.0025271380161240842,0.0005806382771452002,0.03267965080695622,0.7050884887873551
0.19182228660211761,0.6530612111620161,0.002314994866481088,0.001046507362434678,0.0305266785356807,0.000499728047266917,0.13289771756516805,0.6240917161223101
0.2698924405691447,0.4897959083715121,0.00834451188287857,0.0034292028976311193,0.0065763023374138104,0.0009306884767072704,0.023093583889742603,0.7331255284587358
0.16082342121579377,0.16326530279050402,0.0007609511233895848,0.004967237790810882,0.021739130434158316,0.0017860923282874053,0.445533722340748,0.27518193213984676
0.1203239911344687,0.9999999795918372,0.0016515389669401258,0.0004960264302855506,0.040951122852192545,0.0015407332961940895,0.5468409307233261,0.17445489199123168
0.23813666034710906,0.28571427988338205,0.009448066920723969,0.003118091309176645,0.009017287921170028,0.0003649180147433122,0.44444416517207647,0.4454830419106979
0.06528720189397767,0.22448979133694305,0.003021709428899744,0.001014450524447771,0.022313479983277425,0.0003700075712895146,0.803921570681511,0.19418436722185117
0.24099461344019166,0.8979591653477722,0.014146821937835103,0.005264855101489597,0.020248693354194228,0.0006847054128714636,0.5381261355511748,0.17860867421161228
0.15463354513985694,0.28571427988338205,0.005621861875251315,0.0032894450578922494,0.009290103957001604,0.0002149780418104251,0.5631805483546515,0.3956384475190814
0.180149964279316,0.5306122340691382,0.0033061237805149975,0.002161300486222013,0.01486990982669376,3.4014216568951516e-05,0.14814819357212727,0.6479749735733102
0.38819324715812026,0.7551020254060812,0.009696728867536416,0.0013437387903181123,0.009175234047177783,0.0001563319509958942,0.13507600081390048,0.5867084683918354
0.043718164966169995,0.3469387684298211,0.012732250186381109,0.03387046291627194,0.013155476422573217,1.7315021844023073e-05,0.413943213158158,0.5659395572899324
0.30084887095999974,0.9999999795918372,0.012953666218883888,4.264077513225941e-05,0.012492102693340643,0.0011814637131166673,0.6318081059302734,0.27518193213984676
0.23500989606253903,0.24489795418575605,0.006749252312702483,0.004137549594918761,0.03397277583039536,0.00046931883077379376,0.6056645515024305,0.18691544639942279
0.08768392362609304,0.7959183511037071,0.0032627129989570283,0.0026820452030163317,0.005025558554792213,0.0009127161242628033,0.5305008975476952,0.31983410069274987
0.11699206815161446,0.8571428396501461,0.002381258180372725,0.0007590561509435641,0.01391074607966485,4.006238824687408e-06,0.5958606147059131,0.15264812952394655
0.07414402298522098,0.7142856997084551,0.005059100206782765,0.009383910404044305,0.012862558152522472,0.0004293775519912459,0.6949891242954533,0.2616819418603722
0.2997523749642046,0.24489795418575605,0.014326947125821929,0.003119472643699778,0.16070300384352698,0.0003990404093678176,0.5827884219476863,0.19522301084018398
0.46943261727124164,0.36734693127863405,0.023343299148105703,0.0004693438696231364,0.00855780828187474,0.0002244585129667837,0.49999994553377686,0.21079949610337353
0.05998867998160722,0.8775510024989592,0.002164369588774228,0.002913608772024004,0.007466544138548431,0.0007701703039654856,0.13071901877213027,0.606437943622455
0.19676002672272574,0.12244897709287803,0.00522196339758752,0.001573472200020687,0.05332835563570937,7.506096747764207e-05,0.6492372807302703,0.2907576251500857
0.12097480161545293,0.4489795826738861,0.0007973658348665605,0.0029305469448095943,0.031215897994623633,0.0009701640518428449,0.572984485151169,0.2886811301663707
0.22460384344951878,0.9999999795918372,0.011886654394596975,0.0019400850639941947,0.0061484119233200735,0.0001715719332744762,0.5435726747616166,0.1671859711688033
0.2604697127199657,0.6122448854643902,0.003042682705117036,0.002657262037844367,0.005542473148999412,0.0002630728908643607,0.10784288921738608,0.6490136171916431
0.08511601608828775,0.4285714198250731,0.007976241240503985,0.005564691359283461,0.01596691746551126,0.0007726653164901171,0.23856190798951632,0.3811006058742246
0.22220569275964433,0.6530612111620161,0.005280518670406005,0.0024334969809867487,0.030813853310240256,0.0007525532290071984,0.1448799376104179,0.6417446963692146
0.22157609977639453,0.6122448854643902,0.0077210371485309124,0.0009449674128407477,0.0015220263051656416,0.00031897808024184033,0.2047931155581939,0.6137068644448833
0.2428409405284168,0.3061224427321951,0.014149214854974602,0.0010543218521659676,0.03744759060256598,0.0004858222097679674,0.5337687379650993,0.3260643778968454
0.20645866637272936,0.040816325697626006,0.007035843211736203,0.0063375899056060565,0.022887829532396535,0.0006937045589316186,0.11111114517909546,0.6178606466652639
0.34480049586547007,0.28571427988338205,0.013344375061204995,0.0017740082746082876,0.019504910688084975,0.0004422906877029597,0.02941181038955221,0.7310490334750208
0.19530983267845,0.6734693740108292,0.0036171842542918916,0.0031709446637328254,0.008778932858285597,0.00045086811227762697,0.04357272922783984,0.7009347065669744
0.1398203079119772,0.6326530483132031,0.002185433858357347,0.0022306301162153546,0.052524266266942614,0.0003591322180829009,0.5490196295163638,0.19106922861980338
0.22641481928555685,0.22448979133694305,0.004863164747832026,0.0017458122012507058,0.0018953535120930633,0.00021166788938334897,0.6198254703407181,0.1505708422872809
0.05635256925599529,0.2653061170345691,0.012224757263170656,0.016162882443774028,0.009413589110062215,0.00025600434841163624,0.6775599494954563,0.16407083256675553
0.08035511655889223,0.5510203969179511,0.004205131983433772,0.0037355100758251505,0.0809258514708826,0.000573522966417659,0.14379079598605168,0.6012463100366922
0.23102006198936337,0.32653060558100805,0.008466585387285267,0.0013696369969926276,0.012348515306060867,0.00027573164482163796,0.5446622319302883,0.28348870432765727
0.5078310259612514,0.0,0.02642106639450461,0.0011089264464593275,0.11192062488909538,0.0007736669722691624,0.15141603398953127,0.5358252303818861
0.33963637954884335,0.28571427988338205,0.010657511146764076,0.0028796326876123863,0.031238871976588395,5.334062009243875e-05,0.48910645156858784,0.23156761495232586
0.2527871907382289,0.9387754910453981,0.00602785899224306,0.0017772662486728384,0.005513755671543457,6.905295426083988e-05,0.5424835331372505,0.16822382253418544
0.14225380985403874,0.8775510024989592,0.002632949303279613,0.003670982435246612,0.024682671873393756,0.0008210200234522785,0.16448781120345268,0.5877463197572176
0.2719439600877649,0.6122448854643902,0.005411646362015418,0.0013837311603183918,0.012061340531501312,0.0003788381094566883,0.13507600081390048,0.5898236069938833
0.19530983267845,0.3469387684298211,0.010195728845067729,0.003437853063277911,0.017345356383397122,0.000244378204913244,0.8115468086849906,0.06957406962223597
0.24755938819628806,0.24489795418575605,0.0064579505968211355,0.0023406672340115235,0.03380621446115082,0.00031049050301846446,0.10348590717561584,0.6583590329977863
0.23748583300006942,0.9999999795918372,0.0066619038910523485,0.0045609932628377006,0.003991729366377815,0.0005566536842774975,0.5413943915128843,0.17445489199123168
0.23105544697366132,0.2653061170345691,0.006445984969214877,0.002575174551319459,0.03414508069513109,0.0006650061313113725,0.5337687379650993,0.17030110977085108
0.1588355879224877,0.6122448854643902,0.0037206082863391167,0.0017383463132918157,0.0012348515306060865,0.00018764377213549075,0.1492373351964935,0.6365522705305012
0.1632569231578553,0.22448979133694305,0.004492394219017659,0.0037606190868204833,0.021279650794863027,0.00046382161781078284,0.5642701055233231,0.21495327832375413
0.1647000503249047,0.5714285597667641,0.005366455305674129,0.0006136940535442426,0.021997587731261915,0.0006017534038565426,0.0442265881923344,0.7310490334750208
0.14288340283728854,0.16326530279050402,0.0020913192811612457,0.00179476170012514,0.01763253115795668,0.0011689974315541472,0.44444416517207647,0.2793349221072767
0.2356394721797334,0.5918367226155771,0.004064760477225683,0.009882777938774913,0.01679972431173397,0.0005464098564975072,0.10893244638605766,0.6448598349712624
0.15331068981409862,0.8163265139525202,0.012659413817368697,0.004131221504411453,0.00973235310982332,0.0014545348502817935,0.13071901877213027,0.6105917258428355
0.016369552492938446,0.28571427988338205,0.0016297450139157754,0.00023022242052219086,0.0467233358208396,0.0014195009162335799,0.4923747075302972,0.37487032867012904
0.13818618953320713,0.3877550941274471,0.0025064966563167574,0.00042363830390853115,0.05473551203105119,0.00023877202609711652,0.004357397586075594,0.7435095878832119
0.3070316632926548,0.24489795418575605,0.006841339682737009,0.001647483745485006,0.015737177645863614,0.0003771858673929183,0.31263600477557996,0.6666665974385475
0.18827107116652653,0.36734693127863405,0.007885693464327137,0.001393540426858412,0.03773476537712553,0.00013337239804464502,0.13398685918953426,0.7331255284587358
0.45768247496867326,0.28571427988338205,0.019397302378430487,0.0023304904831030994,8.615243236786651e-05,0.0005611847115663568,0.49019600873725944,0.23364490218899148
0.09103706410668169,0.2653061170345691,0.003360741332792462,0.0025455627674306315,0.036586066278887316,0.0001873305745679013,0.5457513735546545,0.17237760475456604
0.2595571241926095,0.040816325697626006,0.010808487200423171,0.001043185962214316,0.1030670265894243,0.00025218245421660854,0.535947436758137,0.3177568134560842
0.09823146557813876,0.3061224427321951,0.004793150562371945,0.0017251478628534669,0.013755671701402686,0.00011253572894983676,0.4553376591372654,0.4205603485884143
0.09593236923182095,0.3877550941274471,0.0056250706069569485,0.004280225037824964,0.013669519269034818,0.00033685435981281364,0.3572982911720914,0.5275184581940756
0.4199136761279688,0.6122448854643902,0.014042381002829323,0.006369617693445263,0.020171156165063143,0.0004050133752003693,0.6100215335442007,0.17757003059327944
0.1182017522454189,0.8163265139525202,0.0018182488849200738,0.0014235492294324718,0.01421227959295238,0.00022580649224019918,0.7015248051302614,0.3167181698377514
0.1402871940584671,0.4897959083715121,0.05614172935838928,0.08035213237682938,0.009129286083248252,0.00010327968402595946,0.8050107123058772,0.0913808320895211
0.17221984860382616,0.4489795826738861,0.006911380263219238,0.0004905020605312746,0.04037677330307344,0.0010604702471779617,0.02276688295686327,0.732086884840403
0.22137095794416578,0.3469387684298211,0.00648548268873936,0.0030937051626899123,0.00970650738011296,0.00023147317775205293,0.23638320919647854,0.7414330928994969
0.1021929815442428,0.16326530279050402,0.005481686942497646,0.0018168785459073769,0.7956464303947032,0.0017608993308168986,0.4215684511616376,0.23987517939308706
0.19741792094699173,0.5510203969179511,0.011182435203680103,0.001870640685917438,0.04155418987876761,0.00044150846236697404,0.28213505276166156,0.5244025273390771
0.06752970419129083,0.6734693740108292,0.0018391155391400036,0.0042450399830999,0.013497214404299088,0.0006965206469994661,0.09858381411406553,0.7248179640179746
0.11888086396741931,0.20408162848813005,0.004673330706632622,0.00282987075294061,0.0038481419790980373,0.00014074387748206984,0.4400871831303062,0.457943596318889
0.08871675026262946,0.3061224427321951,0.003436256796552927,0.0033080226273463744,0.031761530066286785,0.0006758021859682045,0.10566460596865364,0.7258566076363073
0.15752686635118204,0.4897959083715121,0.002221988532912293,0.002446559864069165,0.027000172304089364,0.0007993985542684749,0.12636162118605465,0.6209757852673117
0.1935412918378808,0.5306122340691382,0.002784789446611142,0.0007110604652519452,0.028947217275603145,0.0003024794856767668,0.12309378076865066,0.6022841614020743
0.1687818212662444,0.5306122340691382,0.005195748972959173,0.007122307020351252,0.018666360346371074,0.0005828731435429855,0.028975945967653037,0.718587686813879
0.08196095056270153,0.3877550941274471,0.0016456254400701359,0.00474410699551138,0.051961403708805885,6.787356366583118e-06,0.11982552480694127,0.6386295577671669
0.10210807782119424,0.4897959083715121,0.004609321041408359,0.014211801898875399,0.017833553500148366,0.00043634010684993213,0.28431375155469935,0.33748708093965435
0.3715831509825997,0.6326530483132031,0.009199766168951446,0.0010498195634416022,0.01475216816912434,0.0007862947907611747,0.11655768438953726,0.6458984785895953
0.18911995660251318,0.7142856997084551,0.008947943765539663,0.0041456255359793494,0.00849750157921723,0.0003333947756383054,0.7527231879058862,0.2346835458073243
0.06247170066241937,0.4489795826738861,0.004888725201056356,8.707297603934975e-05,0.03731836195401418,0.0010412235457103248,0.06089315608312238,0.7310490334750208
0.46943261727124164,0.10204081424406503,0.014224527493828031,0.0024451790137151597,0.007208086841444831,0.00025396364529118177,0.44444416517207647,0.43821412108826946
0.10983303479839991,0.3877550941274471,0.009664922865847704,0.008792787346924676,0.028740451437920266,0.0008192441356003221,0.6405229011024245,0.24922138745218106
0.12275040933324848,0.6122448854643902,0.005911178754927695,0.006163519968080506,0.004795818735144569,0.0013401992921199257,0.5261434999616197,0.31983410069274987
0.1434068914658108,0.4081632569762601,0.0031084097832955546,0.003660153508522323,0.008213198552403274,0.0005269875722462732,0.3986927371511988,0.4413292596903173
0.1434847114455776,0.9999999795918372,0.005414931847667036,0.0012431429705244306,0.00887370053389025,0.00012171107265997937,0.4248362915790416,0.2544130210379438
0.2087931308372897,0.20408162848813005,0.01391464993380689,0.00371354816416398,0.0915800356070421,0.0014471045742457905,0.05555536481739504,0.7082036273894028
0.29257920785653735,0.4693877455226991,0.007190792410834464,0.0005676156776008211,0.016627419446998234,0.0003717633991254855,0.6045749943337589,0.18483895141570783
0.03456423144242304,0.5510203969179511,0.002629407508070817,0.003943017701691614,0.018465338004179384,0.0008763513311272307,0.28540289317906553,0.5275184581940756
0.2587719081158815,0.6734693740108292,0.004778509660349786,0.0016226628151210312,0.01459996553860778,0.00032493325337822103,0.14596949477908946,0.6448598349712624
0.2012025963218832,0.5714285597667641,0.005683610945749744,0.00012680389471032974,0.004566078915496925,0.0004492415601002291,0.15141603398953127,0.6033228050204071
0.17727077682244358,0.9999999795918372,0.002770096101847609,0.00035005427978452994,0.013031991269512608,2.1656747142950492e-05,0.14270165436168547,0.6002076664183593
0.16686472420942333,0.24489795418575605,0.005473905620507739,0.00034285952653750624,0.03578484865786615,0.0006437341560267642,0.10239635000694426,0.6583590329977863
0.16339132875359905,0.5714285597667641,0.006541509596278375,0.0023010244341219,0.016239733501342838,0.0007145100812008401,0.48801730994422166,0.3219105956764648
0.23834181904539326,0.2653061170345691,0.018905858323292054,0.00341562437442703,0.021681695479246404,0.00045481321032562295,0.14161209719301387,0.7341641720770685
0.5172537538104304,0.3061224427321951,0.015062958426310592,0.0013866264917058214,0.020963758542847516,0.00030549175455228835,0.1623091124104149,0.5784009039510742
0.10144311671970192,0.4693877455226991,0.005594591997039959,0.00022592784035387994,0.03382918844311558,0.0007832811768654243,0.10784288921738608,0.6323984883101207
0.3813737612328782,0.3469387684298211,0.022720633629568644,0.002492682783572393,0.01806329331979601,0.0006844863667198978,0.0010891416243662153,0.7424717365178297
0.24298244673349773,0.6326530483132031,0.0012801481551052737,0.001530434406203195,0.008328068462227096,0.00040428725642250386,0.15141603398953127,0.5919001019775981
0.2952390859946175,0.9999999795918372,0.028786324329214536,0.030793689147999816,0.027284475330903325,0.0008310630397120921,0.5479300723476923,0.17237760475456604
0.3435412761668596,0.24489795418575605,0.014139354924990516,0.0015892754803694662,0.010421572568766252,0.0002219381372035499,0.6100215335442007,0.1505708422872809
0.3017543757440742,0.2653061170345691,0.00856946693216676,0.001435566307197689,0.026477514214390974,0.00010013214454455877,0.5686275031093987,0.20664571388299294
0.083793143896474,0.7959183511037071,0.0010024874561307573,0.0033609374713818537,0.04874217448599327,0.001467966990870695,0.12636162118605465,0.6074765872407877
0.18757072508073627,0.5714285597667641,0.0024323186561127814,0.00041916942285402046,0.0058009304461030115,0.0010654929370042124,0.14161209719301387,0.626168211106025
0.09109364972265863,0.8163265139525202,0.0018681396444154529,0.0015024823540862925,0.009304462695729583,0.0009575523735935795,0.15904127199301088,0.592938745595931
0.20138652065637752,0.16326530279050402,0.00805280868481823,0.0025369043709086584,0.041353167536575926,0.0004856378267091582,0.04466228639651142,0.7227414690342596
0.2833969899578297,0.6122448854643902,0.017738159908597034,0.0018626325285348154,0.010401470334547084,0.0002899475479125012,0.5642701055233231,0.20976085248504073
0.05418081162819489,0.18367346563931702,0.0022091404085786814,0.00359590329685432,0.007868588822931807,0.0011711486953374182,0.3376904175790566,0.5015579135064099
0.1580928068412286,0.36734693127863405,0.0023576242164622986,0.002446932674297981,0.10154500028425865,0.00012411904316122552,0.11982552480694127,0.6188992902835967
0.18463496887394232,0.28571427988338205,0.006331165580960966,0.002163664684075661,0.01648383205971846,5.049705518277214e-05,0.6143789311302763,0.21079949610337353
0.2951188310193819,0.9795918167430242,0.01660785212659263,0.00011222556225623264,0.017977140887428144,0.0007498752745168602,0.6296294071372355,0.27102814991946617
0.06470712764947847,0.22448979133694305,0.0029381177829677432,0.0016961073985360725,0.002125093331740707,0.00031550179860191896,0.761437567533732,0.2575281596399916
0.1289898041479359,0.7346938625572681,0.004453686960945934,0.005152392296360481,0.015987019699730425,0.00048369271609783004,0.1808278443790835,0.45690574495350683
0.16853422757249134,0.4897959083715121,0.004706715200106387,0.003019143116926679,0.0174889437706769,0.00028810383261185815,0.5337687379650993,0.21079949610337353
0.23561117093871722,0.2653061170345691,0.01291290674784013,0.0025782926005059213,0.014128998908330108,0.0006462468651746933,0.5697166447337649,0.23052976358694371
0.08295839221494002,0.6938775368596422,0.007653125534966698,0.010158231439265943,0.031543277237621514,0.0030441992714644317,0.1525051756138975,0.5181722501349816
0.16690010919372128,0.28571427988338205,0.004283422397549039,0.0014618663742487204,0.0323358796154059,0.000995567256760556,0.6002175967476833,0.28556599156432294
0.22376202489075847,0.8571428396501461,0.004579054633577323,0.0002428834432280905,0.01105622882054287,0.0003090697005069408,0.14814819357212727,0.6085152308591205
0.32632285510398995,0.4693877455226991,0.013390771258689106,0.0027436784805456972,0.014065820457927005,0.0006964616582551409,0.16339866957908647,0.5628244186878847
0.09381719721999748,0.6326530483132031,0.001770697210611127,0.0026209038413213524,0.01674228935682206,0.0013860356600637713,0.1274507628104209,0.6116303694611683
0.48348183905407244,0.4081632569762601,0.018424291563283852,0.003983457928135601,0.06650967778799294,0.00018410771395368153,0.10675374759301985,0.5939773892142638
0.1352716339580922,0.5510203969179511,0.0017072300325525962,0.001887441354670582,0.06567687094177023,0.0009667945455945244,0.14270165436168547,0.6458984785895953
0.18994764140682086,0.4489795826738861,0.002433735652038638,0.0025760881784646222,0.004939406122424346,0.0009674088739767925,0.04041384452730299,0.7331255284587358
0.23068051456139088,0.4897959083715121,0.001599177147147573,0.0009329745435319471,0.027769800699908972,4.365071007186388e-05,0.1546838744069353,0.5887849633755504
0.08607808962228373,0.36734693127863405,0.005721440569335039,0.003167913764989463,0.005513755671543457,0.0006930460754566928,0.47821337314770423,0.3831771008579396
0.04453169071694186,0.24489795418575605,0.053008605499092754,0.0691783997661072,0.004451209005673103,0.010129599765802882,0.1546838744069353,1.0166150250393438
0.11470712242580475,0.36734693127863405,0.00486509714129562,0.0025297352786254365,2.8717477455955502e-05,0.0007963688001299775,0.14705863640345568,0.6074765872407877
0.22852290755409857,0.20408162848813005,0.008166953263492744,0.0030324384011906945,0.018149445752163876,0.00042459617800863654,0.1917209227999671,0.6355136269121684
0.35243346537634546,0.6326530483132031,0.012466615545721454,0.005214454547737549,0.010941358910719049,0.0005988398978949727,0.11328984397213325,0.639667409132549
0.3304329104202904,0.020408162848813003,0.028932649996734606,0.00954656121267813,0.03526506231591336,0.0003390784468341929,0.08496717520694726,0.7092422710077356
0.018774761627011513,0.5306122340691382,0.005734250143044197,0.009213651361727861,0.015248980529112372,0.00027285253294877866,0.10893244638605766,0.6147455080632162
0.12433502583932335,0.6734693740108292,0.00328975469914797,0.0005843098291457321,0.05703291022752763,0.0009012204285120408,0.15141603398953127,0.6188992902835967
0.05807158292478619,0.8367346768013332,0.004341753312679264,0.00013125340899970708,0.021661593245027234,0.000415389514541735,0.13289771756516805,0.6988574193303089
0.1699419866212982,0.5306122340691382,0.0032484423218507915,0.001983553768335903,0.04591924645207285,0.0006096339542360359,0.5838779791163579,0.19418436722185117
0.13510892712133227,0.7142856997084551,0.0014394004374195554,0.0023338428701476744,0.01972890701224143,0.0008027649477556942,0.28540289317906553,0.5327100917798383
0.29878321768692684,0.28571427988338205,0.016801518655547385,0.001909740248045072,0.023875710756881406,0.0003999621325161162,0.6056645515024305,0.18483895141570783
0.4984082643799615,0.7346938625572681,0.012650533281627484,0.003949609664373863,0.0019527884670049742,0.00022722241424974937,0.13289771756516805,0.5763236167144086
0.08502404548801287,0.12244897709287803,0.004023163311531642,0.0025308246591641847,0.03250818448014163,0.0015195596611027895,0.04793012681391544,0.7113187659914506
0.09235285255521368,0.6734693740108292,0.0028517122887535633,0.005485055221055301,0.05803802193848607,0.0008779679109403599,0.14379079598605168,0.616822003046931
0.23868136647336577,0.16326530279050402,0.0494620522402522,0.04083192411049979,0.0011774165756941756,8.038686329263898e-05,0.5305008975476952,0.5337487353981711
0.2707484266144686,0.08163265139525201,0.015998964115011144,0.0033979289611247277,0.019010970075842543,0.0005854584837832757,0.1895422240069293,0.7113187659914506
0.25463355155856493,0.7959183511037071,0.004903987080704846,0.0028248184480864583,0.009850094767392738,0.0007616309626778713,0.12309378076865066,0.6033228050204071
0.15416665899336704,0.3877550941274471,0.1059833941125726,0.11864549480549423,0.0058009304461030115,0.0002378091645443879,0.16013082916168248,0.716511191830164
0.3081422930429026,0.3061224427321951,0.00987409647031459,0.0009088822877061129,0.049135603927139865,1.1034545957992732e-05,0.15141603398953127,0.546210082059313
0.14520371668134077,0.6530612111620161,0.0014772429112130006,0.0033137406647519834,0.03934294411465904,0.0012492386483705699,0.14270165436168547,0.6147455080632162
0.07403791019746572,0.4081632569762601,0.0023726530558494533,0.0031126797508292704,0.014933088277096862,5.447255068794156e-05,0.12854031997909246,0.6157841516815489
0.07900395999211773,0.7959183511037071,0.004670647791552416,0.0026060161247942505,0.0357532594326646,0.0006599237994452568,0.12527206401738308,0.606437943622455
0.10012026139394362,0.4081632569762601,0.008387039125800418,0.0032561826387757942,0.008844983056434295,0.00027153940891386675,0.45969505672334104,0.3592938434069395
0.09279852120396914,0.2653061170345691,0.0021344994535783405,0.0025815849505785833,0.0073229567512686534,0.0016888727289756816,0.09259241321042685,0.9854620545129645
0.12346490603954684,0.5510203969179511,0.0030147890708559655,0.002651542547931373,0.040319338348161524,0.0015462978946705688,0.14052295556864766,0.6240917161223101
0.28893603868672685,0.6734693740108292,0.005161886937966278,0.0011523811098963141,0.010045373614093234,0.00031650939168454615,0.1623091124104149,0.5856698247735026
0.12330219920278693,0.5102040712203251,0.001121819698566183,0.002888068850504455,0.04571822410988116,0.0013768791466368334,0.14270165436168547,0.6313606369447385
0.14983021061499258,0.18367346563931702,0.00110702112101698,0.003510715191231569,0.02814312790683639,3.52243504834782e-05,0.2559910827895133,0.3624089820089873
0.05210101616764165,0.9999999795918372,0.0029563115938922332,9.792320620528518e-05,0.011084946297998824,0.0012287869432798507,0.14161209719301387,0.6593976766161191
0.32066351766774626,0.8367346768013332,0.011816714531962418,0.0016491914100006354,0.004192751708569503,0.0002528553486225584,0.5119825811233321,0.20145328804427953
0.3984577935660596,0.24489795418575605,0.011427811664840932,0.004393142477765584,0.00542760323917559,9.979665807031876e-05,0.09694981079650246,0.6521287557936908
0.1820458269723472,0.7959183511037071,0.0024572793171890833,0.0017656495787767522,0.014151972890294873,0.0011350877422715568,0.14814819357212727,0.6365522705305012
0.07888369658385437,0.8979591653477722,0.0014921800626284823,0.004438145998244107,0.01346849692684313,0.0013019446110607092,0.13398685918953426,0.6012463100366922
0.12014713367720069,0.4081632569762601,0.0039035900408676506,0.0035423919564527354,0.01168801332457389,0.0004184744145096178,0.06819169315372264,0.7310490334750208
0.30790178309243127,0.28571427988338205,0.003395372296456889,0.0030394675685958285,0.03359944862346794,0.0006932862576404271,0.4912851503616257,0.23572139717270646
0.5064940200149849,0.9387754910453981,0.0077052800149142175,0.00144463188995659,0.007271265291847932,0.0001957039787884172,0.13834425677560985,0.5908614583592654
0.21678691587203824,0.20408162848813005,0.009812915587398195,0.0032839444124252624,0.021308368272318984,0.0006105142891904334,0.5174291203337739,0.3426787145254171
0.16074560123602696,0.5510203969179511,0.0162092213045978,0.01832019967057725,0.0065763023374138104,0.00010586173857397622,0.2222222903581909,0.534787379016504
0.17025324967430994,0.4693877455226991,0.0038620748386634374,0.0021071718301818036,0.007753718913107986,0.00022983263736427447,0.13071901877213027,0.5970925278163116
0.10940860051343429,0.7142856997084551,0.0054656693316886985,0.006750595855456402,0.020926425822154777,0.0008277651461836737,0.15032689236516505,0.7061263401527372
0.051733159065625256,0.4897959083715121,0.0021526943064116002,0.0019488078550102365,0.09410717362316619,0.0009956581416988809,0.14052295556864766,0.6033228050204071
0.41115941414660107,0.2653061170345691,0.029458970211401102,0.019700323770889563,0.017873757968586708,0.0007390184057311067,0.13834425677560985,0.5877463197572176
0.738773267970848,0.7959183511037071,0.02732368585321678,0.0062229580227820104,0.008342427200955075,0.00019690777189329336,0.005446539210441809,0.7050884887873551
0.4023344226751705,0.3061224427321951,0.014131530190135235,0.0008693731184959093,0.09809890298954399,0.0007819305844098498,0.12091508197561285,0.6230530725039773
0.13921899930368814,0.5306122340691382,0.0015414102519643077,0.003693217902465291,0.0022686807190204846,0.0002014119756358733,0.5468409307233261,0.19730029807684962
0.14064797585022942,0.020408162848813003,0.0062592794327458925,0.00359435540815104,0.03367985756034462,0.0008132202511448187,0.5718953435268027,0.2907576251500857
0.10989671090408079,0.5510203969179511,0.005104556602557229,0.0024542339447532376,0.01849118373388975,0.00015041976086311464,0.3747274659720884,0.4942889926839815
0.2653720678562759,0.6530612111620161,0.011597399682143813,0.0017318874971198577,0.014200792601969995,0.0005706275221563058,0.0010891416243662153,0.8868123016010151
0.22326680377114153,0.8163265139525202,0.0013312641993130114,0.0006797153558836872,0.03672965366616709,0.00016052124707373653,0.5392156927198465,0.20041543667889739
0.33823568737726284,0.6122448854643902,0.007504886228340875,0.002461036036837184,0.010769054045983313,0.0005743732113480783,0.12309378076865066,0.6344757755467862
0.02752546993049956,0.18367346563931702,0.0017853763159548168,0.0022231158113436315,0.006059387743206611,0.0005782851066109949,0.2102396547686357,0.6188992902835967
0.41972973492741905,0.6122448854643902,0.010055437218531929,0.0023457142130052636,0.014680374475484453,0.00030857646237442414,0.45860549955466945,0.21391463470542132
0.23236415167891153,0.7142856997084551,0.006023934469213114,0.0017763100146443813,0.008471655849506873,0.00016071550642394078,0.1448799376104179,0.6292833497080729
0.1344864010153088,0.32653060558100805,0.0035690491110722975,0.0008352014297564451,0.014042846475962241,7.774601214604408e-06,0.004357397586075594,0.7237801126525925
0.25205149340025157,0.8367346768013332,0.006571672855141277,0.001797836658259181,0.004327723852612495,0.0002889995007968653,0.12091508197561285,0.5960538841979788
0.06660299877553738,0.7346938625572681,0.0012801217600831255,0.005310221748814369,0.030081557635113394,0.0011032580307001052,0.14379079598605168,0.6033228050204071
0.026832199154963335,0.9999999795918372,0.0033645050545690566,0.0014235492294324718,0.009361897650641493,0.0002514150241031408,0.13616555798257207,0.6012463100366922
0.278091367436122,0.3877550941274471,0.012775753350516597,0.0017789971533066279,0.06949629544341232,0.0012111649686050152,0.05708053708138257,0.7352028156954014
0.11867570526913512,0.24489795418575605,0.007391036857150915,0.00011484491724051245,0.009275745218273627,9.432492363335841e-05,0.859476935498906,0.17341624837289885
0.37798526950010247,0.040816325697626006,0.018738440949257945,0.0010695683380171639,0.07081729940638627,0.001049604405185824,0.5697166447337649,0.19106922861980338
0.1557017398946359,0.4285714198250731,0.006238206480589699,0.0005078546820907181,0.058698523919973045,0.000620086087220335,0.14161209719301387,0.7196263304322118
0.11288199596925859,0.6734693740108292,0.005436989056307024,0.003696897587840619,0.01659870196954228,0.00020862339766605762,0.5435726747616166,0.20145328804427953
0.13151527669027233,0.6530612111620161,0.0056338993945626355,0.004046608107544033,0.008201711561420891,0.0003738216643672146,0.6797382327441888,0.07684299044466435
0.23068051456139088,0.6530612111620161,0.012420549286014194,0.00048460003885689927,0.014137614151566894,0.00043673882848950567,0.11764682601390347,0.6375909141488341
0.13154356106523307,0.32653060558100805,0.008450185743261016,0.00283718267511669,0.011257251162734558,8.816663322783736e-05,0.6089323919198345,0.3541014175682261
0.17025324967430994,0.6122448854643902,0.0027300798590590815,0.006030278076470736,0.030911492733590507,0.00027738294537124776,0.13398685918953426,0.5898236069938833
0.11344791959324971,0.3061224427321951,0.002223346487341239,0.0029229435528182585,0.13227270116213105,0.0018054143701024359,0.4389976259616346,0.45275196273312623
0.18714627392971522,0.6122448854643902,0.0022532284308365083,0.0016945004411991365,0.0031589225201551054,2.7468387406331565e-05,0.5413943915128843,0.2762197835052289
0.23808005786507672,0.6530612111620161,0.007730088557310244,0.00021164969275934913,0.004164034231113548,0.0005752320644079626,0.003267840417404012,0.7113187659914506
0.19391622425015123,0.6530612111620161,0.0035144489239409835,0.0019017103030516745,0.022365171442698145,0.0004555913429571979,0.49346384915466346,0.22637598136656312
0.2805814718602159,0.6122448854643902,0.00832312149585075,0.00031396431295861173,0.024524725747385998,0.0008237866532048513,0.5076251835372565,0.22741383273194526
0.0903013499026489,0.2653061170345691,0.0025232529804429344,0.001891518542900272,0.055947389579692516,0.0011127546036700613,0.10021765121390647,0.6573211816324042
0.060540461418117954,0.28571427988338205,0.008010175514504867,0.007353347686700326,0.06291999310599851,0.0004345118592819216,0.14052295556864766,0.60436144863874
0.16009477388898732,0.16326530279050402,0.02566768994786574,0.026117501397810945,0.0016656136924454192,0.0006724166931937345,0.05010882560695323,0.7227414690342596
0.15797253499993752,0.7551020254060812,0.006200128188111534,0.00238548677022128,0.018232726436786147,0.0007751605211604955,0.12091508197561285,0.606437943622455
0.12288483179504764,0.2653061170345691,0.0048714757067795135,0.0020606944988766362,0.010682901613615447,1.0268845156247921e-05,0.6949891242954533,0.09449597069156887
0.3107597361855139,0.4489795826738861,0.011299205392452528,0.0005884252667365599,0.0876457411955762,0.0007881011529286034,0.13725469960693829,0.6334371319284534
0.5602291376953412,0.9999999795918372,0.0213208083602254,0.0029904803045293846,0.0031589225201551054,0.00042625305078490897,0.1546838744069353,0.6209757852673117
0.26176428367076326,0.4693877455226991,0.005368747852268879,0.0025390361675807073,0.023996324162196415,0.00028774334797593515,0.5021786443268147,0.21079949610337353
0.04287633797438195,0.7755101882548942,0.003437133041827666,0.0034543046460895283,0.021133191659837652,0.00039053161925397433,0.6285402655128693,0.27518193213984676
0.3744623215734167,0.7142856997084551,0.018646242442288057,0.0008156167885153881,0.015346619952462623,0.00033297215106780655,0.4389976259616346,0.4454830419106979
0.22911713241910586,0.6122448854643902,0.0021894254108514324,0.0026906944003248666,0.033217506173303726,0.0013000673471126423,0.025272282682780395,0.7268952512546402
0.20664260757327915,0.6938775368596422,0.019578712587232427,0.015503434407602348,0.010071219343803596,0.0005741306657716561,0.41176451436512024,0.22637598136656312
0.16636953682191727,0.4081632569762601,0.007028730447873079,0.0023968695864283814,0.005628625581367279,0.0004935536358332237,0.3954248967337948,0.5192108937533144
0.11834322471838896,0.4285714198250731,0.00018505688949348314,0.006547782249289124,0.007954741255299675,0.00034956460883028357,0.5424835331372505,0.20145328804427953
0.167586287792948,0.6122448854643902,0.010018584905371969,0.0027135258797405227,0.008727241398864879,0.00037229800623732854,0.529411755923329,0.21391463470542132
0.2019453774031423,0.6938775368596422,0.011838031985376406,0.004524086986861416,0.00917810579492338,0.00016398813278663027,0.15141603398953127,0.7113187659914506
0.2021858873536136,0.5510203969179511,0.006353056084197912,0.0034686070021404756,0.016771006834278013,2.4503962821809872e-05,0.535947436758137,0.20768435750132577
0.1719368867918306,0.9999999795918372,0.0035038106881064464,0.002530442165552802,0.00500832806831864,0.0001997319685116636,0.14379079598605168,0.5981311714346444
0.15692557460894843,0.6122448854643902,0.004519602971914567,0.0026700959089290812,0.03776348285458148,0.0030271582494556127,0.10457504879998206,0.6448598349712624
0.24697224707456253,0.24489795418575605,0.010806413801972838,4.9806478231583116e-05,0.02906208718542697,0.00019430085368561643,0.6786490911198225,0.30633411041327524
0.46268390131459547,0.8979591653477722,0.017621990553881407,0.001939199034489346,0.0014645913502537306,0.000277196179705176,0.15359473278256908,0.60436144863874
0.3468802828929956,0.2653061170345691,0.013008533134660069,0.0009670261583275848,0.011228533685278602,0.0005808327670703009,0.15141603398953127,0.5316714481615056
0.19884689749353301,0.3877550941274471,0.003545698893649966,0.00119403853752893,0.019499167192593786,0.004216245095294534,0.5697166447337649,0.28556599156432294
0.32925154443355753,0.6530612111620161,0.007376165345987881,0.0015882054665958506,0.0024409855837562175,0.0002627206877101328,0.5217865179198494,0.18691544639942279
0.24639923970728966,0.5510203969179511,0.0038205474808569186,0.0020875300569836034,0.018120728274707922,0.0002216816226313217,0.41721105357556204,0.23572139717270646
0.3629032042146798,0.4081632569762601,0.013717513848651325,0.002156770115688204,0.024955487909225332,0.000609743208307773,0.1394333983999761,0.6220144288856445
0.1455715822163849,0.7142856997084551,0.002735350528218591,0.002000879760593288,0.011199816207822646,0.0029138779557362,0.16339866957908647,0.5908614583592654
0.44253675719004737,0.5918367226155771,0.020300220517656443,0.0068293556475622795,0.014364482223468944,0.0003408340440952674,0.41721105357556204,0.22326084276451533
0.09739671389660476,0.5306122340691382,0.0028417832454878,0.001509799117953656,0.004422491528217148,0.0006238375984282414,0.11960777959092912,0.7258566076363073
0.11072226299567897,0.9999999795918372,0.0037590963962664268,0.0033821929802847865,0.017764631554254076,0.000693700716016679,0.5315904547163669,0.32087195205813196
0.3114742160257568,0.28571427988338205,0.009092081424644809,0.001650302578150159,0.00287174774559555,0.0007487070475897515,0.02690624444591294,0.7424717365178297
0.2239176311181812,0.7755101882548942,0.020835310131128795,0.014679233300441621,0.0036471196369063487,0.0001609337839925185,0.6361655035163489,0.1329178620403764
0.07725664508231066,0.3061224427321951,0.006238629495549919,0.013025824777333208,0.012434667738428735,0.000579287223539833,0.04575142802087764,0.6988574193303089
0.19327248064639335,0.24489795418575605,0.009553039229201947,0.0038955763896519357,0.04718281546013489,0.0002120337925293371,0.8420477606989091,0.3561787048048917
0.2914756281174605,0.4081632569762601,0.017154868122440946,0.00047475688047789584,0.015019240709464728,0.0002596407835316717,0.0337692079756278,0.7289717462383551
0.20478209613243503,0.4693877455226991,0.006859920389117726,0.004287772750366542,0.02139452070468685,0.00218900505089426,0.23965146515818792,0.3800619622558918
0.08232173235446387,0.8775510024989592,0.004203483683761195,0.004841158697285666,0.025271380161240843,0.0008258535650051948,0.1525051756138975,0.6178606466652639
0.2268109691955617,0.14285713994169102,0.012612621694552361,0.0039307948520468546,0.003618402159450393,0.00019530731310833644,0.3867101015616436,0.5358252303818861
0.05537634510149123,0.4285714198250731,0.003374697006147534,0.0013580411463690598,0.023720636378619247,0.001628283794869637,0.3376904175790566,0.502595764871792
0.16998442161676705,0.36734693127863405,0.004504692562824156,0.0034578618366753883,0.0016943311699013747,0.00017817298512478032,0.6220041691337559,0.1495321986689481
0.2743420770455285,0.5918367226155771,0.009129159484704722,0.0013821091937384774,0.013982539773304737,0.0004493307157268313,0.6122002323372385,0.1329178620403764
0.1479414147991877,0.5918367226155771,0.010199022665989498,0.003001451576977403,0.0318189650211987,0.0007388032793527796,0.4063179751546784,0.4797503587861741
0.5192133195948311,0.08163265139525201,0.010171064780687671,0.006308919830671836,0.024093963585546666,0.0018829618764772676,0.12309378076865066,0.592938745595931
0.11010892973316913,0.32653060558100805,0.0027588796066462698,0.0030391780354570856,0.02598931709763973,0.0002551447844124881,0.5370369939268087,0.20664571388299294
0.22183784409065566,0.8979591653477722,0.005848595115505285,0.0038896729154701756,0.0069496295443412315,0.0011250231480443567,0.5381261355511748,0.17030110977085108
0.11513864045405213,0.4897959083715121,0.24930597493377768,0.33539002183522765,0.010878180460315943,0.00029099011152108016,0.6721129947407092,0.4330216952495561
0.10964911046390557,0.20408162848813005,0.0055879269066445875,0.001453863058557381,0.02119349836249516,0.0002990551794614054,0.8572982367058682,0.17757003059327944
0.19891765059607347,0.6530612111620161,0.0011556296381206282,0.0011510249521678544,0.016512549537174414,0.0004788859980911931,0.04901968398258702,0.6988574193303089
0.09917938849162664,0.2653061170345691,0.00853005846949349,0.004693404804392381,0.029090804662882924,0.0005341040742774458,0.827886426316316,0.36552412061103506
0.19666807298850628,0.28571427988338205,0.003009283972223428,0.0010723668355789267,0.008643960714242607,0.00022947705244489954,0.11220028680346167,0.626168211106025
0.31015842757722484,0.6530612111620161,0.008197137360531027,0.0013108385297096496,0.02064786629083201,7.971416103243607e-05,0.1274507628104209,0.6209757852673117
0.12843801427839746,0.6734693740108292,0.0013248182570620558,0.009963867552726328,0.005398885761719634,0.0003498455066978044,0.49455340632333505,0.37383168505179626
0.19122806173711032,0.9999999795918372,0.004239940071588931,0.007515810637712357,0.019757624489697388,0.00029732135231346456,0.14596949477908946,0.606437943622455
0.3779215832747883,0.5306122340691382,0.008509574543094709,0.002059532492968638,0.017546378725588813,0.00017755794580324834,0.1525051756138975,0.5732084781123609
0.16362477182684398,0.28571427988338205,0.012882715704743388,0.00449057183145997,0.015794612600775526,0.0003138132025628189,0.08649226436207372,0.7383179542974492
0.14136953943375413,0.36734693127863405,0.0025258924826577654,0.007957276048926099,0.018666360346371078,0.000621169347298126,0.11437898559649946,0.6344757755467862
0.14809705475872129,0.4489795826738861,0.0025353877445726965,0.0007988596949837939,0.05240939635711879,0.00011600203822548956,0.5980388979546455,0.21495327832375413
0.11450904747080232,0.4489795826738861,0.0028371071589324737,0.0033934252198929765,0.0027568778357717283,0.0009748022868512358,0.06459694403128663,0.7227414690342596
0.17896149768324598,0.4081632569762601,0.003486517780964228,0.00025086255046301314,0.032077422318302296,0.0008963817950968292,0.11002158801042387,0.6490136171916431
0.2322155954626597,0.9999999795918372,0.007846416976764607,0.0011765697153786868,0.011825857216362475,0.0017093204950785871,0.6296294071372355,0.2720660012848483
0.48913409274703434,0.20408162848813005,0.024456429327538325,0.0004477354014256488,0.085701567971808,0.0008818448356773249,0.1612199707860487,0.5524403592634085
0.11757214239611366,0.3877550941274471,0.002473327837958178,0.003961864953350219,0.007064499454165054,0.0004503145211659816,0.13616555798257207,0.5835925375368369
0.2114317914776354,0.18367346563931702,0.00976979098344878,7.329836433828491e-05,0.06909425075902893,0.00029675661674849387,0.13398685918953426,0.6874347162874999
0.24630020222978843,0.36734693127863405,0.007636975949047009,0.0020311766437987057,0.03934294411465904,0.00026615875156097844,0.16013082916168248,0.5763236167144086
0.12574985176535655,0.32653060558100805,0.0029324591764432377,0.0007029603157349394,0.017144334041205436,0.00048107336606032305,0.2570806399581849,0.5856698247735026
0.12926569908270513,0.9999999795918372,0.005418545881883816,0.004839991849686384,0.013408190224185624,0.00030675340274158227,0.5446622319302883,0.17341624837289885
0.12184492141522944,0.22448979133694305,0.01516029354351171,0.016865634566783787,0.010510596748879714,0.00023665246636209844,0.6350759463476773,0.3468324967457977
0.3171123022321552,0.7959183511037071,0.012763726250292966,0.002964475580646636,0.002785595313227684,0.0003045324669104537,0.47821337314770423,0.22014491190951688
0.2045203518181739,0.8571428396501461,0.004125826750177487,0.00022410252274006573,0.006834759634517409,0.0005630767707369417,0.5413943915128843,0.16614732755047049
0.15749149823293954,0.6734693740108292,0.00423726236605257,0.002345931604943885,0.00829935098477114,0.0012362180839717153,0.1394333983999761,0.6375909141488341
0.30727217324312606,0.08163265139525201,0.006298289886269401,0.003568176383382092,0.04487393027267607,0.0005667346108931916,0.10893244638605766,0.6313606369447385
0.3987336885008288,0.2653061170345691,0.020634815626707784,0.0005097138915435155,0.01926942737294614,0.0010603069232930223,0.5697166447337649,0.1921078722381362
0.1755871397049229,0.6326530483132031,0.0020735196590543647,0.001333268632917918,0.02859686405064049,0.0007894030172227419,0.13616555798257207,0.5908614583592654
0.09418504588898616,0.8775510024989592,0.007888892124248004,0.00453287852989368,0.01616793980770295,0.00035495333630454533,0.2570806399581849,0.48182764602283973
0.11462223556881163,0.6530612111620161,0.007559669791415536,0.0012989192541083558,2.8717477455955502e-05,0.0004806935131331036,0.6437907415198285,0.2824508529622752
0.32689582873915196,0.5714285597667641,0.006655292979912964,0.0017823776221606465,0.05441961977903568,0.0003285452475592397,0.5599127079372475,0.16614732755047049
0.2226443113972289,0.7959183511037071,0.01511571374031491,0.0013984789519674054,0.0023548331513883513,0.00017007344623744554,0.5827884219476863,0.19314651585646903
0.06418363902095621,0.7142856997084551,0.006780613766649749,0.00880517723491871,0.008098328642579452,0.0008974282400494975,0.6274507083441977,0.27518193213984676
0.1588355879224877,0.7551020254060812,0.0015369474094037055,0.0023543111200479386,0.012552409395998148,0.0003290484388414503,0.6100215335442007,0.1422632778465197
0.14547254473888366,0.5714285597667641,0.0022871825011040008,0.0031789479794241647,0.021595543046878538,0.0008526866801428365,0.1274507628104209,0.6188992902835967
0.39842244231387247,0.4489795826738861,0.02360738134469953,0.0019312392940195567,0.00114869909823822,0.00024230039844904625,0.13725469960693829,0.7175490431955461
0.09105828160441612,0.8163265139525202,0.002322909205490505,0.0028986576293410908,0.01926942737294614,0.0009870087777565416,0.11241828134605705,0.7237801126525925
0.07261600896117848,0.5918367226155771,0.0054882426324722716,0.000256948556406155,0.01634024467243868,0.00020323217229708501,0.13616555798257207,0.6209757852673117
0.2342175962425293,0.3061224427321951,0.007993412938926076,0.002450187259178634,0.04230084429262246,0.0002060317358306915,0.6132897895059101,0.2845273479459901
0.14777870796242779,0.5102040712203251,0.0024616334539347856,0.0033758498805345,0.0618287289626722,0.0015837251961432577,0.12418292239301687,0.616822003046931
0.07493633123825842,0.8163265139525202,0.0015231525373019842,0.0034312291454331924,0.009218310263361717,0.000679602406122972,0.14270165436168547,0.7050884887873551
0.06687888527727888,0.4489795826738861,0.002242276233159575,0.0016322314496042697,0.03492045258644189,0.00041811702342022124,0.709150043133741,0.2554516646562766
0.17681804129646178,0.6938775368596422,0.0025350091843866214,0.0006653306910809233,0.0028430302681395946,0.0007813536283753708,0.14814819357212727,0.6085152308591205
0.2736134634508329,0.6530612111620161,0.0022926091092759387,0.0017616527626223664,0.004020446843833771,0.0004228707668444137,0.12636162118605465,0.5919001019775981
0.13652375304736547,0.24489795418575605,0.0017766315756564972,0.0008918540594626524,0.030813853310240256,0.00038366609799751674,0.27015241717210636,0.3541014175682261
0.325148539128428,0.4285714198250731,0.008893118526114243,0.0016917411613367682,0.01335362701701931,0.0007637534045990943,0.1623091124104149,0.5555554978654563
0.3725593920031592,0.2653061170345691,0.018813611193912946,0.0018147966186555463,0.015047958186920684,0.0005338909846440367,0.15359473278256908,0.5337487353981711
0.3540605337439446,0.36734693127863405,0.011801006020754944,0.0051949507627409245,0.03165527539969974,0.00011997369081571924,0.4912851503616257,0.20560707026466013
0.07570033825027968,0.5918367226155771,0.002095271588425032,0.002072737237605655,0.01947044971513783,0.0006241641309106717,0.39433533956512323,0.4974041312860293
0.22301921007738848,0.3061224427321951,0.0030499795395293517,1.525132754247952e-05,0.012693125035532332,0.0008342959303343047,0.08060977762087165,0.6687430924222625
0.2247877509179577,0.4489795826738861,0.002185289033038454,0.002969690082158779,0.027287347078648917,0.00046996242295332805,0.5185182619581401,0.183800307797375
0.29927840507443293,0.18367346563931702,0.01568827386615017,0.007053525953980312,0.02150939061451067,8.414715556118251e-05,0.29520682997558295,0.3676014078477007
0.15029639344697093,0.2653061170345691,0.04500722265268958,0.0445206343983803,0.0687869737502502,0.012840360894333913,0.5337687379650993,0.3177568134560842
0.125290032496093,0.18367346563931702,0.007444215880721296,0.0033854770994822675,0.03296766411943692,0.0003450313142216097,0.8224398871058742,0.18276245643199288
0.06448075145345986,0.32653060558100805,0.0028974440957459688,0.0007072016372991337,0.01053931422633567,0.0011758543446811398,0.4912851503616257,0.376946823653844
0.3272637111402515,0.4081632569762601,0.010211595031802245,0.0023211353672054546,0.015536155303671927,0.0005953568719393319,0.008714379627845822,0.7362406670607835
0.30959250395323373,0.6734693740108292,0.01255016273687931,0.0022842329645821947,0.008635345471005819,0.0005545935360074478,0.14379079598605168,0.6469363299549774
0.3384761973277341,0.4489795826738861,0.011751654275396066,0.0008828678804407978,0.06935270805613254,0.0007423030219884082,0.48801730994422166,0.2346835458073243
0.1375990315454262,0.28571427988338205,0.0008485027172496783,0.0017327590015508566,0.06561943598685833,0.0004494114745842901,0.6416120427267907,0.2866046351826557
0.05481041304447241,0.6938775368596422,0.0030955977784659352,0.003317027204795106,0.006490149905045943,0.0006278587093337455,0.11274510694222799,0.727933894872973
0.05115308482112606,0.7142856997084551,0.001793878291509956,0.004095596339948734,0.006317845040310211,0.0010296608295230132,0.1274507628104209,0.6054000922570728
0.15483870383814113,0.4489795826738861,0.003242927151433487,0.001945745001104404,0.017402791338309034,0.000226086179589514,0.13616555798257207,0.6209757852673117
0.09296122804072905,0.6326530483132031,0.0029338938848181674,0.0039696833164345365,0.06530354373484282,0.00036746183228767847,0.09150327158606064,0.9875393417496302
0.033559706046902796,0.4285714198250731,0.0028978080692092767,0.0005487233982132798,0.054678077076139274,0.0008573598952844667,0.4368189271685968,0.44236790330865006
0.19615165123721034,0.2653061170345691,0.00480190745827257,0.00042538615446181214,0.0294354143923544,0.0003524310390838417,0.6056645515024305,0.14537920870151816
0.1826117505963383,0.020408162848813003,0.009434136600482278,0.011333455164467864,0.009074722876081938,0.00038156921146064316,0.08169933478954323,0.6656279538202148
0.24904498409091716,0.24489795418575605,0.012030111339973032,0.0012621127169725052,0.045215668254401944,0.0007643344533379842,0.04030488881043583,0.7289717462383551
0.08256932604821692,0.28571427988338205,0.01055251452708149,0.009423238494000513,0.016225374762614857,0.0026251820452195744,0.413943213158158,0.4288679130291755
0.11337011647953835,0.6122448854643902,0.0025816575237928353,0.0011430860309705833,0.028459020158851902,0.0011699902486288312,0.13180816039649648,0.6998960629486416
0.08955150194416346,0.4489795826738861,0.004212915389241216,0.0010045056905518177,0.0009476767560465316,0.0008315478042171666,0.3627448303825332,0.47144358659836355
0.33287349610563366,0.28571427988338205,0.009996395721621238,0.001986526566783866,0.023344437423946228,0.0009222934368756437,0.04139444597910741,0.7227414690342596
0.2090619588948326,0.040816325697626006,0.009674338248090344,0.002515437280096644,0.03552351961301696,0.0006370890067275266,0.1928104799686387,0.718587686813879
0.15268816370807514,0.5510203969179511,0.0039943559232801466,0.0037938088805676887,0.02133708574977494,0.001975304009718313,0.13507600081390048,0.6157841516815489
0.16419071231689053,0.5714285597667641,0.003158865951949584,0.0022187631308799205,0.02119349836249516,5.956710302356563e-05,0.11546854276517104,0.6022841614020743
0.058800221818564924,0.8163265139525202,0.0031206265109151457,0.00350265377524483,0.0023548331513883513,0.0007057429511301723,0.14052295556864766,0.6022841614020743
0.07174588916140195,0.8571428396501461,0.0032042202406646846,0.0019921622954376583,0.0019527884670049742,0.0003120342980226347,0.13616555798257207,0.5991690228000266
0.12985992394771242,0.4489795826738861,0.0021396305069628025,0.002816590962088701,0.05194991671782351,0.000575553620315546,0.5588235663128812,0.21183813972170637
0.29076823202049934,0.2653061170345691,0.012321251907298105,0.0006982832419552456,0.025239790936039293,0.00011421700423597657,0.005446539210441809,0.7341641720770685
0.24689442709479573,0.6938775368596422,0.012072166250919593,0.0040387984595040265,0.0008328068462227096,0.0006194237031867454,0.1274507628104209,0.6303219933264057
0.14078238144597316,0.9999999795918372,0.006161330978582751,0.0029601253210285667,0.007009936246998738,0.001626566319324765,0.6307189643059071,0.2762197835052289
0.076124780968273,0.8775510024989592,0.0027540774491298927,0.0021274778834240765,0.015047958186920684,0.0007571783692829322,0.5642701055233231,0.29595005098879906
0.2572085259735965,0.6326530483132031,0.020059515280810018,0.006161972079377225,0.008374016426156625,0.0007142967609925348,0.5620914067302852,0.18691544639942279
0.32120399378730047,0.4693877455226991,0.01139279658414366,0.016221060206234483,0.05631497329112874,0.0019502962407479025,0.13725469960693829,0.60436144863874
0.38421049682822633,0.4693877455226991,0.016111045714323015,0.0030966876445204417,0.009996553902418109,0.0001273050117920237,0.5610018495616137,0.1671859711688033
0.11206139490823269,0.16326530279050402,0.0029765110791970723,0.0010984199763745084,0.035781976910120555,0.0002030357993436639,0.5816992803233201,0.29387355600508414
0.45464061440715176,0.22448979133694305,0.011393084845569754,0.0010875339176930764,0.012710355522005907,0.0006565812704598134,0.44117632475467244,0.4434057546740322
0.11237265796124443,0.5306122340691382,0.008522775527198094,0.0043105771163110115,0.024122681063002624,0.0002716313122246508,0.9302831918675657,0.18691544639942279
0.41303053770952347,0.10204081424406503,0.014490558059819912,0.0003956388032170521,0.022198610073453605,0.00029675661674849387,0.5435726747616166,0.2211835555278497
0.20107525760336578,0.2653061170345691,0.006375766222333147,0.00244508314822775,0.047986904828901646,0.000448114625294148,0.5174291203337739,0.3385257245579872
0.18442981017565813,0.3061224427321951,0.00162998604214434,0.002065649485735993,0.0869278042591773,0.00034524997608168136,0.11546854276517104,0.60436144863874
0.25205149340025157,0.5102040712203251,0.008238751196765374,0.008982465444640288,0.01933547757109484,0.001910102424810089,0.445533722340748,0.2461054565971826
0.10186756787072297,0.6122448854643902,0.0037252531156313725,0.0011914627577662002,0.040951122852192545,0.0006075537075208515,0.11764682601390347,0.6126690130795012
0.3169566960047325,0.6530612111620161,0.0068599690115269465,0.0007109345812785786,0.01967147205732952,0.0005013015287889969,0.532679596340733,0.1713397533891839
0.18750705572147755,0.5102040712203251,0.003697376499213529,0.003255926029137778,0.02073401872319987,0.00037235686047963076,0.4204793095372714,0.2253373377482303
0.17909592014504516,0.4693877455226991,0.008617686469996643,0.0003915282073175076,0.007610131525828208,0.0004528629309937008,0.6982569647128574,0.25233652605422885
0.07593378132352462,0.9999999795918372,0.0019486138993105695,0.0023543111200479386,0.01612773533926461,0.0019212956831550934,0.13616555798257207,0.60436144863874
0.07627333718452484,0.36734693127863405,0.002101679327354457,0.0016542848692306955,0.050284303025378084,0.001149489642445504,0.6252720095511599,0.2782970707418946
0.17122239008553225,0.2653061170345691,0.0002201692150091936,0.002479898297738769,0.038915053700565305,0.0011371496582824787,0.09150327158606064,0.6593976766161191
0.12189444015398006,0.24489795418575605,0.003128636705531311,0.00030470699922489084,0.007753718913107986,0.0005045440843422828,0.05010882560695323,0.7030112015506894
0.2351018497967585,0.8571428396501461,0.00021512637656717463,0.0019358558466582086,0.01241169375646397,0.0006888059952579218,0.5228756595442157,0.18587759503404064
0.17830360345898,0.8571428396501461,0.00159114646165895,0.0024195882544371357,0.007208086841444831,0.0008546746584703177,0.1274507628104209,0.6137068644448833
0.2553126464145099,0.2653061170345691,0.010110199943431208,0.0018845218148267361,5.7434954911911005e-05,0.0001066416581609981,0.07952063599650544,0.6687430924222625
0.1675792209157217,0.4489795826738861,0.00015797768058685663,0.0023553908172041205,0.06174257653030433,3.3173578925881615e-05,0.11111114517909546,0.616822003046931
0.15751271573067396,0.16326530279050402,0.0029285971679394326,0.00018805613113569746,0.05482166446341905,0.0010967562029135453,0.572984485151169,0.2928349123867513
0.044984434675951375,0.28571427988338205,0.008330762507459762,0.008060675692141955,0.009950605938488582,0.0004598277531722015,0.5490196295163638,0.18899273363608843
0.15229908067529663,0.32653060558100805,0.025381206712738153,0.020918774115869027,0.0006605019814869765,0.00034774133783712003,0.6633986151128634,0.42367627944341274
0.2860922193480969,0.9999999795918372,0.01556736729956477,0.0034313129066923936,0.0085836540115851,0.0002679727226999877,0.5588235663128812,0.18899273363608843
0.1245684689125683,0.6734693740108292,0.0052705267653111775,0.003668065316248408,0.009292975704747202,0.0007009311604758149,0.5642701055233231,0.29802654597251405
0.3287846245549568,0.9183673281965852,0.008648089367876418,0.0010536391736950185,0.007960484750790866,0.00044733758789333093,0.1525051756138975,0.6054000922570728
0.22213495652315932,0.9999999795918372,0.006795359554154656,0.005430169808667508,0.014017000746251878,0.000208266775159649,0.5435726747616166,0.17757003059327944
0.23952318503212608,0.7551020254060812,0.0005815830557749082,0.0056033522641808255,0.0012061340531501312,0.0007591040347446653,0.10239635000694426,0.6033228050204071
0.1619057665910808,0.6530612111620161,0.0022426443742579595,0.0020457501345615197,0.06116822698118522,0.005954775778975894,0.1394333983999761,0.6157841516815489
0.32891904701675595,0.24489795418575605,0.002130699959600676,0.0064372304597095364,0.014990523232008772,0.000556797082648474,0.09368197037909844,0.6614741715998341
0.15427984709137635,0.6734693740108292,0.0038485887188602665,0.001575099008291885,0.009017287921170028,0.000799977297258401,0.13398685918953426,0.6240917161223101
0.2950268435530516,0.2653061170345691,0.012606220901681396,0.003956286356653571,0.026922635114958286,0.001407598640082192,0.04139444597910741,0.7227414690342596
0.2824702676760208,0.6734693740108292,0.00521080802770063,0.001222304331240992,0.002125093331740707,0.00023609870231928074,0.11873638318257505,0.6188992902835967
0.3398132032740005,0.4693877455226991,0.009703508220593455,0.002080671801280771,0.012348515306060867,0.0006143214650212419,0.11873638318257505,0.6313606369447385
0.24917232280943455,0.24489795418575605,0.00786288260834423,0.002865462993902602,0.021940152776350003,0.0004083898371247308,0.5337687379650993,0.3271030215151782
0.22314654879590587,0.3877550941274471,0.002178349920636833,0.00023643431043869918,0.027195451150789862,0.0001363293289450342,0.11546854276517104,0.6365522705305012
0.16910015119648245,0.4897959083715121,0.002553398874159687,0.000558353522175817,0.022514502325469116,0.0009004443518399588,0.4183006107442336,0.23572139717270646
0.250580064992186,0.3469387684298211,0.009385934427798543,0.0014975012220940058,0.034776865199162114,0.00031326962224459154,0.572984485151169,0.2866046351826557
0.052723542273665124,0.8163265139525202,0.004935949021405987,0.0011334447711180947,0.019240709895490187,0.0005373238605597137,0.1297385004291869,0.7258566076363073
0.025749853779676295,0.4489795826738861,0.006497443801407619,0.005641267548620558,0.003761989546730171,9.413027999166017e-05,0.7625271247024036,0.09034218847118827
0.10286502638901689,0.7142856997084551,0.001053618434364184,0.0035658572132573783,0.02693699385368626,0.0015535333349191267,0.1568625731999731,0.5939773892142638
0.17025324967430994,0.8163265139525202,0.0052332576886436125,0.0012929155569170305,0.005887082878470878,0.0004853128890364278,0.12854031997909246,0.6012463100366922
0.24731179450253502,0.4693877455226991,0.012283493133509103,0.002604551029011916,0.010367009361599936,0.0006208867009043075,0.03387799747477282,0.7268952512546402
0.07858658415135072,0.5510203969179511,0.0014349827442389437,0.0029282936216863346,0.015564872781127883,0.00037458813375194737,0.2047931155581939,0.3800619622558918
0.16499007901412657,0.6734693740108292,0.0013199640041072283,0.0007933159584643847,0.02925449428438187,0.0015606012240763113,0.12527206401738308,0.6116303694611683
0.23019241091716655,0.6734693740108292,0.0021350030428166963,0.001269111381722554,0.00867267819169856,0.0002223212758230428,0.1568625731999731,0.5742471217306936
0.1981677857715326,0.6530612111620161,0.004154892531803697,0.0033537378764435474,0.01933547757109484,0.0008437757674096981,0.12418292239301687,0.6002076664183593
0.15922467095526624,0.8571428396501461,0.005156330091198212,0.0038821987966361038,0.005370168284263679,0.000726283273839402,0.10893244638605766,0.6157841516815489
0.4089841348864263,0.2653061170345691,0.018628693225588664,0.0014480084854575823,0.02457067371131553,0.0006702251172327456,0.49455340632333505,0.24195246662975267
0.6026668991972771,0.36734693127863405,0.02977556808298238,0.0018587107585953206,0.027310321060613683,0.0005819372208239846,0.48474946952681763,0.2253373377482303
0.12729201640990714,0.3061224427321951,0.003638925417271946,0.005641267548620558,0.03741887312511001,0.000936766238830229,0.10675374759301985,0.6469363299549774
0.37238253454589115,0.040816325697626006,0.014571326827593736,0.003016639962533199,0.18407903049267477,0.0005010972778599492,0.1840956847964875,0.5794395475694071
0.3311615577470968,0.14285713994169102,0.012107473066072186,0.0008600102558922119,0.02139452070468685,9.962718552147587e-05,0.003267840417404012,0.718587686813879
0.13214486967352215,0.7755101882548942,0.0016625460384788939,0.0030986708012700924,0.00037332720692742155,0.0012943652299250439,0.13180816039649648,0.6157841516815489
0.28939584108993494,0.020408162848813003,0.005670630151699545,0.0034112474855069025,0.08371144678411029,0.000540248261185138,0.025054412803476617,0.730010389856688
0.4738115175111404,0.24489795418575605,0.022056743254071004,0.0018089914308068375,0.043736718165420234,0.0006959144271677209,0.09586066917213625,0.6656279538202148
0.1941496673233962,0.5510203969179511,0.005109126067115194,0.003179751700177197,0.026391361782023108,0.0013176790419900139,0.11437898559649946,0.6105917258428355
0.20367853325941357,0.4489795826738861,0.003009706292577801,0.001886952343850966,0.06903681580411702,0.0012584058835301897,0.5620914067302852,0.21079949610337353
0.2169283883450083,0.6938775368596422,0.006349885208510886,0.0027463331798763457,0.004881971167512435,0.0006309174390508887,0.09477111200346465,0.6427825477345968
0.07403791019746572,0.6734693740108292,0.0024959890063812698,0.004117024697230481,0.0180058583648841,7.971166313772525e-06,0.12734197331127586,0.7258566076363073
0.14366863578007194,0.3061224427321951,0.002646483003583235,0.002842295501111883,0.00976394233502487,0.0006252493700896565,0.12418292239301687,0.6251295674876922
0.32524049286264745,0.28571427988338205,0.006379975533759956,0.0009111191490790098,0.014961805754552818,5.5978973344322817e-05,0.12527206401738308,0.6448598349712624
0.24777871438113577,0.6734693740108292,0.0021978370876465907,0.0011001731527882008,0.0192981448504021,0.0004549056324299239,0.12527206401738308,0.6157841516815489
0.02951329479077791,0.7959183511037071,0.001514233450936317,0.0007993825976423932,0.027663546033321933,0.0004811910361157782,0.6307189643059071,0.27102814991946617
0.1900042270227978,0.28571427988338205,0.0013263880662740344,0.0017454422960366596,0.027901901096206362,0.00010967871383788103,0.47058813514422465,0.4620973785392696
0.11572579844183309,0.5306122340691382,0.003831838646186704,0.0016001402356092512,0.023924530468556533,0.0002006904683559356,0.11982552480694127,0.6427825477345968
0.4244764838363065,0.4081632569762601,0.01960037039751096,0.0009781426815141032,0.028660042501043592,0.0007589190176048911,0.10348590717561584,0.6375909141488341
0.08145867943191369,0.8367346768013332,0.0040418388316103395,0.005641267548620558,0.011214174946550625,0.0014335260185976844,0.14052295556864766,0.6593976766161191
0.15193829888353427,0.5510203969179511,0.004123462659180599,0.0007848478404098461,0.005513755671543457,0.00034790347041842795,0.15359473278256908,0.5908614583592654
0.13694820419838652,0.4897959083715121,0.003571757726568806,0.002531957130755355,0.03218654873263492,0.00047741410402554545,0.18191698600344972,0.45275196273312623
0.06525183377573517,0.32653060558100805,0.0045980284868668815,0.0058192287534305194,0.005398885761719634,0.0006484471261234461,0.5620914067302852,0.18172381281366004
0.09279852120396914,0.6530612111620161,0.009034581952712256,0.005390802016842778,0.010639825397431513,4.995981567419535e-05,0.7799562995024006,0.19937679306056458
0.2799448119997398,0.6326530483132031,0.007016491492866417,8.28607046228554e-05,0.0014071563953418197,0.00042239217021781755,0.15141603398953127,0.6272068547243579
0.7728706301328365,0.8571428396501461,0.02030705891221039,0.0011958604659588457,0.00907472287608194,0.00025760888068642926,0.1492373351964935,0.6157841516815489
0.1481465734974719,0.8979591653477722,0.004897030255854152,0.0014791899456604637,0.0068232726435350265,0.00034649008473273805,0.5468409307233261,0.1962616544585168
0.20288623343940385,0.7755101882548942,0.004578233262164419,0.0027815990908458426,0.006662454769781677,0.0004902505159404873,0.4978212467407391,0.22429869412989747
0.29399403378257055,0.4693877455226991,0.015009987784494014,0.0014184436659742037,0.02171041295670236,0.0003435896446819632,0.6416120427267907,0.29595005098879906
0.09489954259528452,0.3877550941274471,0.013597437336051902,0.019454172186045227,0.006145540175574478,2.198147345535921e-07,0.6688451543233052,0.42367627944341274
0.08793151731984607,0.3061224427321951,0.0002187765302879473,0.0005719441496081153,0.06863764286747924,0.0003322821749049495,0.14705863640345568,0.7133952609751656
0.12492218382710432,0.9999999795918372,0.003380032968256569,0.002556735938405165,0.007782436390563942,0.000633070662720779,0.14161209719301387,0.6593976766161191
0.06159450555238881,0.8163265139525202,0.005337867412869973,0.00886429428548813,0.017853655734367535,0.000801429842247327,0.5501087711407301,0.19003137725442124
0.11974390002391407,0.3061224427321951,0.010940771410766189,0.01221860348150311,0.01733961288790593,0.0004923823153595885,0.7320261726884851,0.30010383320917966
0.1864671622077148,0.14285713994169102,0.009600032787713627,0.0048404227602106,0.02797082304210066,0.00017841847053113143,0.30283206797906254,0.35306356620284396
0.06156621274440034,0.4285714198250731,0.003991845965055597,0.0017713618061528213,0.09137901326485041,0.0015751259053825833,0.08060977762087165,0.8400828458114464
0.23952318503212608,0.3877550941274471,0.0054916750272603196,0.002326335827812876,0.0545344896888595,0.00023763740546115588,0.11111114517909546,0.6427825477345968
0.22994481722341353,0.5102040712203251,0.0016779176658510535,0.0010583985562265287,0.030928723220064076,0.002900144530616022,0.49673210511637284,0.2346835458073243
0.18764854506050305,0.8775510024989592,0.009020158462319898,0.0030854345856397335,0.025908908160763057,0.0006949437068539405,0.5043573431198525,0.3541014175682261
0.26283247842554225,0.5102040712203251,0.01029513180387241,0.002565849453907771,0.011975188099133444,0.0003212951081610374,0.49455340632333505,0.23052976358694371
0.35749854421547095,0.4897959083715121,0.006757490338036139,0.0033659708936400004,0.009852966515138332,0.00047656026596965754,0.12527206401738308,0.6438211913529296
0.09361912226499505,0.5102040712203251,0.00232782909869778,0.0028870080359442783,0.0021825282866526183,0.0005920954861028411,0.1394333983999761,0.5867084683918354
0.5447721399976482,0.5714285597667641,0.025459662443044772,0.0015043817495767416,0.03385503417282595,0.00029683309075579484,0.1612199707860487,0.5752857653490264
0.2531267381662014,0.3061224427321951,0.010667475267625064,0.0006936352183232519,0.03021078628366519,0.0007174977746353221,0.5511983283094016,0.3011424768275125
0.19552205825396055,0.22448979133694305,0.006347374555680488,0.00469413105808488,0.01372695422394673,0.0002457997567931809,0.10348590717561584,0.6344757755467862
0.1289898041479359,0.8571428396501461,0.0035045556528762907,0.0026333619971624805,0.00034460972947146604,0.0017137433058827434,0.13616555798257207,0.6116303694611683
0.31954580417421674,0.14285713994169102,0.005128580587650189,0.0053317914834815905,0.020791453678111783,0.000960161674408519,0.11655768438953726,0.6469363299549774
0.31274756947881993,0.6734693740108292,0.011119479602827156,0.00037916252777989086,0.03382918844311558,0.0003220287782667594,0.1274507628104209,0.6355136269121684
0.28752826277186455,0.8163265139525202,0.009968083587337948,0.00711956662308489,0.0037505025557477887,0.00018899463359511106,0.5806097231546485,0.1671859711688033
0.2714063039726791,0.4489795826738861,0.008832399556085443,0.00034285952653750624,0.029406696914898434,0.0009354014275893774,0.1797382872104119,0.5856698247735026
0.14078238144597316,0.9999999795918372,0.003030891423578125,0.007246539976990136,0.022138303370796097,0.0006343219926834597,0.6307189643059071,0.2720660012848483
0.24173739452145077,0.8571428396501461,0.003359928991255555,0.001814659598792228,0.013296192062107397,0.00030366809926763084,0.12200422359997908,0.6002076664183593
0.02442699845391798,0.36734693127863405,0.003222033060282639,0.0007260019245522918,0.019786341967153342,0.0008506182311765174,0.12962946160345867,0.5970925278163116
0.17570739468015856,0.5510203969179511,0.0008766168888668568,0.004501610887585955,0.09203951524633738,0.0009191028567469178,0.5305008975476952,0.20976085248504073
0.06390775251921471,0.4693877455226991,0.001718049213210019,0.0027458005938351794,0.02782723565482088,0.0008776498905145209,0.10893244638605766,0.6240917161223101
0.24693689582237544,0.28571427988338205,0.008026708870154475,0.0015895272483161989,0.04456952501164294,0.0003120433480873179,0.021786572386072605,0.7310490334750208
0.3029286579875252,0.6530612111620161,0.011982256470212302,0.002328824457132506,0.01030095916345124,0.0005422942867427839,0.15577343157560689,0.5732084781123609
0.19177276786336703,0.8367346768013332,0.003834019361240246,0.0006890259282215247,0.004468439492146677,0.0004372492636663777,0.49673210511637284,0.2253373377482303
0.28484011712487906,0.6734693740108292,0.012637797683440925,0.001432825909931326,0.00616277066204805,0.0004890897058392122,0.11764682601390347,0.5960538841979788
0.2292090861533253,0.6734693740108292,0.00597305111796379,0.00036212945784514704,0.004049164321289726,0.000808424043510542,0.16339866957908647,0.5804773989347892
0.11168646249596224,0.9999999795918372,0.0026054637499530716,0.0034423693929069993,0.002239963241564529,0.0007457467157096408,0.14379079598605168,0.60436144863874
0.4004810118436636,0.4285714198250731,0.019442146131848772,0.0020312284498954373,0.0014645913502537306,0.0002700037801039434,0.572984485151169,0.1588784067280421
0.20768956796426824,0.5714285597667641,0.0013099085425774917,0.0019101372667303048,0.01858020791400321,0.0002543022060973736,0.5969497563302792,0.15160948590561374
0.17113750322853913,0.12244897709287803,0.036537750483508304,0.0447682191238445,0.02009361897593206,0.0006508742343410921,0.10130720838257805,0.8182760833441612
0.2560129925003002,0.6734693740108292,0.004692010394346396,0.0016456642379007323,0.004815920969363738,3.4678272270539985e-05,0.11220028680346167,0.6240917161223101
0.1245684689125683,0.4081632569762601,0.0008521007755320003,0.00212371346845129,0.005370168284263679,0.0006475102042465606,0.4389976259616346,0.45482845771684116
0.24316635420193664,0.36734693127863405,0.00908194365232232,0.0019411938112980766,0.03408477399247359,0.0004439773430700152,0.5337687379650993,0.2886811301663707
0.2366935331800597,0.8571428396501461,0.003476210524815314,0.0008587368910846968,0.020360691516272452,0.0006603380656757617,0.14705863640345568,0.6147455080632162
0.2861912568255981,0.28571427988338205,0.00549141489737099,0.0013740187276040383,0.0357590029281558,0.0007996448851161127,0.4912851503616257,0.24299031799513482
0.38155770243342796,0.12244897709287803,0.01976783986698352,0.002870880846448645,0.014215151340697974,0.000992282525215806,0.023420492594774613,0.7487020137219254
0.2547962415292694,0.7142856997084551,0.00442377098176421,0.001551737847849833,0.000402044684383377,0.00031576348189474106,0.535947436758137,0.20353057528094518
0.23875210270985078,0.040816325697626006,0.0037284913680854627,0.004482783971030739,0.22609270001073767,0.06500497830557485,0.1851852419651591,0.5721706267469787
0.2450481000065706,0.9387754910453981,0.008840127046122283,0.002717161989894301,0.006751478949895138,6.645399088708822e-05,0.5435726747616166,0.1671859711688033
0.0781479823798216,0.6938775368596422,0.002939886944057526,0.0009482694462959767,0.007093216931621009,0.0017720437841421681,0.16448781120345268,0.5877463197572176
0.1297396689724768,0.4489795826738861,0.002423720824950894,0.0033964706437101893,0.053385790590621277,0.0003757556113106428,0.14379079598605168,0.6209757852673117
0.48497448495987244,0.4693877455226991,0.008029209451200104,0.0051949507627409245,0.06471770719474132,0.003962473787896087,0.5065356263685848,0.22949111996861088
0.3963143540453308,0.28571427988338205,0.01638087924732179,0.0023670302430492383,0.0062029751304863885,0.000541240943757799,0.4858386111511839,0.23779868440937207
0.2021858873536136,0.9387754910453981,0.008993568950534707,0.002492246063018637,0.007512492102477959,4.520862778843777e-05,0.1546838744069353,0.6188992902835967
0.2575056384061002,0.12244897709287803,0.01833417687385199,0.004149518255771144,0.0006892194589429321,0.00011509011451028733,0.6830064887058981,0.31464167485403643
0.10122382426696508,0.5918367226155771,0.0030910599184739637,0.00288945841590277,0.011630578369661979,0.001351437896861219,0.12854031997909246,0.6116303694611683
0.6930106672293395,0.9591836538942112,0.020157485962360232,0.0044696799335724145,0.009847223019647142,0.0002818766579560422,0.5403048343442127,0.16926246615251825
0.10577956509807641,0.4693877455226991,0.0026669460918066342,0.002698215483564387,0.013382344494475264,0.00013889925909641606,0.838779920281505,0.18587759503404064
0.15551781556014155,0.6938775368596422,0.004829684746054435,0.002456570544966571,0.01325598759366906,0.00010126484372304953,0.003267840417404012,0.720664181797594
0.057123651578270596,0.5918367226155771,0.004606536366571712,0.007515810637712357,0.029291827005074614,0.00054366582308478,0.1274507628104209,0.6033228050204071
0.12027447239571809,0.5918367226155771,0.011311281115085378,0.004115481166049357,0.017402791338309034,0.00047349054551578675,0.5457513735546545,0.3177568134560842
0.09107949910215053,0.9999999795918372,0.0032389283055780176,0.0005506842831830272,0.0010051117109584427,0.0002657517100105603,0.5457513735546545,0.17445489199123168
0.12816920308691,0.28571427988338205,0.0001406264265535738,0.0006890259282215247,0.0446585491917564,0.001096973769542859,0.09150327158606064,0.6614741715998341
0.26457976803626615,0.6734693740108292,0.009679884675770719,0.0009036435777375532,0.012721842512988288,0.0002734921861404998,0.10675374759301985,0.6012463100366922
0.23748583300006942,0.4897959083715121,0.0003660989571970394,0.0006734550490543457,0.045178335533709195,0.0008145200402648897,0.15359473278256908,0.5088268343288382
0.35343092389463937,0.10204081424406503,0.006931610658484224,0.0010538376830376349,0.26063982539025216,8.847965786425454e-05,0.1786491455860457,0.5763236167144086
0.19729766597175608,0.5510203969179511,0.0047099121235126395,0.001179862065451349,0.031847682498654654,0.0011493607126492754,0.14270165436168547,0.6323984883101207
0.11572579844183309,0.6938775368596422,0.0013257455558664767,0.0013137784046568857,0.007610131525828208,0.0010386886052994695,0.13289771756516805,0.6251295674876922
0.14385964385784802,0.32653060558100805,0.003356050659514369,0.006949085831307668,0.056228820858760874,0.0012766394004739617,0.14379079598605168,0.671859023277261
0.7180035977402763,0.2653061170345691,0.019629630668774052,0.0018617997576340832,0.00022973981964764402,0.00010190776339246938,0.09477111200346465,0.6531673994120236
0.18068758666229093,0.5306122340691382,0.018457288813998468,0.018604363373686983,0.022138303370796097,0.00016314768728930738,0.17647044679300788,0.7237801126525925
0.19825973950575204,0.6734693740108292,0.0033948409229846927,0.002235854301110064,0.0034173798172587046,0.0003807606429427455,0.13834425677560985,0.5835925375368369
0.16373089304762695,0.7755101882548942,0.003325716527613349,0.002701485077688018,0.019295273102656503,0.0013674686165323783,0.13180816039649648,0.6157841516815489
0.2861488218301293,0.06122448854643901,0.0023909652970706885,0.004329279117231119,0.001435873872797775,0.0011097811866645807,0.14161209719301387,0.6978195679649267
0.14470852929383468,0.2653061170345691,0.004737022589682336,0.0011510249521678544,0.0242662684502824,0.0003683911067638336,0.5653592471476893,0.21391463470542132
0.1009903643276647,0.6326530483132031,0.004447690081374423,0.0031123234023508173,0.012825225431829729,0.00034735743063463924,0.5413943915128843,0.20041543667889739
0.10558855702030032,0.4693877455226991,0.0027638696550439925,0.004247184852338414,0.051691459420719905,0.00011085714370415479,0.14161209719301387,0.6033228050204071
0.17541736599093666,0.10204081424406503,0.006141965367596044,0.004434664822211395,0.038021940151685085,0.0004034144151522389,0.14379079598605168,0.6978195679649267
0.2280772389053431,0.18367346563931702,0.005451402127611692,0.0022590266355920663,0.0706737120191065,0.0019943544919491267,0.008714379627845822,0.7393558056628313
0.13709676041463834,0.6122448854643902,0.0013304271992685716,0.004669075305693664,0.008586525759330695,0.0007975862355828897,0.11655768438953726,0.6448598349712624
0.14711374686093548,0.4897959083715121,0.002247484040490021,0.0023237794148152796,0.025903164665271865,6.700737063841196e-05,0.1448799376104179,0.6448598349712624
0.3902730341856458,0.9999999795918372,0.014934317423629889,0.0022059616991268044,0.004164034231113548,0.00010983373702655047,0.5577340091442097,0.19106922861980338
0.17320315650161197,0.8367346768013332,0.0030708698103480456,0.001938577361328567,0.010031014875365256,0.00010526070667739961,0.15359473278256908,0.5939773892142638
0.14455997307758287,0.9999999795918372,0.003908944062728682,0.0031648247659507,0.009505485037921271,4.876274767046381e-05,0.11982552480694127,0.6427825477345968
0.35582199084123206,0.8979591653477722,0.010150553070055052,0.0014695089839394518,0.0012061340531501312,0.0001770011458576282,0.15359473278256908,0.6230530725039773
0.2333686939404872,0.9387754910453981,0.0007750481490343196,0.0021478725396168337,0.01672218712260289,0.001010710916376173,0.5196078191268116,0.18587759503404064
0.22577107568179897,0.2653061170345691,0.0026794524700640104,0.00258908957206774,0.05255298374439857,0.0007171588103230617,0.12200422359997908,0.684319577685452
0.40702460283413644,0.8367346768013332,0.016225054844857558,0.008940366938931762,0.023594279477813042,0.0006493611250127158,0.08060977762087165,0.6562825380140714
0.08089982268514892,0.3469387684298211,0.0030777561327053706,0.003436719623348485,0.017000746653925657,0.0005085410040982413,0.07363831547302555,0.7289717462383551
0.15878606918373708,0.7346938625572681,0.0025493184121173117,0.0010613272952838132,0.00048819711675124355,0.0002930005516863841,0.12418292239301687,0.6157841516815489
0.1553621924666634,0.8775510024989592,0.005404675992350726,0.0012113814757058067,0.02076273620065583,0.0006958439096785764,0.0010891416243662153,0.8868123016010151
0.3141553116615714,0.040816325697626006,0.006920740076994197,0.0041744723326454115,0.1122279018978741,0.000734174872599347,0.17756000396167948,0.5794395475694071
0.2732880497773131,0.4081632569762601,0.006514395657079447,0.0025012017393854064,0.018608925391459166,0.0001654296101805298,0.10457504879998206,0.6531673994120236
0.27239671247980213,0.18367346563931702,0.004658398417458062,0.0027442367275506653,0.04422491528217148,0.0002700844813176781,0.14270165436168547,0.673935518260976
0.17459676492991075,0.6530612111620161,0.002212217512476497,0.0013623749442367656,0.019361323300805203,0.0009075927500651312,0.14705863640345568,0.6438211913529296
0.09877617170439544,0.36734693127863405,0.0035265051976101462,0.004498255595526609,0.006461432427589988,0.0006527455802001519,0.04891068671128933,0.7258566076363073
0.27821162241135766,0.24489795418575605,0.014767205676168026,0.002838925683978688,0.008328068462227096,0.0007841579379089278,0.43572978554423064,0.2544130210379438
0.15469721449911564,0.5510203969179511,0.007183196895908365,0.006415027915991586,0.004566078915496925,0.0018131806514061959,0.1274507628104209,0.695742280728261
0.16508204961440145,0.5714285597667641,0.0036309294620756236,0.003247172735466651,0.017569352707553575,0.0004049344032983575,0.4150327703268296,0.22845247635027807
0.059528860712343666,0.9387754910453981,0.0034494786188316914,0.0013556057756535463,0.004603411636189667,0.000342478273681388,0.5435726747616166,0.19833814944223177
0.21741650885528804,0.5918367226155771,0.005011772195556233,0.00020509888445300792,0.01357762334117576,0.0007157771094710499,0.13398685918953426,0.6458984785895953
0.083616286439206,0.8775510024989592,0.002169865310227844,0.004563947662858788,0.00689219458942932,0.00032714081586535934,0.14161209719301387,0.7019733501853073
0.17074843706181603,0.7755101882548942,0.0025344146017824386,0.0016559078041488665,0.005542473148999412,0.0010282875638692943,0.11220028680346167,0.6116303694611683
0.19862760504079616,0.9183673281965852,0.006359988250541073,0.007170147771921805,0.010941358910719047,0.0006574766312116252,0.5392156927198465,0.17341624837289885
0.42929396898167893,0.06122448854643901,0.019686324397925236,0.0016540234179013957,0.013181322152283575,0.00025189980782279003,0.02832225322088063,0.7113187659914506
0.3003890685567916,0.4693877455226991,0.00668745670361237,0.004296616583664667,0.01947044971513783,0.0007362390943592327,0.12200422359997908,0.6272068547243579
0.1607809693542695,0.22448979133694305,0.0026422146506595154,0.0005841742617897988,0.023519614036427557,9.924700594648658e-05,0.5697166447337649,0.28764248654803787
0.10564515950233268,0.8367346768013332,0.001829625139465995,0.0021530468550913255,0.06892194589429321,0.0016196118730166015,0.13616555798257207,0.6137068644448833
0.2016270306068488,0.12244897709287803,0.006110464992479576,0.005664149865794688,0.005657343058823234,0.0008633010417813174,0.462962897140745,0.4164073586209843
0.18816494994574356,0.8571428396501461,0.004385130058550778,3.312685176052218e-05,0.004192751708569503,0.0004452605500121212,0.5392156927198465,0.20456921889927798
0.2813949891779601,0.24489795418575605,0.010927841322942746,0.0009568649008312667,0.032766641777245226,0.0003576971775715255,0.006536096379113392,0.727933894872973
0.584260028404393,0.3469387684298211,0.021923017736597522,0.0006708211689962158,0.13187065647774768,0.0003190507113342016,0.14814819357212727,0.5711319831286459
0.29440435117913893,0.18367346563931702,0.00925738719690705,0.009289506139063743,0.03253977370534318,0.001361357613195191,0.12200422359997908,0.6417446963692146
0.3389713847152402,0.7142856997084551,0.011235287762502861,0.0009436127076196728,0.007121934409076965,6.580107963882502e-05,0.5577340091442097,0.21079949610337353
0.2554399851330273,0.6122448854643902,0.004070247863409148,5.3205345512478555e-05,0.005025558554792213,0.0003800591572496439,0.15141603398953127,0.5867084683918354
0.022276458323851996,0.4081632569762601,0.0030679163462908193,0.0017346859946816206,0.01142955602747029,0.0008206658411968567,0.1797382872104119,0.44029061607198444
0.22594793313906697,0.08163265139525201,0.017787084471360615,0.008938817597721097,0.07917408534606932,0.00010339727722311575,0.2647058779616645,0.5649009136715997
0.2327603015889164,0.6530612111620161,0.0070844795130736915,0.003142858012598246,0.007231060823409597,0.0003172488453772525,0.15032689236516505,0.5970925278163116
0.08809422415660598,0.14285713994169102,0.008782915835615825,0.0051288665184147965,0.0017804836022692412,0.0008343000230387153,0.5653592471476893,0.3852543880946052
0.28857524002890905,0.28571427988338205,0.00911043152188465,0.001143447705309448,0.019901211876977163,0.0005600649822257878,0.5217865179198494,0.19003137725442124
0.12843801427839746,0.2653061170345691,0.00865836536676226,0.008975833780089515,0.045201309515673964,0.00035624378714131275,0.09259241321042685,0.9865006981312974
0.34100873674729687,0.5918367226155771,0.014874386831236309,0.0042795675361486886,0.006346562517766166,0.000959208285641117,0.003267840417404012,0.7466247264852597
0.2494694352419382,0.7755101882548942,0.0004603118211203506,0.0018711480951639308,0.004049164321289726,0.0004601796104640848,0.13616555798257207,0.5887849633755504
0.3102645487980078,0.6530612111620161,0.008568442388543897,0.005708327877909406,0.010401470334547084,0.0014405147437071104,0.11655768438953726,0.6365522705305012
0.3161997474369098,0.32653060558100805,0.013505978584308014,0.003286181757967287,0.016368962149894636,0.0004864680692673161,0.12091508197561285,0.6531673994120236
0.08517968544754646,0.6326530483132031,0.0026434621627589453,0.0003582899966574689,0.03606915168468011,0.0006782272190117831,0.1721130492069323,0.523364675973695
0.09348471666925132,0.7755101882548942,0.002577378404478502,0.002066196596851009,0.010671414622633065,0.0007326539237244936,0.08877991887197867,0.7248179640179746
0.5227079662805006,0.28571427988338205,0.0347289899144447,0.016300420368059496,0.00984147952415595,6.520811786362189e-05,0.056644921986066625,0.7372793106791163
0.2004315139996079,0.7551020254060812,0.001669603233874336,0.0033001597207022518,0.03371431853329176,0.0006089738951659847,0.14596949477908946,0.5981311714346444
0.07891906470209689,0.3877550941274471,0.003231714129261378,0.0032608984460857546,0.009476767560465315,0.0003792711098975244,0.10893244638605766,0.6126690130795012
0.0652730597064973,0.4489795826738861,0.009037634745405462,0.019839415878076975,0.008178737579456127,0.00035849156573329556,0.36601308634424257,0.6656279538202148
0.3824348722443754,0.14285713994169102,0.014539336755355832,0.003783617120416286,0.03798460743099234,0.0006522680980188883,0.09477111200346465,0.7819314792320194
0.14378889075530757,0.8979591653477722,0.0004255850018491747,0.0030582736658785266,0.01726494744652045,0.00046721199108722627,0.5631805483546515,0.18172381281366004
0.7135469112527216,0.9999999795918372,0.01711245548948369,0.0011887785241187234,0.0072942392738126974,0.00010091475417203848,0.5108930239546605,0.20249193166261234
0.14058430649097073,0.9999999795918372,0.003118769482185843,0.0030980336346972067,0.006748607202149543,0.0004899227921544254,0.13289771756516805,0.5846311811551698
0.033297961732641664,0.36734693127863405,0.0033060251464848652,0.002918862007066414,0.01820688070707579,0.0018471716183397619,0.6917208683337439,0.2596054468766572
0.3447014583879689,0.6530612111620161,0.011835232723816994,0.002768261199698533,0.0039055769340099484,8.800966936712334e-05,0.11111114517909546,0.6230530725039773
0.1996462810568245,0.7346938625572681,0.003239422864940376,0.0013209247409910762,0.02050427890355223,0.000536100468588645,0.5653592471476893,0.16510868393213765
0.15631011538015127,0.8571428396501461,0.002607043283646894,0.0014562185413667195,0.013152604674827621,0.0004401569091826646,0.5642701055233231,0.18172381281366004
0.08821447913184162,0.3469387684298211,0.0053025342026952315,0.003900319794602211,0.0722072253152545,0.0004029663312702643,0.27995635396862373,0.5420562998389323
0.21520938310924512,0.4489795826738861,0.003402630927547674,0.0027448951975651975,0.04394348400310312,0.0006070718059874071,0.1677560671651621,0.49948062626974427
0.06488397667371877,0.5306122340691382,0.0002671627735208729,0.00333799511723581,0.0120039055765894,0.0006370594162824905,0.3986927371511988,0.457943596318889
0.2414190645912127,0.5918367226155771,0.002989187635886721,0.005910929902167601,0.014226638331680355,0.0004413455227735287,0.007625238003479607,0.718587686813879
0.2392614575839204,0.020408162848813003,0.00024166379291391484,0.006930049753689013,0.0010625466658703536,0.00036529246837504125,0.09586066917213625,0.6760128054976415
0.5074843947899971,0.5918367226155771,0.006617107023528668,0.002070375460597648,0.01928378611167412,0.00027650163047354063,0.6448798831441948,0.26064409049499004
0.40709533907062145,0.5918367226155771,0.014242611557028854,0.00041886439630317086,0.05039917293520191,0.00019405144850602677,0.10675374759301985,0.6240917161223101
0.23952318503212608,0.6530612111620161,0.006330356365150366,0.0017701339532433698,0.026391361782023108,0.0008373886506340898,0.1448799376104179,0.6427825477345968
0.16341254625133345,0.9999999795918372,0.005726934901576963,0.0006792505535204879,0.018689334328335843,0.0005392774063693347,0.1525051756138975,0.616822003046931
0.22597620064797228,0.5306122340691382,0.013972444613223995,0.0048699769279731565,0.019326862327858053,0.00024257766476194908,0.04248358760347363,0.7030112015506894
0.337733416246475,0.4897959083715121,0.013449073000373797,0.0016171539387788618,0.007495261616004386,0.00035511881222185084,0.4063179751546784,0.2461054565971826
0.3706988974283705,0.6734693740108292,0.006800316261471769,0.0013563736678910824,0.040032163573601974,0.00012540661181178813,0.5108930239546605,0.19314651585646903
0.12560836242633105,0.5918367226155771,0.00048379644477388514,0.0016406869792614717,0.005645856067840853,0.00039622777992341597,0.3888888003546814,0.46105873492093674
0.23068051456139088,0.9999999795918372,0.005533726812480574,0.0019942403493364625,0.006461432427589988,0.00015258793347212052,0.5577340091442097,0.18899273363608843
0.08035511655889223,0.28571427988338205,0.019499732429512074,0.036582483030023344,0.010875308712570348,0.0020149552060666344,0.49455340632333505,0.3894081703149858
0.24541594867555927,0.5714285597667641,0.0016499250502569262,0.0009890219618277386,0.008356785939683052,0.002026360977607807,0.13507600081390048,0.6240917161223101
0.1872028764117476,0.5306122340691382,0.15917347580802266,0.1790771807589289,0.04103153178906922,0.0036480283489673804,0.1666665099964905,0.7383179542974492
0.23694112687381272,0.6734693740108292,0.009282531928532544,0.0007774013192160894,0.0032737924299789272,0.0009490047700388448,0.11982552480694127,0.6126690130795012
0.26689301500309204,0.8163265139525202,0.0068423940944112496,0.0019960327434495498,0.0020102234219168853,0.00042433364927452763,0.10893244638605766,0.6728968746426431
0.19973116791381762,0.3877550941274471,0.002077391739342937,0.001764481762839214,0.03965309287118336,0.00017184089889110915,0.5032677859511808,0.21183813972170637
0.20288623343940385,0.6734693740108292,0.004544229527578938,0.002651418116465391,0.012965941071363906,0.0002511257486810513,0.5708057863581311,0.15160948590561374
0.17596913899441968,0.6122448854643902,0.016763370902484618,0.005055476161942128,0.01579174085302993,0.00018030668678677668,0.5305008975476952,0.3167181698377514
0.19492783338895325,0.7142856997084551,0.002568909422701048,0.0023719464963783284,0.014617196025081351,0.0012302331282445515,0.13289771756516805,0.6251295674876922
0.07151244608815702,0.9183673281965852,0.030503917880989575,0.04056805193555847,0.009310206191220773,0.0003454574934884277,0.7396514106919647,0.330218160117226
0.12653508470813996,0.12244897709287803,0.0036775420292807673,0.0013336971225964924,0.06220205616959962,0.00013380453382961968,0.30718946556513815,0.3603324870252723
0.3067345508601511,0.2653061170345691,0.010976151159532611,0.0017741360952581676,0.012377232783516821,0.0005916963033134748,0.10675374759301985,0.6292833497080729
0.13724531663089015,0.32653060558100805,0.004051058335004405,0.0028412448541034014,0.024151398540458578,0.0005621965510699924,0.1786491455860457,0.45690574495350683
0.19716326037601237,0.3061224427321951,0.0038247741574298786,0.002352984496636307,0.08563551777365931,0.0004022523176744591,0.13834425677560985,0.6240917161223101
0.07151244608815702,0.7755101882548942,0.0009892746637279906,0.0006924780541065368,0.03323186491203171,0.002114850242759411,0.12309378076865066,0.62824470608974
0.17154780375905207,0.4897959083715121,0.0045771781558843335,0.0020855101033801994,0.02573085980053613,0.00033292863005611386,0.5751631839442067,0.20353057528094518
0.36245753556592436,0.4693877455226991,0.026333580788199886,0.001294508473349245,0.012701740278769118,0.00023438264865293623,0.003921533164176425,0.7403944492811642
0.1754598009864055,0.20408162848813005,0.0052636466944064675,0.0037027608759847277,0.04215725690534268,0.0003179495240582168,0.04466228639651142,0.7144339045934984
0.23791736789437223,0.3061224427321951,0.0033311247287303677,0.0030357864307131157,0.0012922864855179977,0.00028444874013979036,0.642701184351157,0.2949114073704663
0.15895584289772333,0.28571427988338205,0.007855512840318084,0.0006435043467756859,0.029981046464017544,0.0004626379615801911,0.5043573431198525,0.33644843732132157
0.23271786659344756,0.6734693740108292,0.0083924014829316,0.00015912218402653632,0.009735224857568916,0.00025465517783458946,0.11655768438953726,0.616822003046931
0.19338566874440266,0.6122448854643902,0.009937698054604323,0.000354736195255507,0.00689219458942932,0.00030857646237442414,0.15032689236516505,0.7102801223731178
0.04359790155790664,0.9999999795918372,0.0038612954909042164,0.004410509624398877,0.012426052495191945,0.00024547299373585407,0.5468409307233261,0.1713397533891839
0.23533530973605887,0.7142856997084551,0.004380198357044121,0.005925290842683077,0.007523979093460342,0.0007116574854410653,0.14052295556864766,0.5887849633755504
0.24492781129922409,0.14285713994169102,0.004030610180806694,0.002135805592431399,0.005599908103911323,0.0003179245451111084,0.1394333983999761,0.6656279538202148
0.15198075074505854,0.7551020254060812,0.0011878666427367881,0.0012719253726964238,0.012991786801074268,0.0012874736729198697,0.11002158801042387,0.639667409132549
0.23281690407094877,0.8163265139525202,0.002565828845774002,0.001625421126645142,0.0021538108091966627,0.00022500920267764962,0.5413943915128843,0.17549274335661383
0.11799659354713471,0.6530612111620161,0.0023600542950145582,0.00195588350265169,0.012865429900268064,0.0005342499128994093,0.14052295556864766,0.6209757852673117
0.12134973402772337,0.18367346563931702,0.028893884044468895,0.04086290125133051,0.01231979782860491,0.005313413393191644,0.04575142802087764,0.8026995980809717
0.15741367825317273,0.3877550941274471,0.0012984225403079015,0.002363055214505627,0.04764229509943018,0.0010220363133513807,0.15577343157560689,0.5856698247735026
0.09852857801064241,0.3469387684298211,0.007225946412700935,0.004266604876075837,0.02888691057294564,0.00012906890974936807,0.7592592842849996,0.20456921889927798
0.08367288892123838,0.14285713994169102,0.0012701805612150574,0.002258949168531533,0.05165699844777276,0.0003414153234090537,0.8366012214884672,0.18587759503404064
0.3983800073184036,0.6122448854643902,0.012277665390461096,0.003094973685806144,0.002699442880859817,3.6904857186630044e-05,0.11328984397213325,0.5939773892142638
0.13694820419838652,0.6326530483132031,0.0075079744459322275,0.002661923134042825,0.013164091665810002,0.00039328672026172793,0.6339868047233111,0.28141220934394234
0.31136104479380294,0.5102040712203251,0.006701744745864757,0.003732868449060967,0.029607719257090125,0.000687383540292974,0.10348590717561584,0.6355136269121684
0.21876766542206255,0.6530612111620161,0.0033240605872764655,0.0005557825841043703,0.04054907816780917,0.0020087957820012063,0.11111114517909546,0.6344757755467862
0.23149403187913503,0.4897959083715121,0.003234985375493153,0.002598804425627735,0.03115846303971172,0.00036789934815356884,0.13616555798257207,0.5825546861714548
0.3115449522622418,0.36734693127863405,0.008329796658030887,0.0020768918928958774,0.03715180058476963,0.0005187748787285376,0.1677560671651621,0.5119419729308861
0.1013582298627088,0.3469387684298211,0.0019083774664688572,0.0018650194823374956,0.03061857446353976,0.0006597132077065587,0.02941181038955221,0.8805812321439689
0.23706846559233014,0.3061224427321951,0.010944428510545421,0.0029712152149130268,0.027482625925349415,0.00012595422719070224,0.442265881923344,0.44859818051274564
0.32820456717651303,0.2653061170345691,0.014102394947924424,0.002451672690064358,0.0009476767560465316,0.0009868889940978696,0.016339617631325427,0.7237801126525925
0.1350664921258634,0.6326530483132031,0.0011853348044280885,0.00214001011714184,0.007868588822931807,0.001898020300239521,0.1274507628104209,0.6116303694611683
0.20883558269881397,0.6734693740108292,0.004825360824663034,0.0005716003895269991,0.0007753718913107986,0.00034592200583176977,0.11437898559649946,0.6220144288856445
0.09361912226499505,0.8163265139525202,0.001211301602072333,0.002513045000433552,0.007811153868019897,0.0010787141015629218,0.11394332894675299,0.7227414690342596
0.11761459425763794,0.22448979133694305,0.00461925911455012,0.003388912763616916,0.02911952214033888,0.0006774275084128216,0.15577343157560689,0.5960538841979788
0.3933007609927146,0.4285714198250731,0.01867971549800719,0.002978506801985717,0.02139452070468685,0.00017174832307021064,0.09694981079650246,0.6521287557936908
0.36225237686764017,0.3877550941274471,0.013961143376109443,0.0010653028079965529,0.11845959450581645,1.8107238758852148e-05,0.5468409307233261,0.20145328804427953
0.2457130611080629,0.5714285597667641,0.011859116745831982,0.000256948556406155,0.0002010223421916885,9.945828940987394e-05,0.5370369939268087,0.20872300111965858
0.29364740261131633,0.6122448854643902,0.0014011832237721886,0.0023320441818359184,0.007581414048372253,0.0006408037412394595,0.1394333983999761,0.5898236069938833
0.09603140670932217,0.32653060558100805,0.0026459967794910293,0.001408306132765174,0.003216357475067016,0.000611353658671573,0.5620914067302852,0.24922138745218106
0.23045413836537226,0.6530612111620161,0.002417544389768189,0.0006314582188627687,0.014416173682889662,0.0009426953762178928,0.15141603398953127,0.5877463197572176
0.21179257326939777,0.2653061170345691,0.0064609874135798835,0.0028260341967677014,0.017603813680500725,0.00041326822549499404,0.3082786071895044,0.6645901024548326
0.5724674173742448,0.6530612111620161,0.014957645760968072,0.004332466402602932,0.011400838550014334,0.0013980843512743635,0.14161209719301387,0.5877463197572176
0.15011317242698813,0.4693877455226991,0.005056768762260639,0.0031495153381128206,0.009017287921170028,0.0002543824077321661,0.5664488043163609,0.21391463470542132
0.052610354175655814,0.5102040712203251,0.005791824632408118,0.006842897858081744,0.010631210154194727,0.0005014597223824917,0.532679596340733,0.31983410069274987
0.19132709921461155,0.6734693740108292,0.0016064635624721982,0.0025380939744569717,0.018465338004179384,0.0005199938513474257,0.12200422359997908,0.606437943622455
0.2667868937823091,0.6734693740108292,0.0089587691976497,0.002131561850021563,0.010714490838816997,0.00035785473708405515,0.12200422359997908,0.6323984883101207
0.1944255622581654,0.6122448854643902,0.0042601774129123774,0.000905062193283568,0.021250933317407072,0.0014050938281244642,0.12854031997909246,0.62824470608974
0.07869977224936003,0.32653060558100805,0.008563010570828113,0.006880943868186127,0.0035609672045384825,0.0002724512365561955,0.7603484259093658,0.2596054468766572
0.18513722313867473,0.6530612111620161,0.0016155934617121293,0.0013069937426615599,0.08982826948222881,0.0015231178160455023,0.1666665099964905,0.5867084683918354
0.1979131083344978,0.22448979133694305,0.019667122019312342,0.012774637833554212,0.021805180632307013,0.0008685752503903747,0.11546854276517104,0.716511191830164
0.14954724880299702,0.6530612111620161,0.006945804928947401,0.001306908044725845,0.046895640685575335,0.0009346447576377411,0.5697166447337649,0.183800307797375
0.22405205357998034,0.5306122340691382,0.0016937442600523484,0.004550265043292106,0.010315317902179216,0.0004403257476505424,0.5174291203337739,0.18899273363608843
0.26344792078828394,0.10204081424406503,0.15844679306404588,0.11952182156101125,0.026618229853925153,0.00027990043894827673,0.7167752811372206,0.40290736834150975
0.06312251957643132,0.32653060558100805,0.007034537352745707,0.006968660789166159,0.013123887197371665,0.0007253813224884684,0.358387848340763,0.5306335967961234
0.23068051456139088,0.24489795418575605,0.035584917968188204,0.028931017885934735,0.03806788811561462,4.250801931452978e-05,0.030500952013918427,0.7829701228503522
0.2439445202674937,0.8367346768013332,0.021661825100323086,0.019049063034677988,0.00615128367106567,0.0004875896432070564,0.5806097231546485,0.1287640798199958
0.4148910322843121,0.3877550941274471,0.020948697589431162,0.0006015801419533589,0.05729136752463123,0.00025829076751333814,0.1677560671651621,0.5077881907105054
0.1763582220271982,0.9999999795918372,0.017647743065622157,0.012347240924702432,0.011024639595341317,0.0007030853448744402,0.5446622319302883,0.19106922861980338
0.017996603994482167,0.9999999795918372,0.0023276293995170535,0.004723868725947073,0.03629889150432775,0.0002919887121827484,0.5457513735546545,0.17549274335661383
0.2154640436802245,0.6122448854643902,0.005036184812620035,0.003814875079341444,0.019700189534785476,6.267313902361704e-05,0.15359473278256908,0.5887849633755504
0.43413267162478586,0.4693877455226991,0.023841331539693523,0.0018201166690376656,0.03370283154230938,0.0005354364128870565,0.15577343157560689,0.5430941512043145
0.3069680107994515,0.5306122340691382,0.007528148578123687,0.001057347909218047,0.03405892826276322,0.001354566029622174,0.11328984397213325,0.60436144863874
0.4073924515031251,0.5510203969179511,0.01642633425388456,0.001469853228189696,0.018614668886950358,0.0005382232948013618,0.49346384915466346,0.22429869412989747
0.09867005048361246,0.32653060558100805,0.021771499890378538,0.021860700946583846,0.011906266153239151,0.0004834327429021561,0.6721129947407092,0.42990655664750826
0.23173457556171717,0.3061224427321951,0.005447602633634027,0.0030601958173180075,0.03937166159211499,0.0003988407699366977,0.1448799376104179,0.6936657857445461
0.41828660776036963,0.4081632569762601,0.025434330167840854,0.005223671675433619,0.01780483602269241,0.0004502211575475204,0.4150327703268296,0.22429869412989747
0.20920343136780264,0.6734693740108292,0.007202805618941174,0.001816331434792361,0.015220263051656416,0.0002806478859040577,0.12854031997909246,0.6292833497080729
0.3329159311011025,0.32653060558100805,0.0054228190970484575,0.0014537129661275979,0.03971627132158646,0.00021287635162987688,0.10239635000694426,0.6375909141488341
0.2555248888560759,0.5510203969179511,0.011914205935478886,0.0023073031393781186,0.05203606915019137,0.00046803187698962154,0.1274507628104209,0.6801657954650715
0.2562252349418661,0.8979591653477722,0.0004848452996013574,0.0016723361468423226,0.006231692607942344,0.0005360503185486812,0.12962946160345867,0.6012463100366922
0.14225380985403874,0.6326530483132031,0.0011672052445443537,0.006419031994682897,0.01704669461785519,0.0006624219631601388,0.535947436758137,0.20456921889927798
0.12784378941339017,0.9999999795918372,0.00017819418373492293,0.0019991101224292322,0.014157716385786062,0.0011906450325595412,0.4193897523685998,0.22637598136656312
0.1485993090234537,0.16326530279050402,0.004139343779940805,0.002743734644164584,0.09660559416183431,4.130999058206331e-05,0.6230937263024275,0.2824508529622752
0.13823570827195775,0.18367346563931702,0.005774800190425382,0.0019422299332327085,0.008414220894594962,0.0004875481205111323,0.8877991887197867,0.0010386436183328174
0.22444111974670344,0.6122448854643902,0.005073373315009463,0.0014520406459583367,0.02819769111400271,0.0003813812544909401,0.14270165436168547,0.6593976766161191
0.05372806766918537,0.28571427988338205,0.006284137292156986,0.010449425278119068,0.02165297800179045,0.000551505830711659,0.30936816435817593,0.5835925375368369
0.3379173574470248,0.6530612111620161,0.006922361981644626,0.0026407775315320237,0.012693125035532332,0.0010171202452001332,0.11982552480694127,0.6458984785895953
0.18887944665204193,0.24489795418575605,0.007791945986320651,0.0018046193835779933,0.026908276376230306,0.0005042580753978922,0.03594749122436024,0.7050884887873551
0.06374504568245479,0.9999999795918372,0.0018532813307634934,0.001406519064512498,0.000516914594207199,0.0003984216616333688,0.5544661687268057,0.1921078722381362
0.05655064421099772,0.22448979133694305,0.0026057579155288556,0.00443590913687121,0.019111481246938386,0.0013223432070669607,0.002178698793037797,0.8847350143643494
0.29617994203087905,0.040816325697626006,0.005254554303882221,0.0022928879719202695,0.04487393027267607,0.0006234722909340689,0.48910645156858784,0.2346835458073243
0.09637095413729466,0.6122448854643902,0.00581991136709438,0.0035779972699811918,0.005542473148999412,0.0003898239272532451,0.6339868047233111,0.28141220934394234
0.5158672291254133,0.9999999795918372,0.022511265535464876,0.0017441950763620745,0.004623513870408836,0.00014103055893657505,0.5490196295163638,0.19522301084018398
0.10467600222505495,0.7551020254060812,0.002201756053829769,0.00039978329095557985,0.03821721899838558,0.0016122772855625982,0.13616555798257207,0.6137068644448833
0.1979272589550059,0.10204081424406503,0.014625412311793158,0.00014215205607847578,0.07612428924024686,2.7624409752885337e-05,0.1862743835895253,0.7092422710077356
0.21576115611272814,0.18367346563931702,0.017003180097789693,0.005641267548620558,0.009304462695729583,0.00019991458382960045,0.4509802615511898,0.48182764602283973
0.03273910498587689,0.3061224427321951,0.003820473852637241,0.0013740187276040383,0.010367009361599936,0.0003757191036187152,0.06688447387789999,0.727933894872973
0.08500989486750478,0.5510203969179511,0.006190997594265757,0.00906305055435998,0.010309574406688025,0.002653817141601614,0.12636162118605465,0.6095530822245027
0.14806166977442337,0.5102040712203251,0.004398209486631111,0.002419004346468367,0.02234219746073338,0.00045237949229428047,0.6220041691337559,0.27518193213984676
0.0766694955275574,0.9591836538942112,0.0015536040575909803,0.0018693237458883732,0.0013497214404299086,0.0009470689016379467,0.5435726747616166,0.19937679306056458
0.25414541418222975,0.6734693740108292,0.0036671298876491056,0.001723558819774279,0.006317845040310211,0.00036684120152490914,0.4553376591372654,0.21391463470542132
0.04294708264389469,0.18367346563931702,0.004661711687343521,0.004036769790856313,0.024811900521945554,0.0006682965503702331,0.45860549955466945,0.41952249722303214
0.06878890702384588,0.8163265139525202,0.0014221238535147185,0.006327073752138671,0.01578599735753874,0.001210094755223445,0.002178698793037797,0.7113187659914506
0.4523981036768109,0.3469387684298211,0.018379079668767184,0.002805776560438262,0.016802596059479563,0.0006541480904365624,0.09041371441738906,0.6677052410568803
0.21299517361992046,0.8367346768013332,0.007862823566847319,0.006161972079377225,0.01648383205971846,0.0005785531499280423,0.5413943915128843,0.16614732755047049
0.12802771374788452,0.2653061170345691,0.007219934599103734,0.002656510123188066,0.04778588248670996,0.0008506884604470409,0.14705863640345568,0.799584459478924
0.18921192720278807,0.5918367226155771,0.0030553592618066845,0.0012141025062070362,0.040543334672317986,0.0015238143251637567,0.09368197037909844,0.6427825477345968
0.1626273301746055,0.4693877455226991,0.003456799764448617,0.0020170786071199145,0.06261271609721977,0.00047330704632741376,0.16339866957908647,0.5597092800858369
0.1222410713252343,0.3469387684298211,0.01028661593620035,0.00529533354811814,0.017402791338309034,0.0020638067250722063,0.4084966739477162,0.4537898140985084
0.17762449173697958,0.3877550941274471,0.0002003486371933519,0.0015348059692629106,0.054454080751982825,0.0003779928218865413,0.5501087711407301,0.21910706054413473
0.3072863407296896,0.36734693127863405,0.006183669502590371,0.0029069127129791633,0.015450002871304061,0.00026408711297525907,0.5577340091442097,0.20768435750132577
0.2225169726787115,0.6530612111620161,0.006007368119785821,0.0006521806575554076,0.022945264487308447,0.001430482429965404,0.12962946160345867,0.6251295674876922
0.12195104263601242,0.7551020254060812,0.0035095550784529335,0.0032004596137959855,0.03201424386789919,0.0012719146326284148,0.14814819357212727,0.6479749735733102
0.04190718913013194,0.3469387684298211,0.001434246114739252,0.002946096036365999,0.02446729079247409,0.00045718755532114634,0.11002158801042387,0.6147455080632162
0.13953026235669988,0.5918367226155771,0.005535459854066365,0.00185431450291006,0.008184481074947318,0.0005177388288607815,0.6525051211476743,0.24195246662975267
0.15698924396820713,0.9591836538942112,0.00021313633081836137,0.00228621757383923,0.024811900521945554,0.0007610618269752947,0.1394333983999761,0.5960538841979788
0.4432441532870085,0.2653061170345691,0.023495174716335377,0.0008178875417272684,0.01666475216769098,0.0006973964473142347,0.005446539210441809,0.7289717462383551
0.22036641568259008,0.3877550941274471,0.009055579887437082,0.00471933980792065,0.00970650738011296,0.00016002205242306324,0.8747274115058652,0.008307564440761193
0.30184632947829365,0.28571427988338205,0.010628087643127173,0.0001301349783132586,0.04029062087070557,0.0007347972326738392,0.007625238003479607,0.7352028156954014
0.23874501896656902,0.7346938625572681,0.003531581029829851,0.0014084334692459255,0.009907529722304648,0.000385410742951013,0.1448799376104179,0.6137068644448833
0.09919353911213473,0.8367346768013332,0.0019969094964805913,0.0031484443560009486,0.061713859052848374,0.0016666864281540338,0.002178698793037797,0.7196263304322118
0.3876768085407689,0.7346938625572681,0.006527679993884353,0.0023182971677751687,0.022212968812181582,0.00020994901117452375,0.5283221987546575,0.17445489199123168
0.12055036733048732,0.4489795826738861,0.003129269491457024,0.002427239095003049,0.012865429900268064,0.0009450663586628439,0.003267840417404012,0.720664181797594
0.1625070583333144,0.6734693740108292,0.00176291693052999,0.0020131268186944634,0.02667853655658266,0.0007114951414994356,0.11111114517909546,0.6054000922570728
0.3051853024723188,0.4081632569762601,0.014221551107777888,0.002905291230568377,0.006719889724693588,0.00012084891469324688,0.003267840417404012,0.730010389856688
0.15378465970387029,0.18367346563931702,0.009475229482332117,0.01397255940749237,0.042722991211225,0.00042834132919231745,0.08714587399998505,0.7507785087056402
0.08579512781028817,0.28571427988338205,0.0050608127574960984,0.007967085315466119,0.012635690080620422,0.0008859152511815061,0.11002158801042387,0.6147455080632162
0.09303904802049585,0.7346938625572681,0.001838302502997251,0.002151748797658265,0.014416173682889662,0.0013634961953591608,0.13289771756516805,0.6074765872407877
0.10620401624909746,0.22448979133694305,0.0023287147211514406,0.00552555596864033,0.011745448279485801,0.0008893592715505084,0.12200422359997908,0.6770506568630237
0.2241935260529504,0.5918367226155771,0.0064333351548503,0.0020046974341701913,0.03282407673215714,0.0005709191994002327,0.14052295556864766,0.639667409132549
0.035158456307430336,0.3061224427321951,0.001339366776506696,0.003497056780121304,0.009333180173185539,0.00026859907940601725,0.7276687751024096,0.26479708046241995
0.13005799890271486,0.7142856997084551,0.0014652501939787475,0.003660987731930441,0.019384297282769965,0.0018056373936709642,0.13834425677560985,0.616822003046931
0.13734435410839138,0.4693877455226991,0.00045001776248251033,0.001587788112807228,0.0037907070241861266,7.952624249188239e-05,0.8703700139197896,0.07497398650873076
0.33353137346384426,0.6734693740108292,0.005488560067343896,0.000860813976645244,0.03163804491322618,0.00017008338017256475,0.5708057863581311,0.15160948590561374
0.18700480145674517,0.4489795826738861,0.004201267891112429,0.0005381249359940773,0.01257825512570851,0.0002448134726738945,0.8888887458884582,0.07487020137219255
0.06947509405610033,0.4489795826738861,0.004621964951623245,0.003783617120416286,0.0038481419790980373,0.0015841352351673287,0.3464052127512078,0.5254411709574099
0.09223259757997804,0.6326530483132031,0.001314718688061098,0.0014492586101469372,0.0006892194589429321,0.0004669258284262379,0.6274507083441977,0.27518193213984676
0.1886813716970395,0.6326530483132031,0.007938900272131358,0.00046564965917395804,0.022250301532874325,0.0003265036605683491,0.11982552480694127,0.6770506568630237
0.22272209764488485,0.3469387684298211,0.006746883706767595,0.002497925366893979,0.009505485037921271,0.0009109718251716517,0.5490196295163638,0.2990651895908469
0.1384196326064521,0.6122448854643902,0.00497512756954423,0.005816609398446239,0.016489575555209652,0.0005559816353128341,0.1525051756138975,0.5939773892142638
0.2696943656141423,0.8571428396501461,0.006061085462886859,8.119032113010764e-05,0.005709034518243954,0.000336216147714195,0.11982552480694127,0.6199379339019295
0.12926569908270513,0.9999999795918372,0.0017092652276813997,0.0001717154230544694,0.009439434839772573,0.00023198476580340685,0.5544661687268057,0.19003137725442124
0.311608638487556,0.6734693740108292,0.01077233296613845,0.002053142428812903,0.008971339957240499,0.0003340999505297492,0.11655768438953726,0.5981311714346444
0.1687818212662444,0.6530612111620161,0.009400677436880065,0.0008462211191172971,0.019958646831889075,0.0004671122674445398,0.14596949477908946,0.6998960629486416
0.13705432541916948,0.7551020254060812,0.0028101831944324297,0.0022564770009622665,0.024619493422990652,0.001241115879062424,0.5446622319302883,0.19522301084018398
0.17961232503028565,0.24489795418575605,0.004915604016176409,0.0022059616991268044,0.03776348285458148,0.0003656033986228162,0.6023962955407212,0.16926246615251825
0.10183219975248047,0.6530612111620161,6.274721909914346e-05,0.0065785366723208165,0.00427890414093737,6.071056236388768e-05,0.5468409307233261,0.19730029807684962
0.23768390795507185,0.8163265139525202,0.0075981127519628554,0.0008024328631508891,0.010481879271423758,0.00011719526331428135,0.5141612799163698,0.1921078722381362
0.18094226409932573,0.5918367226155771,0.0044890222549382125,0.004271485300889431,0.00034460972947146604,8.604805343612892e-05,0.14814819357212727,0.6469363299549774
0.40265278633751944,0.22448979133694305,0.009569143665741645,0.0012058416125394242,0.00913215783099385,0.0004935478522462393,0.5686275031093987,0.2866046351826557
0.054520367489195094,0.24489795418575605,0.002151831605950858,0.003271028232588731,0.04741255527978253,0.0010985879283195762,0.08246181703546067,0.7331255284587358
0.167515551556463,0.16326530279050402,0.017695695180201327,0.005611370104946015,0.01895353512093063,0.0003509949802000073,0.6470585819372325,0.30218032819289464
0.22621674433055441,0.28571427988338205,0.009961655010233142,0.001785571201731129,0.11194072712331454,0.0004983912893051256,0.5991284551233171,0.21702977330746911
0.33067342037076164,0.6734693740108292,0.003182020637826265,0.0017489438071727613,0.010068347596057998,0.0005615152022511751,0.5032677859511808,0.20872300111965858
0.10467600222505495,0.6734693740108292,0.003001183478847281,0.00317893200184293,0.009562919992833183,0.00012798789777681695,0.6187363287163519,0.23572139717270646
0.17681804129646178,0.8163265139525202,0.004112404186809226,0.0015438952763091002,0.008689908678172136,0.000104644687412558,0.13725469960693829,0.5950152405796459
0.08075835021217885,0.7959183511037071,6.514708229710151e-05,0.0053364637155700004,0.0058009304461030115,0.0005080029383629525,0.12962946160345867,0.5991690228000266
0.10516410586927927,0.18367346563931702,0.006694788268316986,0.0011137729794339377,0.0004307621618393325,0.0004986939188566308,0.7679736639128454,0.26064409049499004
0.146314363297644,0.5306122340691382,0.010730069673438085,0.005297822177437769,0.00970076388462177,0.0004048414816151144,0.6557733771093838,0.26895086268280055
0.1887945597950488,0.5714285597667641,0.0017341602485052537,0.0006452473556376835,0.019068405030754455,0.0006809841261895584,0.11655768438953726,0.6438211913529296
0.13321306442830108,0.3877550941274471,0.0021996753620180513,0.0035305225502716593,0.05172017689817586,0.000850384812523077,0.1677560671651621,0.5877463197572176
0.12206423073402173,0.4897959083715121,0.002007879406606597,0.0015104285378204885,0.03517890988354549,0.0002220985789022844,0.5980388979546455,0.21599192194208697
0.13108374179596952,0.7142856997084551,0.026829077868449777,0.03054639008232133,0.011745448279485803,0.000581152113301794,0.6459694403128663,0.08930433710580614
0.2338355800869771,0.3061224427321951,0.01131999841845278,0.004386268244481517,0.0016943311699013747,0.00048629533024077443,0.44117632475467244,0.2554516646562766
0.20279426283912896,0.6530612111620161,0.007855794155685717,0.0037444091044039054,0.013290448566616205,0.00035503288464379813,0.12309378076865066,0.6303219933264057
0.1925580008061504,0.2653061170345691,0.008154230862817257,0.005233887644041439,0.017776118545236457,0.0004937706644544459,0.501089087158143,0.21495327832375413
0.09435483646902784,0.2653061170345691,0.01132411048506115,0.004315835193044705,0.0349807592890994,0.00035439692065041917,0.21786489277211532,0.6137068644448833
0.12055036733048732,0.6734693740108292,0.006031457050525382,0.0016491914100006354,0.011716730802029845,0.00024655392885010647,0.023638320919647855,0.730010389856688
0.14760893424844154,0.8367346768013332,0.0015652630167162266,0.0006489318827042952,0.011372121072558378,6.273443351690603e-05,0.535947436758137,0.20768435750132577
0.17081917329830104,0.7346938625572681,0.0027673208041898837,0.00048313784808933456,0.011400838550014334,0.0013751148643879952,0.13180816039649648,0.6116303694611683
0.06997735675386046,0.24489795418575605,0.0021209303283765716,0.0025632881992188913,0.026534949169302883,0.00030204206588374993,0.9749454782640771,0.1505708422872809
0.2740520483563066,0.4693877455226991,0.010164757759605916,0.0012728946792913455,0.005080121761958528,0.0002424890855725879,0.6416120427267907,0.28971977378470354
0.2780135474563552,0.4285714198250731,0.010009041021047816,0.0015363703197165536,0.00855780828187474,0.0005680254844506024,0.04139444597910741,0.7310490334750208
0.1543859514461039,0.6326530483132031,0.0010359942002334198,0.004097615325213881,0.006518867382501899,4.6655869554746905e-05,0.12418292239301687,0.6188992902835967
0.13979909041424277,0.2653061170345691,0.013231685681777867,0.007547170272154465,0.012664407558076376,0.002023915346540151,0.5718953435268027,0.28556599156432294
0.14745329428890797,0.08163265139525201,0.0019558815602773523,0.003071699675807192,0.01734822813114272,0.0003087301789720141,0.14161209719301387,0.718587686813879
0.3182583169667009,0.28571427988338205,0.019556881125492392,0.0023808290632067195,0.010481879271423758,0.0006657091157413007,0.12200422359997908,0.7019733501853073
0.1935412918378808,0.3877550941274471,0.0017447665324708747,0.0021989267216921305,0.026417207511733466,0.00037005003549959883,0.4302832463337888,0.41744520998636647
0.34529568325297616,0.22448979133694305,0.017601312137845743,0.0001944132717907056,0.016627419446998234,0.0005188926640714408,0.6176467715476803,0.2866046351826557
0.32925154443355753,0.4489795826738861,0.01033091095100029,9.60882052089043e-05,0.023232439261868,0.0008870781172422739,0.18191698600344972,0.4371754774699367
0.19631435807397027,0.10204081424406503,0.007993815810316761,0.0027872551546030237,0.05594164608420132,0.00017489586255161132,0.5882349611581281,0.16510868393213765
0.20293575217815446,0.7142856997084551,0.006079755426118788,0.0018956867549260877,0.0007466544138548431,0.0005658602132423761,0.13289771756516805,0.62824470608974
0.2085172527685759,0.22448979133694305,0.002958652762896204,0.003095514502722492,0.06943886048850041,0.0004940535990668849,0.27886721234425754,0.523364675973695
0.2574915046516475,0.5102040712203251,0.012749976527571236,0.008418364834911162,0.004336339095849281,0.00013116694916072357,0.16013082916168248,0.5607479237041697
0.39777161496683283,0.020408162848813003,0.028957475209670937,0.007862286907638509,0.04112342771692827,0.0005003563638595658,0.07625279557910143,0.6728968746426431
0.4838779889640773,0.5918367226155771,0.014680855750421527,0.0005267227530218427,0.10378496352582318,0.00026352212762081726,0.11111114517909546,0.5939773892142638
0.28766976897694546,0.28571427988338205,0.00017005340321970777,0.0027403096317507587,0.011196944460077051,3.0086373209034968e-05,0.11764682601390347,0.6479749735733102
0.06377333849044327,0.4693877455226991,0.0022629268649613965,0.0028334264910190848,0.010395726839055892,0.0004689009522032456,0.2679737183790685,0.5451714384409801
0.12952744339696626,0.8367346768013332,0.0023122994484956537,8.608527101755107e-05,0.06036413761241847,0.001371287321108006,0.13071901877213027,0.6095530822245027
0.303289456645343,0.32653060558100805,0.011602713416865775,0.001574054171312943,0.038423984836068466,0.0008796028791014758,0.47276683393726243,0.253374377419611
0.1946802396952002,0.16326530279050402,0.007491424767045238,0.0007618449651227603,0.011142381252910736,0.00023584852855670313,0.4302832463337888,0.47040494298003077
0.20857383838455285,0.6734693740108292,0.0022595389249474925,0.0020644119494439743,0.0425305841122701,0.002419717139342496,0.13398685918953426,0.6417446963692146
0.2597339816498775,0.20408162848813005,0.00902121426320583,0.0025575672567985123,0.014387456205433706,0.00010547052983310986,0.8442264594919469,0.1495321986689481
0.1653579445491707,0.6938775368596422,0.009379929560259802,0.002765914916102633,0.0032737924299789272,4.6801516030963363e-05,0.7603484259093658,0.23676004079103927
0.032088286071864945,0.5510203969179511,0.0031651767933634917,0.005472002021355452,0.04778588248670996,0.0021412366382498813,0.6328976630989449,0.2658357240807528
0.2343236837312014,0.9999999795918372,0.002483014463783684,0.004230098523799553,0.0011199816207822645,0.0004910095877139611,0.10893244638605766,0.6178606466652639
0.18986982142705408,0.9999999795918372,0.0063815279778257844,0.0037020878808963456,0.006151283671065669,0.0002600582585961512,0.14052295556864766,0.5981311714346444
0.1624646233378456,0.3469387684298211,0.004452173414807482,0.004582113688553831,0.049824823386082795,0.0010935028679838535,0.6252720095511599,0.26687436769908557
0.04243066932562648,0.06122448854643901,0.002077087154679462,0.005943611802499186,0.01863764286891512,0.0009933487419658393,0.13398685918953426,0.6033228050204071
0.060462641438351165,0.28571427988338205,0.00970244859937537,0.01496815590191374,0.021107345930127294,0.0009790183200097716,0.003267840417404012,0.8857736579826823
0.22487265464100625,0.5918367226155771,0.001831373462380397,0.001947759144678268,0.0017517661248132857,0.000703262599326036,0.13616555798257207,0.5877463197572176
0.205369254120216,0.32653060558100805,0.004393916822502781,0.0010903295102400693,0.02797082304210066,0.0002636646997650819,0.29738552876862073,0.3551400611865589
0.3016482545232912,0.6530612111620161,0.006784482721212014,0.002132617822890456,0.01832175061689961,0.00047000540595692916,0.5250543583372534,0.1671859711688033
0.20238396230861602,0.36734693127863405,0.011707241177602308,0.004673620685470451,0.000287174774559555,0.00030505347010341004,0.6960782659198196,0.26272058547870497
0.0041949632558628495,0.7551020254060812,0.0047110585704614755,0.01504445175732553,0.028375739474229632,0.0005781813479076218,0.13616555798257207,0.6054000922570728
0.1543859514461039,0.28571427988338205,0.009621068925759983,0.005018388806711844,0.039543966456850724,0.000397656345123118,0.6154680727546425,0.3509862789661783
0.32475238921842314,0.6530612111620161,0.007092762687787338,0.0005532310127980572,0.01002814312761966,0.0004221928190053181,0.1546838744069353,0.5752857653490264
0.31575407878815437,0.3877550941274471,0.03014849501564568,0.018968080906273062,0.028401585203939993,0.0013445272213542193,0.45315896034422765,0.22845247635027807
0.16663836487946015,0.28571427988338205,0.014027360151409398,0.014033050530048,0.055453448967450074,0.0017560203660093945,0.003267840417404012,0.7258566076363073
0.021201188258819007,0.6530612111620161,0.002162116982015623,0.005799249030180743,0.014358738727977752,0.000958888170826636,0.28322419438602775,0.5316714481615056
0.24689442709479573,0.6326530483132031,0.007038857801107878,0.0016644480634035266,0.0033886623398027495,0.00034971563538741565,0.04684098518954922,0.7092422710077356
0.3335525909615787,0.6530612111620161,0.006248073356632244,0.0018287319745072174,0.007552696570916297,0.0005838573332736296,0.1623091124104149,0.5846311811551698
0.3689586578288175,0.4693877455226991,0.011941594243986987,0.0012134358053173223,0.0024984205386681287,0.0001814489932526168,0.5337687379650993,0.23987517939308706
0.45508628305590726,0.4693877455226991,0.020826690072579836,0.0009580012457754636,0.05884211130725282,0.0002922721271595548,0.13507600081390048,0.7227414690342596
0.44298950958208455,0.4897959083715121,0.01748636876244832,0.0005743262617195122,0.06717017976947992,0.0003194121374842849,0.15795213036864467,0.6012463100366922
0.06903650071759891,0.8571428396501461,0.0030334718842960455,0.0017707275445947056,0.017919705932516232,0.0007765510799314434,0.13289771756516805,0.6022841614020743
0.15109648032477394,0.5918367226155771,0.00495927735874417,0.0019056509555871748,0.02580265349417602,0.0007854779791907313,0.5043573431198525,0.3281408728805604
0.364141172683445,0.6326530483132031,0.008218388826389646,0.002558803340583146,0.010909769685517495,0.0007702025844509796,0.49999994553377686,0.2211835555278497
0.2641907018695431,0.18367346563931702,0.013953294330049552,0.004333333065342648,0.035236344838457404,0.0006327663038575509,0.5980388979546455,0.21702977330746911
0.43531407134362954,0.28571427988338205,0.013065060158408208,0.003873464385560982,0.0008902418011346206,0.0005310756651591773,0.056644921986066625,0.732086884840403
0.09845782490810194,0.4285714198250731,0.0030359318308996837,0.002361453583029102,0.16558497501103941,0.0015813360559252163,0.14161209719301387,0.6323984883101207
0.14983021061499258,0.3469387684298211,0.0027839698117128517,0.0019115626606441163,0.017259203951029256,0.0002575285253350391,0.13071901877213027,0.6230530725039773
0.11970146502844523,0.6326530483132031,0.0011268052320259061,0.001692590393987864,0.03417379817258705,0.0012278839543418834,0.1394333983999761,0.6313606369447385
0.11856253403718126,0.9591836538942112,0.0023835573257230116,0.0020789786618389916,0.0076962839581960745,0.00038061766729241217,0.5457513735546545,0.19730029807684962
0.15713780018445894,0.7346938625572681,0.005339303163153672,0.004396705962550112,0.00964907242520105,0.0007931800069566986,0.14596949477908946,0.6272068547243579
0.05766129082730095,0.8163265139525202,0.0016143067043823986,0.00229387228775817,0.04247314915735819,0.0013418025562327886,0.11111114517909546,0.6137068644448833
0.06010186807961653,0.2653061170345691,0.017909665038034896,0.025842381974018464,0.005341450806807723,0.0002726321417769841,0.12930276067057933,0.8047768853176374
0.1628536895045687,0.08163265139525201,0.00185214565020527,0.003447264826963571,0.07489518120513194,0.0001904051755237455,0.6220041691337559,0.13603300064242416
0.15834746741220795,0.5102040712203251,0.0017666952390293512,0.00543103162971594,0.02191143529889405,2.2612095796971873e-05,0.5827884219476863,0.19106922861980338
0.08264006228470194,0.8163265139525202,0.0013956020657995138,0.0015724326889021568,0.020418126471184364,0.0007400601046838243,0.12962946160345867,0.6074765872407877
0.2682017197083423,0.16326530279050402,0.009934996037863351,0.0028368306841603922,0.023921658720810934,0.00032001874160752413,0.2015248595964845,0.41744520998636647
0.09384549846101367,0.9999999795918372,0.003411401368262295,0.0018964662672227035,0.014703348457449217,0.0007922047904324386,0.5566448675198434,0.19003137725442124
0.13282398139552257,0.2653061170345691,0.0012447996636019206,0.0014143645410680007,0.04658549192905102,0.0007139165622029708,0.04901968398258702,0.7040498451690222
0.08772635862156188,0.2653061170345691,0.144854398566436,0.20536913313536936,0.01157888691024126,0.0003953924262883882,0.11437898559649946,0.7892004000544478
0.3475028089990191,0.3061224427321951,0.008435088485198028,0.000411814893794647,0.09982195163690133,6.314735472718196e-05,0.10784288921738608,0.6022841614020743
0.12431380834158894,0.08163265139525201,0.006403564348290392,0.0014034465272240988,0.01476078341236113,0.00016839134472459367,0.5043573431198525,0.3385257245579872
0.23775464419155687,0.5102040712203251,0.007028306738307014,0.003225573466482602,0.02756877835771728,0.00020818376819695044,0.1274507628104209,0.6407060527508819
0.26387942195047587,0.14285713994169102,0.010248782492282903,0.0037621442195747315,0.01424386881815393,0.0006475991869419906,0.4923747075302972,0.23572139717270646
0.12396716030427925,0.6326530483132031,0.0031829844034376013,0.0006541367008338717,0.008787548101522383,0.0008939799924740614,0.12200422359997908,0.6085152308591205
0.20238396230861602,0.5510203969179511,0.004798239939405648,0.002736406744407269,0.005657343058823234,0.00046683306045959235,0.5032677859511808,0.20872300111965858
0.16612902687144598,0.6938775368596422,0.0061270521800822495,0.008911951052789916,0.029581873527379766,0.0014511769112074415,0.1394333983999761,0.6137068644448833
0.1692345736582816,0.32653060558100805,0.0037688337283186906,0.002373208241126763,0.11903394405493556,0.00044774449494172614,0.15904127199301088,0.5711319831286459
0.20388369195769776,0.24489795418575605,0.002100668675848515,0.0017521010740586189,0.06613635058106553,0.00010822686057364418,0.5250543583372534,0.21287599108708852
0.21465052636248036,0.7551020254060812,0.013264825326690915,0.003947196081269125,0.003382918844311559,0.0004806748749956458,0.5305008975476952,0.33540979370298873
0.3785582768673753,0.8979591653477722,0.009770186908781005,0.0030017391734396327,0.0043076216183933255,0.00018525438212797828,0.5130717227476983,0.19314651585646903
0.4147707773090765,0.12244897709287803,0.03319530020645877,0.011540902269193286,0.06228820860196749,0.0009602439320028045,0.14814819357212727,0.5628244186878847
0.118590818412142,0.24489795418575605,0.013348803173473296,0.016545574564499465,0.049049451494771995,0.00039782378092704265,0.14052295556864766,0.7829701228503522
0.2572085259735965,0.4081632569762601,0.001630309381165657,0.001967818271665091,0.0014933088277096862,9.380363222178157e-05,0.11655768438953726,0.6469363299549774
0.2990520288784143,0.5714285597667641,0.009768453867195215,0.002389568800142253,0.0002010223421916885,2.472031893291769e-05,0.567537945940727,0.21806841692580192
0.5192981895857688,0.5102040712203251,0.017240332425733786,0.0013900350423692836,0.025208201710837735,0.00013328162839376816,0.5511983283094016,0.19833814944223177
0.10581493321631892,0.6734693740108292,0.0011658924394953982,0.010245987093776242,0.021825282866526182,0.001154543709672238,0.003267840417404012,0.716511191830164
0.20580785589174513,0.6734693740108292,0.008817972592663854,4.787948510081904e-05,0.010464648784950185,0.00017243255407523278,0.5642701055233231,0.2969886946071319
0.2292869061330921,0.040816325697626006,0.0036518103557153965,0.0015346079440894226,0.013210039629739531,5.341344333054698e-05,0.04030488881043583,0.7237801126525925
0.30354413408237785,0.5714285597667641,0.0030506567802292095,0.002472470659141017,0.017575096203044767,0.0005628191993631052,0.529411755923329,0.1671859711688033
0.1203381417549768,0.9999999795918372,0.0008455332772579936,0.002905106762130482,0.02073401872319987,0.0003375179927937587,0.5544661687268057,0.18899273363608843
0.2563737911581179,0.24489795418575605,0.014285555563458306,0.002264042627761593,0.044741829876378675,0.0004804241247958273,0.6002175967476833,0.21495327832375413
0.3475098927423009,0.6734693740108292,0.008591187256971434,0.001268029747889859,0.005640112572349661,0.00022533085465810653,0.11437898559649946,0.5960538841979788
0.2483658555028613,0.6326530483132031,0.011760045114015844,0.0002903707513349601,0.01755212222108,0.0005937762810246135,0.11764682601390347,0.6458984785895953
0.14520371668134077,0.7346938625572681,0.0004749978725225003,0.0027268695809173718,0.01887025443630836,0.0021255316248344406,0.13725469960693829,0.6147455080632162
0.08236416734993272,0.6326530483132031,0.002410532343752737,0.002061785816091898,0.01285681465703128,0.0010887576174016778,0.0,0.7310490334750208
0.4852079448991728,0.6734693740108292,0.012614976408370327,0.00042265544057801577,0.013698236746490774,0.0002697064922042045,0.14814819357212727,0.616822003046931
0.03240661600210301,0.5714285597667641,0.0021986852013845663,0.005375376388414098,0.015880765033143392,0.0009600048258352534,0.28758159197210337,0.5275184581940756
0.14149687815227152,0.7959183511037071,0.001569583465078397,0.0030648438409500013,0.019125839985666363,0.0013450551994377913,0.14814819357212727,0.6417446963692146
0.14446801934336342,0.4897959083715121,0.010293200799620508,0.004495190804944264,0.01327608982788823,0.00028586379749347905,0.5773418827372445,0.3686392592130828
0.20415250314918523,0.6938775368596422,0.0073811560889914495,0.0016254898786613656,0.009046005398625984,0.00032541688422338833,0.14270165436168547,0.7030112015506894
0.2785795048124572,0.9183673281965852,0.008363755937842225,0.0019381580708634307,0.0032450749525229717,0.00011232686652286146,0.18191698600344972,0.4537898140985084
0.38960807308415346,0.5510203969179511,0.0065443331690423975,0.00293800266521679,0.018551490436547254,0.0005042236813091813,0.49673210511637284,0.22014491190951688
0.15313383235683062,0.7551020254060812,0.003740848406085947,0.0010371338481101574,0.01373269771943792,0.0002213933655816912,0.5838779791163579,0.2461054565971826
0.27833191111870415,0.9999999795918372,0.013779733167307504,0.0017180886769623763,0.010392855091310296,0.0002703690491689665,0.1546838744069353,0.6022841614020743
0.14477928239637516,0.5102040712203251,0.0020494039859897317,0.0009625122495441393,0.0513009017273189,0.001736605959733787,0.14161209719301387,0.6355136269121684
0.17909592014504516,0.18367346563931702,0.005159202286371457,0.0006811920717251019,0.026420079259479062,0.00014262594507381148,0.27777765517558595,0.34060221954170217
0.6587930838242261,0.6734693740108292,0.010859210792327914,0.0024227484263377634,0.013982539773304737,4.740427723926285e-06,0.020697015217401023,0.7102801223731178
0.15807865622072048,0.8163265139525202,0.0043515528119547455,0.0028301525393732998,0.0250416403415932,0.0010844529185881947,0.12527206401738308,0.6137068644448833
0.3352928305611317,0.6326530483132031,0.014673208140056977,0.00334866378397862,0.02713801619587795,0.00014036131529981792,0.5130717227476983,0.19106922861980338
0.11519524293608449,0.5102040712203251,0.002558499364886924,0.0008033818346424212,0.030785135832784298,0.0008527770078584955,0.12527206401738308,0.6199379339019295
0.269984428035475,0.7755101882548942,0.004369407655226384,0.0009440668582620489,0.013115271954134877,0.0003695836401279363,0.5348582951337709,0.24195246662975267
0.23891479268055527,0.9387754910453981,0.0017862345014775594,0.0017480495467927307,0.005169145942071991,0.00021342546574561744,0.5457513735546545,0.1671859711688033
0.3639289639739899,0.3877550941274471,0.015668637358883523,0.0012399769885942634,0.028410200447176782,0.0007486499803028963,0.024509758882432436,0.7341641720770685
0.14249433667056544,0.6734693740108292,0.0024468793311597267,0.0020294205623702434,0.03084257078769621,0.0005777349933373699,0.15359473278256908,0.5960538841979788
0.28165675035827664,0.6530612111620161,0.009877395848083129,0.0044001338799787085,0.01087530871257035,0.00044860978488413456,0.12527206401738308,0.6012463100366922
0.41668784063378667,0.16326530279050402,0.01715189520942003,0.001246599938100726,0.023835506288443067,0.0008013849570008306,0.13616555798257207,0.6687430924222625
0.2100452667926184,0.4285714198250731,0.02156282987515001,0.012837783171271362,0.0028516455113763812,0.0002777235044932083,0.6917208683337439,0.10695731735271066
0.5040039155908911,0.24489795418575605,0.01620743616757356,0.0013772481356900174,0.00037332720692742155,0.00026740327956421584,0.10021765121390647,0.6542052507774058
0.07858658415135072,0.9999999795918372,0.0050337589017028506,0.00476494224561092,0.007897306300387763,0.001864209566016629,0.431372387958155,0.4475595368944128
0.5689161682065429,0.040816325697626006,0.03155741962157163,0.003490568913801646,0.09743840100805702,0.0010359853067851035,0.16013082916168248,0.5358252303818861
0.5529286318691566,0.2653061170345691,0.014340599603725218,0.003300539793467993,0.006317845040310211,0.0003602899922813735,0.03267965080695622,0.7268952512546402
0.2572085259735965,0.22448979133694305,0.0044803952503307915,0.0018518307152817133,0.022370914938189337,0.0007644080451590803,0.02832225322088063,0.732086884840403
0.13365873307705656,0.4285714198250731,0.002482049656263579,0.0013544486114368311,0.13370857503492883,0.002855395707600125,0.10566460596865364,0.6438211913529296
0.09278437058346105,0.7959183511037071,0.0030191765486822755,0.0026896718351258285,0.017575096203044767,0.0004731533297298238,0.07941180494292988,0.727933894872973
0.31197648715654464,0.28571427988338205,0.031295296213463546,0.03532149842711985,0.023462179081515648,0.000881157069190558,0.02287571401043882,0.7092422710077356
0.1574985819762213,0.18367346563931702,0.0037188814962059403,0.0016763775065565156,0.07948997759808483,0.00025631800712901847,0.7636162663267698,0.23260625857065867
0.24156053706418276,0.9999999795918372,1.864322090685792e-05,0.0003714739220219678,0.016722187122602893,0.0005990381154475649,0.5566448675198434,0.19106922861980338
0.09282682244498533,0.32653060558100805,0.0031727025004020665,0.00015912218402653632,0.0460771925780806,0.0005340654529823013,0.15032689236516505,0.6209757852673117
0.3364388452956774,0.6734693740108292,0.011774993031821938,0.0006821652516730507,0.006751478949895137,0.00031554841316013807,0.11328984397213325,0.6230530725039773
0.21501837503146903,0.16326530279050402,0.011241052991024727,0.005378174885975862,0.0058009304461030115,0.00022798477171549658,0.6416120427267907,0.3260643778968454
0.04761601157301534,0.4081632569762601,0.0032249639496498713,0.0024292140208775183,0.008270633507315184,0.000360176241999157,0.0239652711791104,0.8888887965847301
0.2300579884553674,0.4897959083715121,0.012544515591351264,0.005361572726565334,0.0019240709895490186,0.00038049836399810764,0.003267840417404012,0.7352028156954014
0.2626485372249925,0.6530612111620161,0.008007225176173947,0.001966990342455642,0.013502957899790276,0.0003735457430745407,0.12636162118605465,0.6230530725039773
0.3521080517028256,0.8979591653477722,0.00843342837722607,0.0002693820196217383,0.008345298948700668,0.00017869687050394147,0.49346384915466346,0.22949111996861088
0.22947789734481278,0.6734693740108292,0.005777589032897105,0.001743507556199842,0.0029866176554193724,0.0004737426407358342,0.12854031997909246,0.6313606369447385
0.28626199306208316,0.4693877455226991,0.012439598851340968,0.0007649291224702395,0.01702946413138161,0.0006130406214718238,0.5392156927198465,0.2253373377482303
0.3354484705206653,0.5918367226155771,0.00548632690954898,0.003367062210855262,0.009505485037921271,0.00026646349471570047,0.49455340632333505,0.22014491190951688
0.0911644028251991,0.14285713994169102,0.005915605477984303,0.0047632011734254345,0.0755585549343645,0.0006849782598321856,0.13180816039649648,0.6978195679649267
0.18973541583131034,0.32653060558100805,0.004477457067602177,0.0029834433904181975,0.016771006834278013,0.0002892656226564429,0.04030488881043583,0.7289717462383551
0.21787632812455163,0.32653060558100805,0.009881250910528473,0.000988673360055339,0.017316638905941168,0.0002920765227891216,0.006536096379113392,0.7445482315015447
0.34150392413480296,0.5510203969179511,0.017558666811930076,0.0005757594023393769,0.0035609672045384825,0.0005420744720082304,0.14705863640345568,0.6292833497080729
0.15592104921342817,0.9999999795918372,0.0030062193712308396,0.0032751184933848855,0.013548905863719804,0.0005063805557482643,0.13289771756516805,0.5846311811551698
0.16082342121579377,0.5918367226155771,0.0014383515825920831,0.0027196990361267647,0.029234392050162702,0.00026538978428153483,0.14596949477908946,0.6978195679649267
0.24311683546318602,0.6938775368596422,0.009110082135144108,0.002606122642002484,0.0015794612600775527,0.0001768947547575213,0.5718953435268027,0.28764248654803787
0.0783885091963483,0.6326530483132031,0.003493879908326068,0.0025007335478383088,0.008959852966258116,0.0007032734171315916,0.49999994553377686,0.5919001019775981
0.22444111974670344,0.6734693740108292,0.0021045723607030806,0.0033047302772737123,0.006863477111973365,0.0004847320324432849,0.15904127199301088,0.5877463197572176
0.16609364188714804,0.20408162848813005,0.007635235961402759,0.0023502053658396773,0.015852047555687438,0.0006326280165634441,0.02941181038955221,0.7123574096097834
0.09450339268527966,0.5102040712203251,0.003397865236838212,0.000979885690376101,0.01998736430934503,0.00020302446274459161,0.03703704839303182,0.7289717462383551
0.2784309485962054,0.5714285597667641,0.006809877510942071,0.0016893648592549114,0.0023548331513883513,0.0007470460821090683,0.0010891416243662153,0.7310490334750208
0.19254385018564232,0.28571427988338205,0.003083792952113027,0.0022284426400935474,0.029736947905641926,0.0004313354979384728,0.6993461063372236,0.3177568134560842
0.17975381436931115,0.8571428396501461,0.009716330644510765,0.002635032380655228,0.11070587559270846,0.0012373751856600734,0.5490196295163638,0.16926246615251825
0.3099037838723009,0.3877550941274471,0.009607586626288965,0.00042538615446181214,0.024151398540458578,0.00026592896446215615,0.6318081059302734,0.28348870432765727
0.30347336411378195,0.4285714198250731,0.008591253244526803,0.002725315398015424,0.02202630520871787,0.00021707243045258784,0.49455340632333505,0.21391463470542132
0.1697651291640302,0.5510203969179511,0.002100662424395901,0.0012761584633854363,0.05240939635711879,0.0023383361139549443,0.12091508197561285,0.6251295674876922
0.15172607330802376,0.4285714198250731,0.00966956283289904,0.0197725908549845,0.005387398770737252,0.00022742307205332832,0.6666664555302674,0.4247141308087949
0.29005375218025636,0.6326530483132031,0.0032577917165380606,0.002464249467341928,0.007782436390563942,0.000461111690268146,0.09368197037909844,0.6417446963692146
0.16835737011522334,0.08163265139525201,0.01171853894168763,0.0038771101790973273,0.0029866176554193724,0.00042646018390016135,0.09041371441738906,0.7352028156954014
0.7036643472682236,0.3877550941274471,0.031555974841411934,0.0007717026485756138,0.005657343058823234,0.0006048390724074134,0.11437898559649946,0.6531673994120236
0.11670910633961891,0.9591836538942112,0.002475474517325266,0.0016222691856196969,0.00918384929041457,0.000295558549586878,0.5457513735546545,0.18899273363608843
0.225558833240233,0.6734693740108292,0.007484555115228218,0.0033038781396078467,0.016225374762614857,0.0008112931445899833,0.12854031997909246,0.6926271421262132
0.09804045750036265,0.08163265139525201,0.0017739052477109155,0.0051674499562516275,0.01513411061928855,0.0006244905865348034,0.35076261033728334,0.4132914277659859
0.09771504382684283,0.7346938625572681,0.003046414127721792,0.0015580610966658577,0.04029062087070557,0.0009220086768786083,0.05925919431998984,0.730010389856688
0.10712365478762458,0.24489795418575605,0.0051895714958677,0.006691183461718698,0.05235196140220688,0.0004987340773177511,0.1525051756138975,0.5950152405796459
0.11714062436786629,0.5102040712203251,0.00220942936461062,0.00238548677022128,0.01430130377306584,0.001815783841986381,0.1394333983999761,0.6116303694611683
0.10543293392682215,0.6122448854643902,0.004514426074544268,0.00784892868138781,0.009301590947983987,0.0004956069821438298,0.07189539799302584,0.673935518260976
0.2837365373858022,0.2612244844648065,0.006711246953838149,0.0020166409182279022,0.036273045774617395,0.0003540634132773731,0.2516341007477431,0.6386295577671669
0.18071588790330712,0.4693877455226991,0.004507530027705099,0.004648125307510709,0.028691631726245143,0.0009823497429710393,0.6601307746954593,0.21806841692580192
0.2090619588948326,0.4489795826738861,0.011426828797568829,0.0025170355223892702,0.0011199816207822645,0.0007622723451813153,0.052287524399991035,0.730010389856688
0.18787492125652167,0.6122448854643902,0.003607066278236014,0.0025001084854936314,0.02119349836249516,2.638372466458766e-05,0.49999994553377686,0.22222219914618252
0.22503534461171074,0.16326530279050402,0.006649573595376934,0.0035719911519442255,0.05410372752702017,0.0016188828720525312,0.49999994553377686,0.23364490218899148
0.3004456373067131,0.020408162848813003,0.020062769509198566,0.00431201509862216,0.004508643960585014,0.000521055264453784,0.18736394075819687,0.7113187659914506
0.07852291479209203,0.4693877455226991,0.0024812494703289776,0.0004905020605312746,0.000861524323678665,0.00012138258029092967,0.9008713814780135,0.0
0.06772071226906694,0.9999999795918372,0.008190906746092335,0.002228533663889674,0.015995634942967216,0.0005476960801278409,0.13507600081390048,0.6012463100366922
0.48406193016462706,0.6530612111620161,0.018318555188375267,0.0032608984460857546,0.01419217735873321,0.00031239170832660605,0.49891038836510526,0.20976085248504073
0.22226937898495847,0.5510203969179511,0.005187684599087019,0.0028816700713044105,0.021566825569422583,0.0007263631872555741,0.11764682601390347,0.6365522705305012
0.11842811157538209,0.6122448854643902,0.00043011383196514763,0.004822058225172942,0.010338291884143981,0.0005032135711172685,0.5653592471476893,0.18276245643199288
0.12542443809183673,0.5510203969179511,0.002560398069966988,0.0015355569155809548,0.03195968066073288,0.0009910399955283375,0.10893244638605766,0.6147455080632162
0.11320032589949666,0.4897959083715121,0.003987396320006068,0.0015621474841089856,0.014080179196654986,0.00038933528140408134,0.003267840417404012,0.7133952609751656
0.1965761023882314,0.5102040712203251,0.0046416271593061964,0.002218580114949411,0.016457986330008098,0.00021637225135056574,0.6448798831441948,0.2793349221072767
0.24927841029810666,0.13061224223240323,0.018163467068107803,0.005501565388331446,0.056171385903848965,0.0002820228808694996,0.6198254703407181,0.28556599156432294
0.024971704580174666,0.6122448854643902,0.003438785161832396,0.007925374145060258,0.03982826948366469,0.0008539343209071753,0.14596949477908946,0.7102801223731178
0.10784521837114927,0.22448979133694305,0.001411654406900761,0.000940038571114321,0.012549537648252555,0.0005398068255460091,0.03540296196660767,0.730010389856688
0.2707059916189997,0.4897959083715121,0.0072418077371945305,0.0021136490447806384,0.0019527884670049742,0.0008632693377330644,0.16448781120345268,0.5555554978654563
0.10007780953241933,0.8979591653477722,0.0022012552430147967,0.004675103211341405,0.018350468094355567,0.001467190337761372,0.13834425677560985,0.6116303694611683
0.06755800543230701,0.6734693740108292,0.003427563804390135,0.001967818271665091,0.01111366377545478,0.0008718509510850159,0.12636162118605465,0.6054000922570728
0.19370399867464072,0.6938775368596422,0.0032625841495725937,0.0019687328671485114,0.007208086841444831,0.0007138053098154651,0.1666665099964905,0.5887849633755504
0.33740095256178426,0.7551020254060812,0.009350412284833689,0.01020399994696723,0.011409453793251121,0.0008639618694343563,0.09041371441738906,0.6448598349712624
0.22823287886487667,0.9999999795918372,0.008084959558309486,0.010065367800451735,0.010817873757658438,5.2218488930032305e-05,0.5446622319302883,0.1962616544585168
0.16080927059528569,0.9999999795918372,0.00011327979439623413,0.004270584746310732,0.011828728964108071,0.0002365000371410133,0.5751631839442067,0.20145328804427953
0.10890632938264645,0.3061224427321951,0.0021928428716137924,0.001519127604549242,0.015478720348760015,0.00022837136895843526,0.8649234747093478,0.18483895141570783
0.22990943223911559,0.6734693740108292,0.017071154225880045,0.004788156702807087,0.006277640571871873,0.0005123645123175437,0.5305008975476952,0.20872300111965858
0.1864671622077148,0.7959183511037071,0.0021789194974305595,0.0013106593871321666,0.0002584572971035995,0.0003581595955262253,0.13616555798257207,0.5991690228000266
0.10393322114379583,0.6938775368596422,0.009112308346880564,0.005710697401623465,0.010593877433501984,0.0006202608822063696,0.11982552480694127,0.6780893004813565
0.30345923035932926,0.4081632569762601,0.015803394366038327,0.0021319792038101857,0.02484061799940151,0.0007136654277116583,0.02930273000939344,0.7341641720770685
0.21631294598226658,0.6938775368596422,0.009769270029064274,0.004136967139457376,0.01836482683308354,0.0003247135731456904,0.5403048343442127,0.1671859711688033
0.20450621806372124,0.7551020254060812,0.006017913973042838,0.0025445847457914,0.0046809488253207465,0.0005295513537337515,0.13507600081390048,0.5835925375368369
0.4081918350664166,0.9999999795918372,0.018604104178639974,0.0009056819297678339,0.007233932571155191,0.00021033766437695517,0.14052295556864766,0.5919001019775981
0.11176428247572905,0.28571427988338205,0.0032471416724041413,0.0028563509309073812,0.11980931594624636,0.0012382294656511795,0.10239635000694426,0.8172374397258285
0.11107102013322054,0.3877550941274471,0.0034579632292406804,0.003040253375091113,0.018999483084860165,9.790690464869762e-05,0.5708057863581311,0.2969886946071319
0.05382710514668659,0.9999999795918372,0.003069079116477037,0.004034518404409566,0.014292688529829057,0.0007464787333619385,0.1492373351964935,0.6178606466652639
0.6717458770754835,0.5714285597667641,0.027619428184271655,0.0006379848187126933,0.060881052206625666,0.00014124268784124916,0.1492373351964935,0.5835925375368369
0.2653154991063544,0.36734693127863405,0.00649154312474578,0.002584884079019042,0.03767733042221362,0.00019422879903049613,0.5228756595442157,0.2211835555278497
0.06900819947658272,0.8367346768013332,0.0011925271006605796,0.003399312716493502,0.014444891160345618,0.00010034907709290755,0.14814819357212727,0.7082036273894028
0.41180670299521094,0.3061224427321951,0.014831501866303767,0.0024967033240140676,0.016713571879366104,0.0002723629455854548,0.6252720095511599,0.1464170600669003
0.29707127932839,0.2653061170345691,0.014289573858277463,0.0037803760922712273,0.004996841077336257,0.00029687939788081884,0.442265881923344,0.44963682413107847
0.13823570827195775,0.5306122340691382,0.005937379634742042,9.792320620528518e-05,0.0006605019814869765,0.0004465782279012367,0.4433550235477102,0.3800619622558918
0.01845642326374573,0.4897959083715121,0.007554595695710447,0.01649387014328482,0.023223824018631215,0.0005541949680844718,0.05773406361043284,0.8452752716501598
0.48497448495987244,0.4693877455226991,0.010110199943431208,0.0026694737515991734,0.009993682154672515,0.0001930226041037827,0.5697166447337649,0.1671859711688033
0.10688312797109788,0.020408162848813003,0.005621203736212223,0.0011015235004871208,0.026534949169302883,0.002628592632228601,0.5697166447337649,0.29179626876841847
0.052879173800170994,0.9999999795918372,0.001972343371524822,0.0020581593893206863,0.00511171098716008,0.0005898524727253837,0.6339868047233111,0.2720660012848483
0.11452319809131041,0.3469387684298211,0.012136427710763033,0.0079433368197214,0.023697662396654478,0.0003167860431310587,0.5490196295163638,0.1879540900177556
0.08919778702962744,0.3061224427321951,0.003534824144524863,0.0001449311868751054,0.014961805754552814,0.0003000933813615278,0.7037035039232992,0.09553461430990169
0.12236134316652537,0.7755101882548942,0.0034168060963500847,0.005409844388660102,0.011598989144460427,0.0004620622929222168,0.13289771756516805,0.5846311811551698
0.2604697127199657,0.6122448854643902,0.0006135210325743615,0.0001781742392264274,0.0034748147721706158,0.00015964928967390768,0.12636162118605465,0.6365522705305012
0.05986841657334387,0.6122448854643902,0.0013758471282361196,0.001836685904947467,0.013152604674827621,0.0010192084851783922,0.5272330571302912,0.31983410069274987
0.13046123255600148,0.9999999795918372,0.0024798991565643377,0.002111569538374449,0.01754637872558881,0.0006730457399402219,0.025925892320691736,0.7237801126525925
0.1196802475307108,0.5306122340691382,0.004685635301891733,0.000923920580832126,0.03448969042460256,0.0012712846827969168,0.098583772559635,0.727933894872973
0.13214486967352215,0.5714285597667641,0.006404008896031837,0.004424753880154425,0.006932399057867658,0.0007107845865270762,0.4074071167790446,0.4454830419106979
0.048776168495041454,0.7346938625572681,0.0017941179305268292,0.0032996561848087857,0.013755671701402686,0.00013822965038273963,0.10893244638605766,0.6147455080632162
0.08428833128398008,0.9999999795918372,0.0011949130717416176,0.004087957603611029,0.00485325369005648,0.00024147474817424138,0.5446622319302883,0.19937679306056458
0.20706704185824476,0.06122448854643901,0.006923220167167369,0.001273916760321256,0.1834759634660997,0.0004354873832393767,0.4270149903720794,0.253374377419611
0.08560411973251207,0.5714285597667641,0.0044799892532138,0.00283718267511669,0.004393774050761192,0.0008604434502321206,0.13398685918953426,0.695742280728261
0.3633205716224191,0.4693877455226991,0.012160506222414906,0.0020380344153324097,0.008787548101522383,0.0004949599505554245,0.11002158801042387,0.6323984883101207
0.42875634659870404,0.3061224427321951,0.0239633911519833,0.0016542170855527287,0.018551490436547254,0.0006788017347952754,0.11002158801042387,0.6542052507774058
0.2771080764043916,0.6734693740108292,0.004048180235681469,0.001934904454321035,0.002957900177963417,0.00038590148318881883,0.5337687379650993,0.1713397533891839
0.14922183512947718,0.6326530483132031,0.003029078849622967,0.0007141785144384077,0.02713801619587795,0.00046654966469736065,0.1568625731999731,0.5846311811551698
0.11963779566918653,0.2653061170345691,0.0060962939913122415,0.00391662806335184,0.04973867095371493,0.0009559312783553962,0.11819164615266979,0.7227414690342596
0.19118560987558605,0.5918367226155771,0.006338419002507906,0.005269575750490841,0.013161219918064404,0.001007535534976034,0.13507600081390048,0.5898236069938833
0.24784236687433905,0.5102040712203251,0.012971562738506286,0.002048930641565537,0.012750559990444244,0.00047783938020735267,0.15359473278256908,0.7061263401527372
0.15993915079550916,0.3877550941274471,0.0020766040563135637,0.0016866709422248684,0.04996841077336257,0.0014563644620846075,0.13834425677560985,0.6593976766161191
0.1491298645292023,0.6122448854643902,0.0033013990715504505,0.0034941759738077245,0.024697030612121734,0.0005535858660665218,0.13289771756516805,0.5867084683918354
0.09354130228522826,0.5306122340691382,0.001990146813963856,0.001044314076283331,0.029291827005074614,0.00025747203448542484,0.6165576299233141,0.1422632778465197
0.050290040331603586,0.8163265139525202,0.002270343171579225,0.0037411157859929866,0.00689219458942932,0.0008261696447589891,0.13180816039649648,0.60436144863874
0.24460243135781512,0.28571427988338205,0.008693280424217707,8.588676167493467e-05,0.0023261156739323957,0.0005639454616590718,0.298474670392987,0.3551400611865589
0.09214769385692947,0.7959183511037071,0.004087331694191718,0.0005643862695148421,0.01258974211669089,0.0006297446198404268,0.4564268007616316,0.21391463470542132
0.6974815212034577,0.36734693127863405,0.030777821804245955,0.0019983514294051345,0.02217563609148884,0.0002005407868190324,0.5054464847442186,0.19937679306056458
0.35145017434461506,0.24489795418575605,0.008217645598134418,5.756770935875603e-06,0.1126873815371694,0.0005055193200811174,0.5032677859511808,0.23364490218899148
0.04403650332943578,0.7346938625572681,0.003700139293966026,0.00358438636579867,0.0011774165756941756,0.0005597559157917584,0.5457513735546545,0.17237760475456604
0.22859364379058358,0.3877550941274471,0.002012564870340845,6.767231906705912e-05,0.03371431853329176,0.00045184513497190847,0.10893244638605766,0.6355136269121684
0.1325268689630189,0.24489795418575605,0.09320410521829982,0.11562769767874431,0.013095169719915709,3.905708169863598e-05,0.1612199707860487,0.7549322909260209
0.20288623343940385,0.6122448854643902,0.007316540380166544,0.0026870747519214516,0.04939406122424347,0.0008239688073729954,0.14161209719301387,0.662512815218167
0.1058573850778432,0.7346938625572681,0.0011838639765491665,0.005398534197822251,0.02386422376589902,0.0013912128350706,0.11111114517909546,0.6116303694611683
0.1309988549389764,0.8367346768013332,0.00359480405393351,0.0019773951370235113,0.016771006834278013,9.155725629375181e-05,0.1448799376104179,0.6697817360405953
0.021505376001576697,0.6938775368596422,0.0030049173325724975,0.0018693237458883732,0.015450002871304061,0.0014106353114675808,0.12745097058257357,0.7248179640179746
0.233446513920254,0.2653061170345691,0.013056322016865426,0.00015337993816451071,0.004738383780232658,0.0010695356835208275,0.04030488881043583,0.7248179640179746
0.29514004851711634,0.4897959083715121,0.013612937465505574,0.0012530297041249841,0.01888461317503634,0.0002703690491689665,0.567537945940727,0.29802654597251405
0.1138936051080606,0.6326530483132031,0.00727773969760853,0.005763786546545143,0.018387800815048306,0.0002090497690786227,0.6274507083441977,0.27518193213984676
0.055878607799251356,0.28571427988338205,0.011181408576239702,0.007397223093109834,0.060622594909522064,0.0014711043466275053,0.08278847641390946,0.8286601427686374
0.3416100453555859,0.3061224427321951,0.015183823316545235,0.004524960912138056,0.025644707368168262,0.00016261313782118842,0.5664488043163609,0.20768435750132577
0.18769806379925366,0.6734693740108292,0.003908408174318485,0.003225573466482602,0.014272586295609884,0.0007549429456624807,0.1568625731999731,0.6095530822245027
0.27142047145924264,0.3877550941274471,0.00029278331015088237,0.0020014389759365125,0.03411636321767514,0.0004905753575403442,0.1394333983999761,0.5846311811551698
0.12865023985390797,0.5918367226155771,0.006375085508604059,0.00022592784035387994,0.009381999884860662,0.0005835239604026065,0.5980388979546455,0.21287599108708852
0.15640208598042615,0.9999999795918372,0.005176737610953931,0.00245125969379789,0.006834759634517409,0.00016567986080140619,0.5533766115581341,0.19106922861980338
0.08500989486750478,0.6326530483132031,0.009659675118681113,0.0077670363150216205,0.0070329102289635025,0.0009916169323482419,0.4128540715337918,0.46313602215760236
0.3533884888991705,0.6938775368596422,0.01589073063208616,0.005481472369505639,0.019355579805314008,0.00015604098469123117,0.480392071940742,0.21702977330746911
0.2559422562638151,0.7959183511037071,0.0063350692658155315,0.0030814658512947905,0.02107862845267134,0.0003284641236248616,0.535947436758137,0.16822382253418544
0.21972975582211396,0.4897959083715121,0.0015440150238868382,0.0028616947055767885,0.035006605018809756,0.0013673629363715352,0.13507600081390048,0.6438211913529296
0.23236415167891153,0.6938775368596422,0.007319912691548913,0.002644364256434712,0.009669174659420217,0.00030287832260378854,0.6361655035163489,0.2803735657256095
0.12505658942284806,0.24489795418575605,0.0019361755924261021,0.001698455618808486,0.05810407213663478,0.0005879849697812638,0.6808277899128603,0.33956357592336933
0.05543293071746817,0.5918367226155771,0.005744600117452642,0.0005020349691681592,0.017575096203044767,0.0004679065979625857,0.13180816039649648,0.5991690228000266
0.1935908105766314,0.14285713994169102,0.006818633017631004,0.0024253426045273705,0.005628625581367279,0.0007033783287094465,0.18191698600344972,0.7050884887873551
0.08367288892123838,0.7346938625572681,0.0023751935767312277,0.002974861008449372,0.03784963528694935,0.00035732403053087596,0.10457504879998206,0.60436144863874
0.2483658555028613,0.5306122340691382,0.002690448080606319,0.0014502705236251524,0.03273792429978927,0.0013266660828681086,0.49891038836510526,0.23779868440937207
0.2483658555028613,0.9795918167430242,0.013767699121025411,0.001502672148384599,0.003985985870886624,2.010613096476213e-05,0.1546838744069353,0.6022841614020743
0.2253749257717941,0.6530612111620161,0.002390180392464699,0.0018931937680843028,0.015392567916392149,0.0015247456748139795,0.14705863640345568,0.6448598349712624
0.08730192433659625,0.4693877455226991,0.0029425264462723563,0.00420407201230603,0.05344322554553319,0.0008347208990829167,0.10893232172276605,0.7268952512546402
0.15993915079550916,0.16326530279050402,0.312484572047526,0.41292784852825404,0.018433748778977837,0.0003525154679250679,0.6154680727546425,0.4060225069435575
0.269984428035475,0.3061224427321951,0.00015954401676960493,0.002948361463717468,0.01731663890594117,0.0003480061146764687,0.11873638318257505,0.6490136171916431
0.41717597801012185,0.5306122340691382,0.012127918789149435,0.002228533663889674,0.009247027740817673,0.00012114039979142677,0.11873638318257505,0.5939773892142638
0.4171688942668401,0.5102040712203251,0.019474660631500412,0.0018587107585953206,0.025070357819049156,0.0004164361324255754,0.15577343157560689,0.5451714384409801
0.12014713367720069,0.7142856997084551,0.025298479156478586,0.027111127808049126,0.008813393831232743,0.0003354284654389948,0.6710238531163429,0.05919001019775982
0.12854413549918045,0.8163265139525202,0.008966864828784924,0.006004549328991137,0.010493366262406142,0.00028095627982797255,0.567537945940727,0.29387355600508414
0.18071588790330712,0.6938775368596422,0.0040914295213802425,0.0008652489658607715,0.008098328642579452,0.0003109961153370871,0.567537945940727,0.21599192194208697
0.19278436013611358,0.9183673281965852,0.007385848151481234,0.010244147251088577,0.01943598874219068,0.0008179010368288801,0.14814819357212727,0.6095530822245027
0.16159450353806906,0.28571427988338205,0.006390327939288861,0.006388989300269854,0.012980299810091887,0.0005464603908289648,0.15141603398953127,0.606437943622455
0.2288200199866022,0.6938775368596422,0.0014058231908235228,0.0018578731460033053,0.017460226293220946,0.0007696976254278967,0.5239652167128872,0.18068516919532723
0.4728847952293315,0.4489795826738861,0.021402514845891337,0.0015218113540275899,0.022629372235292936,0.0006533833503635525,0.09041371441738906,0.6687430924222625
0.49336443677068126,0.5102040712203251,0.014184431371367214,0.002612432818252044,0.026850841421318394,0.00046554032308843585,0.49455340632333505,0.21806841692580192
0.18520089249793342,0.6122448854643902,0.0037489266720750216,0.002856099162960648,0.007437826661092475,0.00030594598709816656,0.11220028680346167,0.6375909141488341
0.27784377374236896,0.08163265139525201,0.1622061943922787,0.1487128431105519,0.02042674171442115,0.00014844419515088887,0.7167752811372206,0.4039460119598426
0.16405628985509135,0.12244897709287803,0.012211202030085808,0.002777387787767604,0.07585721669990646,0.0010546757078860626,0.09803895242086867,0.7050884887873551
0.07372664714445398,0.36734693127863405,0.004388664213095268,0.005066960653666179,0.023401872378858136,0.0005217761568673315,0.45860549955466945,0.21599192194208697
0.25380586675425726,0.22448979133694305,0.005916235832789556,0.001639943779649481,0.0180058583648841,0.00043139371809981,0.2026144167651561,0.40498465557817537
0.10829795389713107,0.6530612111620161,0.0152329076386534,0.006026588707712841,0.0031589225201551054,0.0005814574328937569,0.379084863558164,0.457943596318889
0.21299517361992046,0.6734693740108292,0.0058039145944608125,0.0023827487938005588,0.005875595887488496,0.0003818753957084677,0.28758159197210337,0.5316714481615056
0.12055036733048732,0.9999999795918372,0.00461702317833182,0.0043738919132230766,0.012141749468377986,0.0008713790027012654,0.5533766115581341,0.1879540900177556
0.3089841453337738,0.4081632569762601,0.009747292700096577,0.001651805923293632,0.042817758886829656,0.0001711522869630557,0.501089087158143,0.21391463470542132
0.11380163450778571,0.3061224427321951,0.00537161622710997,0.003577704831827679,0.10384239848073509,0.00035827745772742747,0.4324619451268266,0.455867101335174
0.1346774090930849,0.7346938625572681,0.010863663215800826,0.009896692959523194,0.022592039514600194,0.00053236131235227,0.12636162118605465,0.6116303694611683
0.11245047794101122,0.6530612111620161,0.0020572210801807073,0.0024476850731234103,0.03150307276918319,0.0018795700813222962,0.12200422359997908,0.6074765872407877
0.45761882247547,0.4081632569762601,0.02330193884300515,0.003398505606556571,0.02914536787004924,0.0003821383087340705,0.5348582951337709,0.23052976358694371
0.12486558134507195,0.8979591653477722,0.0033952295549555347,0.0018854175277141516,0.010137269541952293,0.0004359995669425463,0.5479300723476923,0.19314651585646903
0.11719722684989865,0.9999999795918372,0.002574950409743781,0.0008433354711124342,0.012121647234158818,0.0008120787901202655,0.5043573431198525,0.20976085248504073
0.07616722439676957,0.7959183511037071,0.0006945676426865888,0.005765650597689224,0.009850094767392738,0.0002461930791372641,0.13834425677560985,0.5981311714346444
0.15672041591066424,0.6734693740108292,0.003971273476411451,0.000940038571114321,0.015742921141354806,0.00011325762052126845,0.12091508197561285,0.6209757852673117
0.10594227193483632,0.06122448854643901,0.0008342528783188217,0.005693383513594288,0.04557463672260138,0.00036945480640458126,0.1895422240069293,0.7019733501853073
0.07074136376588172,0.8163265139525202,0.00282325428724261,0.004261269332281611,0.0506576302323055,0.0014481167980409202,0.13507600081390048,0.606437943622455
0.21804610183853787,0.12244897709287803,0.00046147875894164426,0.0021144246837242276,0.08443225546825477,0.0005471159921176859,0.1492373351964935,0.6375909141488341
0.22137095794416578,0.6530612111620161,0.005734683229789183,0.0027084227371278963,0.010453161793967804,0.001656415085103075,0.14705863640345568,0.6448598349712624
0.9999999292586362,0.22448979133694305,0.027257177343461503,0.0009206379141420304,0.0029866176554193724,0.00041109467280507254,0.10348590717561584,0.6272068547243579
0.36194818069185475,0.24489795418575605,0.010799176009057432,0.005292956277698026,0.015105393141832596,0.0006525968786065582,0.018518316424363225,0.7113187659914506
0.15551781556014155,0.4489795826738861,0.0035810057088025587,0.005898892005129866,0.03285853770510428,0.00017693376034415975,0.28758159197210337,0.5254411709574099
0.36919211776811783,0.8775510024989592,0.012368641391142009,0.0021683519254070494,0.011857446441564026,0.0002983715056790495,0.15032689236516505,0.5908614583592654
0.2118137907671322,0.5714285597667641,0.013439786120212668,0.0044696799335724145,0.011627706621916383,0.00021398462908392554,0.6176467715476803,0.1464170600669003
0.0626697756174218,0.8163265139525202,0.0017667355261684193,0.0008433354711124342,0.004164034231113548,0.0015914928801109706,0.13834425677560985,0.6157841516815489
0.22006930325008645,0.9999999795918372,0.0059666169840122164,0.003395923532595173,0.009970708172707751,0.0002993752750613117,0.5468409307233261,0.17237760475456604
0.7412280211427548,0.020408162848813003,0.02551531426342694,0.0038543266324253755,0.05596749181391168,0.0006300683854241007,0.5501087711407301,0.20976085248504073
0.13745047532917434,0.22448979133694305,0.010196393582862357,0.011409087224004712,0.0307190856346356,8.821046167272518e-05,0.07734193720346765,0.7487020137219254
0.29801921910793333,0.2653061170345691,0.010872123515005206,0.0008226871102964302,0.036471196369063485,0.0010192822691452354,0.13725469960693829,0.6760128054976415
0.19589699066623098,0.22448979133694305,0.009402084013718231,0.0037901916530099144,0.005944517833382789,0.00036430737555938624,0.18736394075819687,0.7154725482118313
0.08147989692964812,0.3877550941274471,0.003451589178694787,0.0024156747153728226,0.03414508069513109,0.0011270410626792182,0.08616552187476384,0.732086884840403
0.2012025963218832,0.6122448854643902,0.008636666574738815,0.0035012593681552316,0.015794612600775526,0.0012598877499601059,0.13507600081390048,0.6365522705305012
0.23068051456139088,0.5510203969179511,0.005628064705456167,0.07749866225223559,0.020949399804119535,0.0005243882822247516,0.6699342959476714,0.1505708422872809
0.4055107056984911,0.22448979133694305,0.014513118857698255,0.003915516411033189,0.010625466658703536,6.965859765534418e-06,0.07189539799302584,0.6760128054976415
0.16382993052512818,0.5918367226155771,0.005225778520196721,0.0026587518262522463,0.0032450749525229717,0.00048126912414735384,0.0,0.7113187659914506
0.25647282863561915,0.5714285597667641,0.007650950376759924,0.003157343868748832,0.009160875308449805,0.0006597725807423778,0.49999994553377686,0.23260625857065867
0.09053479297589385,0.7142856997084551,0.0003632024508191855,0.002651208471232823,0.03681580609853496,9.119083435424684e-05,0.43572978554423064,0.4506746754964606
0.0959748042272898,0.24489795418575605,0.02003719759497778,0.018817388106770798,0.00114869909823822,0.0003603891202722443,0.09912850958954025,0.797507964495209
0.26605119644433173,0.3469387684298211,0.011931067492390734,0.002984780665550652,0.005571190626455368,0.0006982121060101962,0.13834425677560985,0.6635514588364998
0.13115449489851,0.4081632569762601,0.0018616686963540412,0.00030663883404693826,0.00017230486473573302,0.0003061833447394201,0.6383442023093867,0.28764248654803787
0.3676287356258328,0.4489795826738861,0.014354950160503747,0.0004477354014256488,0.0790592154362455,0.00033911514667186744,0.10566460596865364,0.6323984883101207
0.7084181461882819,0.9999999795918372,0.028342068322224665,0.002557264166924177,0.005881339382979686,3.921675481438251e-05,0.5468409307233261,0.17237760475456604
0.09059139545792622,0.4693877455226991,0.0028679407124367735,0.002480887455267952,0.036184021594503936,0.0007996990702167631,0.11111114517909546,0.6054000922570728
0.0722481602921898,0.5510203969179511,0.005062354782474237,0.004682613158690974,0.004336339095849281,0.0010736902588621893,0.5468409307233261,0.19418436722185117
0.1900820470025646,0.28571427988338205,0.01181359227868461,0.005725251525621145,0.007638849003284163,0.00041507439551667565,0.6405229011024245,0.3468324967457977
0.2952673872356337,0.12244897709287803,0.005947079805381546,0.0010082439603916744,0.04942277870169942,0.00024896132291411165,0.6154680727546425,0.13603300064242416
0.2159450804472225,0.7755101882548942,0.004848564132948935,0.0064562839674168135,0.008586525759330695,0.00109959861494873,0.5381261355511748,0.1713397533891839
0.1846986213671456,0.2653061170345691,0.00635975555758266,0.004897489354521532,0.013583366836666952,0.0006480157589214594,0.09041371441738906,0.6656279538202148
0.2538907704773058,0.4489795826738861,0.0045098416759606135,0.002030140521864074,0.029774280626334658,0.00022386009425236615,0.5032677859511808,0.21287599108708852
0.2559422562638151,0.7959183511037071,0.004429605323567755,0.0009208809670444535,0.006283384067363065,0.00021207856248838517,0.16013082916168248,0.606437943622455
0.18394168966537838,0.5306122340691382,0.01269567571555955,0.00185431450291006,0.017876629716332304,0.0005818063695702861,0.5196078191268116,0.3260643778968454
0.1391128949489606,0.4489795826738861,0.006206403951930217,0.0013076536651834773,0.00715065188653292,0.00019343043345176346,0.7483657903198105,0.23883653577475422
0.0670911108527894,0.4489795826738861,0.003300376611745126,0.0009429920027971503,0.0023261156739323957,0.0008701933097257556,0.43464022837555905,0.38629303171293805
0.14520371668134077,0.5918367226155771,0.003794063201857398,0.0014996315662586697,0.03690195853090282,0.00295748235868304,0.10566460596865364,0.6448598349712624
0.223387092478488,0.6530612111620161,0.003514053345911682,0.0015844657442486087,0.004221469186025459,0.000992605330070745,0.11655768438953726,0.6105917258428355
0.454527409443087,0.5918367226155771,0.010181431772939342,0.0017849582436146598,0.0030727700877872387,0.00026533506117279286,0.12091508197561285,0.6407060527508819
0.18435199019589132,0.18367346563931702,0.0022284448942509385,0.0018587107585953206,0.04054907816780917,0.00015547242542589544,0.026688457675470234,0.730010389856688
0.05440011251395946,0.6326530483132031,0.002133682944406358,0.002693006792081784,0.05154787203344013,0.000731092470526175,0.14379079598605168,0.6002076664183593
0.20503677356946984,0.14285713994169102,0.027897201062090305,0.034022472655803264,0.030776520589547513,0.0002661597122897134,0.6721129947407092,0.3509862789661783
0.24615872975681838,0.6122448854643902,0.011426828797568829,0.0028294553358285007,0.011254379414988962,0.00048591532359695746,0.15032689236516505,0.7061263401527372
0.427942795548849,0.9999999795918372,0.011316664310391942,0.001178079354720828,0.0013784389178858642,0.00022036023632928935,0.1525051756138975,0.6054000922570728
0.2536714442924581,0.5918367226155771,0.003964310052805219,0.0021114518852762645,0.0120039055765894,6.483093576228561e-05,0.16013082916168248,0.60436144863874
0.15207978822255977,0.6530612111620161,0.0025736334370597496,0.00800811380740103,0.02609844351197236,0.0010446566522008982,0.4978212467407391,0.22637598136656312
0.10735001411758777,0.9999999795918372,0.001535892997729465,0.0018921862121282424,0.0038481419790980373,0.0010567422353949122,0.14270165436168547,0.606437943622455
0.07688171267004021,0.6530612111620161,0.001397685883337538,0.0011158597483770516,0.014703348457449217,0.0013263206048150253,0.08877991887197867,0.7237801126525925
0.3366510877372434,0.6326530483132031,0.011856442513324851,0.006217457861484151,0.004077881798745682,0.00040640591307251114,0.1808278443790835,0.46313602215760236
0.11130446320646548,0.5510203969179511,0.0040299468322237565,0.00315013991628837,0.029780024121825857,0.0013431145273932186,0.14379079598605168,0.6614741715998341
0.37444110407568226,0.4489795826738861,0.01776612126692809,0.0003158670976329592,0.00287174774559555,0.00017361425041920533,0.09368197037909844,0.6365522705305012
0.30333189164081187,0.6530612111620161,0.006988714205084552,0.0025225366520253856,0.014576991556643012,0.00037338722283327606,0.11328984397213325,0.6355136269121684
0.29294705652552605,0.8367346768013332,0.006202646134303313,0.0019700086528016683,0.009792659812480828,0.0002699278825338834,0.11546854276517104,0.6147455080632162
0.10161997417696994,0.4081632569762601,0.0034221250406158915,0.0029385580072069876,0.07791051633800727,0.00026100924554171596,0.43464022837555905,0.45482845771684116
0.2938171763253026,0.020408162848813003,0.005915291168838985,0.000485292400710415,0.03727528573783024,0.0007275087601991129,0.13834425677560985,0.6853582213037849
0.34563523068094865,0.4489795826738861,0.12225696717577382,0.13998335119377417,0.003583941186503248,0.04834643491482237,0.6949891242954533,0.4101762891639381
0.33341820223189034,0.040816325697626006,0.020031376797988228,0.004517128508149017,0.013640801791578864,0.0004894422932849342,0.31154686315121377,0.6656279538202148
0.08517968544754646,0.7551020254060812,0.00017306104653292293,0.0050600128266746055,0.005513755671543457,0.0012618019058915943,0.12091508197561285,0.6791279440996894
0.16504668149615895,0.10204081424406503,0.007818275020913588,0.002833711182466545,0.025386250071064664,0.00010201152209584259,0.6840956303302643,0.3281408728805604
0.8110567963812803,0.5306122340691382,0.02407018332777782,0.0016491914100006354,0.016868646257628264,0.0007068223490784488,0.5021786443268147,0.23779868440937207
0.29864882895723854,0.9999999795918372,0.006087456173830557,0.0005786402086529563,0.006177129400776029,0.00036408256503541093,0.14052295556864766,0.5950152405796459
0.11436755813177682,0.4897959083715121,0.003204784260611643,0.0011510249521678544,0.033542013668556026,0.0003340999505297492,0.529411755923329,0.21079949610337353
0.2270656466325965,0.36734693127863405,0.010023964627649302,0.0019458394140844288,0.07173625868497685,0.0004403851783300856,0.6448798831441948,0.2907576251500857
0.21631294598226658,0.6938775368596422,0.008143942013723263,0.0015352141238380952,0.0019527884670049742,0.00022157767178220155,0.14705863640345568,0.6334371319284534
0.2080857178742731,0.6530612111620161,0.0040499063312088,0.002803223052455436,0.014263971052373097,0.0003263915627395567,0.15141603398953127,0.5919001019775981
0.07372664714445398,0.3061224427321951,0.007648183414372351,0.0022530132550181744,0.016188042041922118,0.0003934099625438457,0.46732029472682063,0.41744520998636647
0.27560129674413897,0.22448979133694305,0.01081426979409119,0.00020509888445300792,0.03133076790444745,0.0005962326722541005,0.442265881923344,0.28348870432765727
0.12086869726072538,0.4897959083715121,0.0012770536860613076,0.0018281306364498285,0.02420883349537049,0.0006303529532753891,0.5969497563302792,0.2907576251500857
0.29577670837759246,0.7551020254060812,0.0059704498190704895,0.0066826814518251764,0.008793291597013574,0.0004726241603426205,0.12309378076865066,0.5960538841979788
0.14707837874269297,0.9999999795918372,0.002458612960413419,0.004964539516258684,0.003618402159450393,0.0008443746857030579,0.13180816039649648,0.6022841614020743
0.10429398606950274,0.4897959083715121,0.004176106836249554,0.0018848549231870286,0.033628166100923895,0.0012624417512290625,0.43572978554423064,0.24299031799513482
0.24567767612376495,0.6326530483132031,0.009773177186948069,0.0032165654998499724,0.0027568778357717283,0.0004051966053846965,0.13071901877213027,0.6947036371099282
0.2551711739415398,0.9999999795918372,0.005261090544893159,0.0006235565786883794,0.00780253862478311,0.00027893050643205904,0.5479300723476923,0.17445489199123168
0.14032964591999136,0.5714285597667641,0.0023268656803893664,0.00025172921320272865,0.032249727183038035,0.0008492156825109575,0.15032689236516505,0.6074765872407877
0.28626199306208316,0.6122448854643902,0.014254242731920259,0.0034127425997751946,0.006455688932098798,0.0003285659608707649,0.13616555798257207,0.6230530725039773
0.08746463117335618,0.6530612111620161,0.0024961379993352394,0.0015430082784659946,0.04060651312272108,0.001569101751923034,0.13071901877213027,0.6116303694611683
0.2179046293655678,0.3061224427321951,0.005900992707498907,0.002710819374313143,0.023347309171691824,1.5445635871582604e-05,0.5196078191268116,0.21910706054413473
0.6826612508304625,0.4081632569762601,0.02237142748654652,0.00394796106849189,0.0017804836022692412,0.0001740477312244089,0.4978212467407391,0.20976085248504073
0.13409025110530393,0.5918367226155771,0.0026039939639829184,0.0003864395897787311,0.010108552064496337,0.0009627280114344323,0.13071901877213027,0.6998960629486416
0.14920061763174275,0.9999999795918372,0.007089630015421841,0.00632045031846308,0.016317270690473916,0.00011309083801288339,0.5446622319302883,0.19106922861980338
0.19429115666242167,0.3061224427321951,0.004196991202918558,0.00046660347235677344,0.020963758542847516,0.0006181897624141672,0.12527206401738308,0.6386295577671669
0.26196940863693663,0.4693877455226991,0.012258560256666641,0.0002693820196217383,0.0029291827005074613,0.0007644799076684536,0.1623091124104149,0.5545168542471235
0.28300084004782483,0.6734693740108292,0.006388133679421322,0.001333958573925792,0.004333467348103685,0.00024526328586759204,0.15795213036864467,0.5804773989347892
0.20691848564199292,0.2653061170345691,0.04197886897156985,0.03362770535701721,0.01513985411477974,0.00017417570029190253,0.6633986151128634,0.42159899220674707
0.20575833715299452,0.3877550941274471,0.0014108417180609314,0.0004616165303349468,0.13006145539802247,0.001662490733622817,0.1448799376104179,0.6355136269121684
0.26118419256020864,0.28571427988338205,0.011837976416908725,0.0022537806630865817,0.018092010797251968,0.0004313160912180271,0.6448798831441948,0.29595005098879906
0.18839132614176218,0.6734693740108292,0.003522759535585548,0.0025810087893158675,0.00370455459181826,0.000695972839474805,0.13725469960693829,0.6220144288856445
0.08809422415660598,0.4285714198250731,0.003127092249432712,0.001757917881966408,0.07687668714959288,0.0014350389742094633,0.14052295556864766,0.6303219933264057
0.18377898282861846,0.08163265139525201,0.006058188956509005,0.0023410448859316232,0.11392223306777548,0.0002347536820903689,0.5370369939268087,0.31568031847236927
0.08980616251514283,0.32653060558100805,0.009338100396213194,0.005276959329697914,0.025759577277992086,0.00037062781776078997,0.9967316351058443,0.18930408904570303
0.12264430497852093,0.9999999795918372,0.0037948835313615344,0.004884104983137903,0.014640170007046116,0.000746882623722106,0.1797382872104119,0.457943596318889
0.16046970630125776,0.4897959083715121,0.0012420754194738767,0.0016491914100006354,0.036787088621078996,0.0006384188474424264,0.12200422359997908,0.5960538841979788
0.2657753015095625,0.24489795418575605,0.005169041378180162,0.0014453223151335926,0.049049451494771995,0.0011450237909940227,0.5250543583372534,0.21079949610337353
0.2962506782673641,0.7551020254060812,0.0035152925227409605,0.00045936998557948315,0.027683648267541106,0.0002958243640132604,0.5424835331372505,0.17341624837289885
0.12603989732063386,0.7755101882548942,0.0007199415942412654,0.0040920619053119054,0.017936936418989805,0.0010794390674663055,0.12636162118605465,0.6054000922570728
0.1000070732959343,0.7755101882548942,0.005254554303882221,0.00664548757938666,0.009226925506598501,0.0008779200666493601,0.12636162118605465,0.6033228050204071
0.12371249973329988,0.9999999795918372,0.00849165023923847,0.0028740908877694905,0.0028602607546131683,0.0004961957935708981,0.1394333983999761,0.718587686813879
0.023762028919397944,0.6530612111620161,0.0013390041922550797,0.003130380974161113,0.01022342197432016,0.0009817792622482337,0.12636162118605465,0.6022841614020743
0.24904498409091716,0.8775510024989592,0.003835884377936778,4.525044673397257e-05,0.020159669174080762,0.0005034549061754847,0.5381261355511748,0.1713397533891839
0.11670910633961891,0.8163265139525202,0.0031784409865988628,0.001700720561990826,0.01378438917885864,0.0001438355025510972,0.5413943915128843,0.19833814944223177
0.12928691658043956,0.4285714198250731,0.003017442465187716,0.002451672690064358,0.03204870484084634,0.0013072328463092965,0.14379079598605168,0.6313606369447385
0.09710666834132745,0.08163265139525201,0.004085044009837889,0.0032029918183371655,0.016656136924454192,0.0002920671076475193,0.06535930161391244,0.7102801223731178
0.05095500986612363,0.5714285597667641,0.0049706352062351715,0.0017923747463224598,0.0010912641433263091,0.00113151390823589,0.11002158801042387,0.6137068644448833
0.31284660695632116,0.6938775368596422,0.011343229510972523,0.001311619010344522,0.010338291884143981,0.00027496089058674734,0.15359473278256908,0.6292833497080729
0.09702178148433432,0.7346938625572681,0.0032484419745478685,0.0001053455189426252,0.005341450806807723,0.0016729811228253413,0.13616555798257207,0.606437943622455
0.05456281935071937,0.6938775368596422,0.0032733376899775684,0.00034844683827846545,0.002642007925947906,0.0009844162704798888,0.13507600081390048,0.616822003046931
0.24530274371149452,0.8163265139525202,0.0008594913817335267,0.0017086914383505672,0.007960484750790867,0.0002888075279810502,0.11111114517909546,0.6209757852673117
0.05382710514668659,0.6326530483132031,0.0015591643773882752,0.00309527387066571,0.0021538108091966627,5.723983373605417e-05,0.5653592471476893,0.40083087335779477
0.3078239631126645,0.3061224427321951,0.014138931215424451,0.0019381580708634307,0.00034460972947146604,0.000518599392017814,0.5991284551233171,0.16407083256675553
0.23009337343966535,0.3061224427321951,0.006225682737186173,0.004808138362733377,0.06322727011477722,0.00322755396623567,0.10457504879998206,0.660436320234452
0.3432300299799033,0.4897959083715121,0.018531712357369008,0.003088849914670993,0.025061742575812368,0.00045385382661091486,0.5043573431198525,0.23572139717270646
0.5647212428993047,0.22448979133694305,0.025361493798828443,0.0022633977144826535,0.03339555453353065,0.0010695153160716468,0.11328984397213325,0.6542052507774058
0.5256931906278789,0.16326530279050402,0.020828489101720995,0.0016107730738365651,0.011372121072558378,0.0008513176801247008,0.09694981079650246,0.6656279538202148
0.12537491935308612,0.6734693740108292,0.003568653880345919,0.0034543046460895283,0.02593188214272782,0.0020351793145200465,0.13071901877213027,0.6188992902835967
0.043965758659923034,0.6122448854643902,0.00010393734576742494,0.005086496877994403,0.021997587731261915,0.0010373908529243165,0.12832240854535817,0.7258566076363073
0.3246674854953746,0.7142856997084551,0.010783036842225435,0.0011105861782312522,0.012176210441325132,0.0003654913776523226,0.14705863640345568,0.6240917161223101
0.46943261727124164,0.5306122340691382,0.025847363642052663,0.003569154405021324,0.045660789154969246,0.0005135725326288536,0.5577340091442097,0.21599192194208697
0.3846349479792474,0.9387754910453981,0.017528798760551727,0.0024069015707674345,0.021279650794863027,0.0003694866641694317,0.14705863640345568,0.6230530725039773
0.2610002513596589,0.12244897709287803,0.014006417785152252,0.0006650789231341902,0.007351674228724609,0.0001428957177025818,0.23856190798951632,0.3831771008579396
0.02434917847415119,0.7755101882548942,0.008598536186822199,0.0116539460772764,0.01259835735992768,0.0006214998379829444,0.5435726747616166,0.19833814944223177
0.12500707068409744,0.9999999795918372,0.005040289933169943,0.00028740279457828075,0.011601860892206023,0.0024632339238287097,0.4978212467407391,0.23052976358694371
0.046455854650989226,0.32653060558100805,0.0026220103031137543,0.0029416857397760164,0.00229739819647644,0.00042731580891149627,0.6949891242954533,0.2596054468766572
0.10536926456756346,0.4693877455226991,0.002366268933518792,0.002182562289323614,0.04833151455837311,0.0011779204878984953,0.1394333983999761,0.6012463100366922
0.3422254877183276,0.4285714198250731,0.013680744888192885,0.0001867779246368992,0.040951122852192545,0.000746074650856024,0.11546854276517104,0.62824470608974
0.23624078078802246,0.6326530483132031,0.0027588181340288983,0.0033514124121201646,0.020073516741712896,0.0009043881432968752,0.09586066917213625,0.6407060527508819
0.460462608081989,0.2653061170345691,0.018846903652112112,0.0010328344262505631,0.006518867382501899,5.649430823774304e-05,0.5566448675198434,0.21599192194208697
0.12961939713118573,0.8979591653477722,0.001149611225767891,0.0024145693572528394,0.012721842512988288,0.0014528447362912923,0.13616555798257207,0.616822003046931
0.16067486499954195,0.4693877455226991,0.002106176552904436,0.002611104742333027,0.020102234219168853,0.0005584761290439488,0.12962946160345867,0.5970925278163116
0.13593661192563994,0.22448979133694305,0.019828871409643022,0.02346554730612049,0.018293033139443658,0.0002265972104182017,0.8398690619058712,0.26479708046241995
0.16701328042567515,0.6938775368596422,0.0038452615568578875,0.0011074158387789296,0.008701395669154517,0.0004486972111990138,0.12962946160345867,0.6292833497080729
0.18240660876410955,0.3877550941274471,0.008614137034123542,5.1418761428930955e-05,0.00976394233502487,0.0005894439708672885,0.6949891242954533,0.253374377419611
0.300162692360773,0.9387754910453981,0.01003156708863386,0.0027910897740994188,0.022686807190204848,0.0005964258940172711,0.14814819357212727,0.6188992902835967
0.08759195302581814,0.18367346563931702,0.004683403186005586,0.0046188267810479125,0.03236459709286185,0.0005029837071601474,0.1274507628104209,0.6905506471424984
0.08763440488734242,0.8163265139525202,0.001087335644038187,0.0006837436430314152,0.024294985927738356,0.0013372598464825123,0.13834425677560985,0.6137068644448833
0.027829657673257253,0.4693877455226991,0.0027563123434394244,0.005049893691892452,0.03190511745356656,0.0008121993039327759,0.6263615667198316,0.27310464490318115
0.29780701039847823,0.2653061170345691,0.0037308842852249607,0.0010231292560731345,0.06254666589907108,0.0007898844576063935,0.5196078191268116,0.21495327832375413
0.34746742401472114,0.040816325697626006,0.006438117516100066,0.0028620011846350233,0.009160875308449805,0.00022068519321659445,0.09803895242086867,0.6542052507774058
0.22763157025658762,0.22448979133694305,0.25597032904695183,0.2058259951248641,0.008753087128575237,0.00019986289662366085,0.709150043133741,0.40706115056189035
0.13494622028457234,0.4489795826738861,0.00859346903717557,0.00520753431838629,0.0021825282866526183,0.0006360078026092285,0.03812619001739803,0.7040498451690222
0.3248514266959244,0.5102040712203251,0.014097501449739298,0.0016383552207394215,0.03411636321767514,0.0003851742115364715,0.11002158801042387,0.6521287557936908
0.16203308844354278,0.6326530483132031,0.00042009761566571055,0.007292981479779807,0.021882717821438094,0.0009470061468369806,0.45860549955466945,0.22326084276451533
0.23068051456139088,0.5306122340691382,0.001211222417005888,0.00030892895402395183,0.01372695422394673,0.002029483345996352,0.16448781120345268,0.5898236069938833
0.08368703954174647,0.2653061170345691,0.004122154369069642,0.005878365170765073,0.047757165009254,0.0008480324490010089,0.6350759463476773,0.2793349221072767
0.19917937804427918,0.36734693127863405,0.0018834539668053166,0.0011023611130791364,0.0683475963451741,0.0007070726381284746,0.11111114517909546,0.6002076664183593
0.28051781936701264,0.8163265139525202,0.009509313791195736,0.00030663883404693826,0.008069611165123496,0.00027453707471261727,0.5283221987546575,0.17445489199123168
0.24890347788583622,0.12244897709287803,0.01471028620011689,0.005254053288236494,0.06935270805613254,0.00021621757402424087,0.6459694403128663,0.2949114073704663
0.3859507364277794,0.4081632569762601,0.016733843207970812,0.002182553574279304,0.0033886623398027495,0.0007219547873824419,0.1666665099964905,0.5597092800858369
0.062117994180911074,0.36734693127863405,0.002909030121257384,0.0012285065377749336,0.0004307621618393325,0.00018568993810724933,0.86274477591631,0.17860867421161228
0.14579087466912172,0.32653060558100805,0.007556040475870144,0.004171039573525532,0.01689736373508422,0.00024241534003489412,0.6296294071372355,0.2803735657256095
0.29704297808737384,0.24489795418575605,0.008348298526648085,0.0020355883928960734,0.013675262764526009,0.0003489357350149684,0.10021765121390647,0.6573211816324042
0.20138652065637752,0.6530612111620161,0.0021882098506209183,0.0033791330313937247,0.02532881511615275,6.170241870983667e-05,0.12854031997909246,0.6967809243465939
0.09738256327609666,0.7142856997084551,0.00442806017286331,0.0027053724716194004,0.01130032737891849,0.0006561609900674278,0.28104549559298997,0.5275184581940756
0.3028367042533058,0.32653060558100805,0.0024826390293239166,0.003228052412419665,0.045804376542249024,0.00043791745050152645,0.11546854276517104,0.5887849633755504
0.14361205016409498,0.7346938625572681,0.0014612294680391297,0.003085077268823024,0.024346677387159073,0.0007353144890247293,0.1546838744069353,0.5244025273390771
0.13288765075478126,0.4897959083715121,0.001565547457810167,0.0021694122557980988,0.041226810635769724,0.0016172108197622468,0.12418292239301687,0.6105917258428355
0.31822296571451386,0.08163265139525201,0.009896876069034426,7.254790218936924e-05,0.0019240709895490186,0.0011015385184103149,0.017429174799997012,0.7248179640179746
0.37972550909965547,0.14285713994169102,0.013136632344780885,0.00011094251406615103,0.06073746481934589,0.00033086825121116803,0.13507600081390048,0.6303219933264057
0.23731605928608315,0.5102040712203251,0.011071669882446417,0.001849619999041746,0.019700189534785476,0.0002287287600478318,0.6416120427267907,0.2907576251500857
0.0609012432098803,0.8163265139525202,0.0001433458084406956,0.003668065316248408,0.035158807649326315,0.003023246546338443,0.6339868047233111,0.2699895063011334
0.2732385310385625,0.7142856997084551,0.010874367091887811,0.0012570967248029786,0.003302509907434883,0.000551951147694877,0.13180816039649648,0.6272068547243579
0.3477150177084742,0.6530612111620161,0.006421516436380472,0.0021627675186808607,0.02165297800179045,0.0003711469955691499,0.14814819357212727,0.6105917258428355
0.10552488766104161,0.3061224427321951,0.048053613858418456,0.04542319343727039,0.006800298661570263,0.0004708938686764242,0.6775599494954563,0.14537920870151816
0.19674587610221764,0.5918367226155771,0.004855412946590576,0.0006620189742431277,0.047211532937590846,0.000717529094392081,0.1742917479999701,0.523364675973695
0.15913270035499133,0.6734693740108292,0.008023475479941308,0.002470916960408197,0.002699442880859817,9.368853691933611e-05,0.4564268007616316,0.41744520998636647
0.40696800035210406,0.22448979133694305,0.018183791235162002,0.0032401014453473528,0.06424099706897246,0.0004371235042749744,0.0337692079756278,0.7113187659914506
0.05873655245930622,0.8571428396501461,0.002453219346019166,1.7647964727726303e-05,0.018522772959091303,3.3846665477578494e-05,0.5686275031093987,0.29179626876841847
0.18150818772331684,0.5102040712203251,0.0030461105849670864,0.0022560586788353872,0.03365688357837985,0.0007381678917966418,0.6372546451407152,0.28556599156432294
0.19383840427038446,0.5102040712203251,0.004478178415773257,0.0023118703067656803,0.014872781574439355,0.0004645204134634267,0.020152444405217917,0.7268952512546402
0.17762449173697958,0.4693877455226991,0.005517910637366969,0.0026339236333513464,0.020337717534307687,0.00028686495369358223,0.6056645515024305,0.14537920870151816
0.19088849744308242,0.16326530279050402,0.0036364918656904563,0.004040633944669537,0.04155418987876761,0.0014770731621119222,0.14270165436168547,0.6344757755467862
0.2363044670133366,0.5510203969179511,0.007289433387026077,0.002210028719804799,0.02233645396524219,0.0009757203304084798,0.4564268007616316,0.21287599108708852
0.1274122713851428,0.3877550941274471,0.0045706540704757,0.0028601429435204826,0.06530354373484282,0.0009576474857383383,0.16448781120345268,0.5919001019775981
0.1870967551909646,0.6734693740108292,0.008670122265311796,0.0030082948234372566,0.00837688817390222,0.00010842765287924604,0.5620914067302852,0.18587759503404064
0.14675296506917312,0.20408162848813005,0.0044424871362848985,0.0029966064965101778,0.04129573258166401,0.00010439124717228161,0.051198382775624815,0.7030112015506894
0.09214769385692947,0.14285713994169102,0.010388993891843489,0.008914986793224562,0.021081500200416936,0.00015845806290088453,0.7679736639128454,0.38629303171293805
0.15265986246705895,0.4489795826738861,0.003527864193947862,0.0024099707188719355,0.028349893744519274,0.00048164905393287196,0.04466228639651142,0.7196263304322118
0.15993915079550916,0.4081632569762601,0.00679953135686578,0.00461139623743539,0.05987881224341283,0.0012115384999371588,0.16993476595819987,0.5410176562205995
0.22183784409065566,0.6938775368596422,0.012760986030230464,0.00312275046869859,0.013011889035293439,0.00018507747353872697,0.705882202716337,0.24818274383384825
0.09516835378677198,0.3469387684298211,0.0023313691573919612,0.002995351045960411,0.025529837458344442,0.0009651820777003807,0.14052295556864766,0.6022841614020743
0.2177136212877917,0.7959183511037071,0.0033718980918910446,0.0007304223886939691,0.010501981505642927,0.00011503664034890075,0.5631805483546515,0.183800307797375
0.3602574598310523,0.6530612111620161,0.010785026887974248,0.0010796874727993168,0.0014933088277096862,0.0003238899019720794,0.49673210511637284,0.22014491190951688
0.02578523033094653,0.5102040712203251,0.002766097950597986,0.00461532284906617,0.012233645396237045,0.000592854173584821,0.11623077568450524,0.727933894872973
0.10960667546843672,0.9999999795918372,0.001920784863393177,0.0016472857203115177,0.028372867726484036,0.001368221443569075,0.14161209719301387,0.6116303694611683
0.11978635188543835,0.5918367226155771,0.008878767969335715,0.005338506909291565,0.022830394577484623,0.0007257471679907324,0.6263615667198316,0.2782970707418946
0.3449985708204725,0.6530612111620161,0.01346550737469035,0.000990019350232104,0.009571535236069968,0.001330628896753977,0.16339866957908647,0.5846311811551698
0.25455573157879813,0.6938775368596422,0.0031366663491111646,0.001858995934211909,0.007684796967213692,0.0006128940142668724,0.14379079598605168,0.6407060527508819
0.15378465970387029,0.28571427988338205,0.006047726108650585,0.0048485519598753055,0.04470162540794033,0.00010071357757494266,0.1797382872104119,0.5846311811551698
0.1638369974023545,0.5306122340691382,0.0014779406427853157,0.0031138659651936853,0.02093504106539156,0.0004719595282037911,0.11111114517909546,0.6344757755467862
0.23642472198857223,0.6530612111620161,0.0013521614161901656,0.0016441604085881308,0.010743208316272953,0.0004428527140128979,0.14379079598605168,0.6407060527508819
0.23068051456139088,0.7142856997084551,0.012589678863458712,0.006305997869982349,0.02067658376828796,0.0007363536132244372,0.340958673540766,0.5441327948226473
0.48116862581935743,0.6530612111620161,0.016232865687595917,0.001153763412757704,0.01990408362472276,0.00020318219518829358,0.4923747075302972,0.22637598136656312
0.24228918439098923,0.9183673281965852,0.00461583366582053,0.000933070409019357,0.007167882373006494,0.0002645727805653444,0.14814819357212727,0.6095530822245027
0.06353282010694428,0.6326530483132031,0.0029163068121001658,0.000883981469435963,0.05355809545535701,9.751742521955416e-05,0.13616555798257207,0.5970925278163116
0.13783247461867112,0.5510203969179511,0.009548051959227609,0.0010283026032093692,0.00963471368647307,0.00035988579448801075,0.3899779419790476,0.46313602215760236
0.10983303479839991,0.5714285597667641,0.003333925726804396,0.000214966251288428,0.005858365401014923,0.0014473024843651876,0.13725469960693829,0.6157841516815489
0.17762449173697958,0.4285714198250731,0.007065937010014504,0.0038875934090639866,0.015162828096744506,0.00016044938456436325,0.8703700139197896,0.08598123210420659
0.23377192759377383,0.7755101882548942,0.009187627931792456,0.0012881658577680868,0.011587502153478046,0.0007244508182795324,0.11111114517909546,0.6209757852673117
0.1530630961203456,0.9999999795918372,0.004086275893305785,0.0028740908877694905,0.023060134397132268,0.0007917571869148316,0.5457513735546545,0.1671859711688033
0.8793717419483822,0.020408162848813003,0.032719668853404715,0.00255928412052758,0.08724369651119282,0.00047483518145320457,0.5501087711407301,0.22949111996861088
0.1325268689630189,0.4081632569762601,0.001503456988538424,0.004393452346007717,0.01616793980770295,0.00043189337390027606,0.45969505672334104,0.22222219914618252
0.18536359933469335,0.8775510024989592,0.0019292399530537112,0.0026627500949140182,0.0074033656881453275,0.00014132204403475494,0.5413943915128843,0.20145328804427953
0.08459959433699182,0.7551020254060812,0.004867700524006459,0.003186510701208721,0.015065188673394255,0.0002295695898366487,0.15032689236516505,0.7061263401527372
0.08189019746016107,0.8163265139525202,0.000774395219539072,0.007309293137713335,0.0027568778357717283,0.00035042734323425704,0.13507600081390048,0.5991690228000266
0.17110921885357835,0.040816325697626006,0.00121737662480152,0.006777351041488066,0.039630118889218593,0.0002550200626081185,0.529411755923329,0.21287599108708852
0.13945952612021484,0.8571428396501461,0.0035986209130573245,0.003973028925111315,0.020475561426096273,0.0006337911516282575,0.5403048343442127,0.20249193166261234
0.6874221334938025,0.16326530279050402,0.02806884511269737,0.003999880944968646,0.0028430302681395946,0.00028274669389840115,0.5511983283094016,0.22429869412989747
0.46740234898246674,0.4693877455226991,0.024551170091904603,0.0015998889518316468,0.02906208718542697,0.00034779206431432473,0.5610018495616137,0.21599192194208697
0.4687039699444352,0.8163265139525202,0.011973021685489624,0.0016387914571240495,0.008356785939683052,0.00011300994465340169,0.13071901877213027,0.5939773892142638
0.15331068981409862,0.5510203969179511,0.013904251684292148,0.0006282384941593564,0.022425478145355653,0.0005558192337274804,0.6241828679267937,0.27102814991946617
0.276457249057352,0.9999999795918372,0.00845239458985132,0.003181514075804328,0.007989202228246822,9.870872885087607e-05,0.5479300723476923,0.19730029807684962
0.11191283869198086,0.28571427988338205,0.0021253584406448734,0.0030782408007309667,0.009562919992833182,0.0005215177208376334,0.45206940317555605,0.24506760523180046
0.24609504353150424,0.12244897709287803,0.011408727369221858,0.0022238759568751136,0.049451496179155376,0.0007650396282294279,0.05337666602435725,0.7102801223731178
0.16159450353806906,0.9999999795918372,0.0054105315196325745,0.0004138484041336443,0.007139164895550538,0.0014923217909491187,0.6318081059302734,0.274143288521514
0.20667797569152166,0.2653061170345691,0.012858678869442277,0.003128618598533982,0.013267474584651441,0.0004884473626070334,0.06862755757562182,0.7123574096097834
0.39100873152362314,0.10204081424406503,0.027277105585183474,0.009819647126131615,0.012980299810091887,0.0005608989908405864,0.6546838199407121,0.2990651895908469
0.3027164492780702,0.2653061170345691,0.012340867576389374,5.2440358289712914e-05,0.018809947733650856,0.0008085229793556658,0.017429174799997012,0.7217028254159268
0.23570315840504755,0.040816325697626006,0.006582689303858966,0.0033643799138842988,0.05223709149238306,0.0004369750909000014,0.5816992803233201,0.2907576251500857
0.18701895207725325,0.24489795418575605,0.011964478033583725,0.00535463942464761,0.010568031703791624,0.00024553517209957923,0.442265881923344,0.455867101335174
0.16170769163607837,0.2653061170345691,0.18384238853688412,0.1749931560611473,0.014697604961958027,0.00025207406480073295,0.6263615667198316,0.42575277442712767
0.09141199651895213,0.5306122340691382,0.004594078958026481,0.004461119823383493,0.027626213312629194,0.00045184917003259525,0.14705863640345568,0.7123574096097834
0.45281547108455017,0.6734693740108292,0.010965343092568726,0.001838902431216974,0.0120039055765894,6.0601807871092815e-05,0.12091508197561285,0.5919001019775981
0.20817060473126622,0.32653060558100805,0.004387474353281056,0.002039783234223948,0.00037332720692742155,6.960383611745277e-05,0.5816992803233201,0.15576326812599434
0.12038057675044564,0.22448979133694305,0.0014828133027950628,0.0031136626141597856,0.011975188099133444,0.0004702353852014984,0.6013071539163549,0.16926246615251825
0.09260044624896671,0.8571428396501461,0.0042800837745502005,0.003921641150506597,0.0011774165756941756,0.000768471735562117,0.5424835331372505,0.19937679306056458
0.12642896348735697,0.36734693127863405,0.002681640478478936,0.0017942329874370006,0.016311527194982727,0.00026818761850341843,0.8474942999093509,0.18068516919532723
0.3251555891395989,0.5714285597667641,0.006008246796181021,0.0025404296063320487,0.030555396013136654,0.00010558216651210954,0.006536096379113392,0.7144339045934984
0.10275890516823391,0.5714285597667641,0.009969229686983862,0.006598692633133306,0.0006605019814869765,0.0002712223684313375,0.8496729987023887,0.01453784164485675
0.27730615135939407,0.5714285597667641,0.009932554498314632,0.002995021810953145,0.005714778013735145,0.000417600036073377,0.025054412803476617,0.7102801223731178
0.4404074514237712,0.9999999795918372,0.0164922488756415,0.0009251392345281395,0.009117799092265873,2.6358361425985322e-05,0.5544661687268057,0.1921078722381362
0.12574985176535655,0.6530612111620161,0.00574763589230262,0.0046668858928953436,0.006223077364705556,0.00013101822835255531,0.6296294071372355,0.2782970707418946
0.15286502116534317,0.8367346768013332,0.004610352183786758,0.0006620189742431277,0.006633737292325721,0.00026538651780383605,0.11873638318257505,0.6157841516815489
0.23497451107824108,0.6326530483132031,0.004929704514850374,0.000894410472460249,0.03095744069752003,0.0007254253238645285,0.15795213036864467,0.5898236069938833
0.1574985819762213,0.36734693127863405,0.00045694298276721126,0.0035999330365094327,0.017977140887428144,0.00047058276549747697,0.45860549955466945,0.22429869412989747
0.2771080764043916,0.6530612111620161,0.013534617183338928,0.001522702225223722,0.020331974038816494,0.0002607905836816443,0.002178698793037797,0.7227414690342596
0.2967812506391681,0.7755101882548942,0.009032140413163537,0.003430596336382461,0.005889954626216474,0.0001752011821435743,0.12527206401738308,0.5898236069938833
0.3933644134859179,0.22448979133694305,0.014190373724379812,0.001288834011165186,0.004996841077336257,2.312339562970536e-05,0.03267965080695622,0.7061263401527372
0.06365308351520763,0.36734693127863405,0.005868360124853446,0.003243434465626795,0.00715065188653292,0.00016558334599269442,0.9847494150605944,0.1630321889484227
0.12125069655022215,0.5102040712203251,0.006327313991544851,0.007263931332079846,0.044675779678229985,0.001480461844505792,0.13398685918953426,0.6656279538202148
0.5066213250013915,0.9183673281965852,0.023082394773257364,0.004569225106357614,0.006909425075902894,0.00023802054408064878,0.13834425677560985,0.5825546861714548
0.2704725316796993,0.6734693740108292,0.00361701754888885,0.0008231930670355379,0.005143300212361631,1.0863920534667918e-06,0.11437898559649946,0.6220144288856445
0.16566212385890067,0.9999999795918372,0.006088173354366561,0.008664046775701015,0.018494055481635345,0.0005626696138990755,0.5468409307233261,0.17549274335661383
0.3968802776693219,0.4081632569762601,0.025502220943229688,0.00732542565306938,0.015599333754075032,0.00019507865966942144,0.18300654317212128,0.44859818051274564
0.18155770646206745,0.6326530483132031,0.008467127179845154,0.0013862318938662303,0.015134110619288548,9.220843823029214e-05,0.37581702314076,0.5202495373716473
0.20415250314918523,0.14285713994169102,0.00626643074723347,0.001384821509195397,0.06158750215204216,0.00045988047796517473,0.5708057863581311,0.29179626876841847
0.2931876002081082,0.6734693740108292,0.003563748226558487,0.0021818321622780884,0.012115903738667626,0.0001247708015350068,0.5021786443268147,0.20976085248504073
0.169666091686529,0.4897959083715121,0.003889441961693234,0.0014163254260377482,0.015070932168885448,0.00032027948338618603,0.7026143622989329,0.21391463470542132
0.15860921172646908,0.32653060558100805,0.012515439390637364,0.004021024610802934,0.007121934409076965,5.230053516399593e-05,0.9651415414675597,0.15160948590561374
0.3021575756652499,0.4693877455226991,0.016844664097672178,0.0018419488233724433,0.008787548101522383,0.00033671217196004296,0.028322377884172238,0.7331255284587358
0.08341821148420357,0.6326530483132031,0.0018893938886974555,0.0024112489253707335,0.0473723508113442,0.0013056026817918553,0.14270165436168547,0.62824470608974
0.13017118700072416,0.7142856997084551,9.811307574864686e-05,0.0008305001475203348,0.027284475330903325,0.0007396771389955036,0.4923747075302972,0.22949111996861088
0.12408743214557032,0.6326530483132031,0.003916109269333179,0.002333143245757234,0.019240709895490187,0.0004417649769392022,0.12418292239301687,0.6022841614020743
0.24417798020679407,0.9387754910453981,0.00631012944291461,0.0023947828174852677,0.016512549537174414,0.0002991578237194461,0.13834425677560985,0.5835925375368369
0.3043434839135584,0.4489795826738861,0.011466046243634448,0.0016367477792333571,0.03784963528694935,0.0006761011263213675,0.48801730994422166,0.23676004079103927
0.16344791436957598,0.3877550941274471,0.004775710398790373,0.0100666847404808,0.022830394577484623,0.00030332219849390417,0.13616555798257207,0.5898236069938833
0.3617005869981017,0.6938775368596422,0.010754755965205214,0.0013696369969926276,0.005757854229919078,0.00017944952460946585,0.15795213036864467,0.6095530822245027
0.21871814668331194,0.7959183511037071,0.0002983922523573979,0.0015383554131427175,0.003618402159450393,0.0005063411274409826,0.12091508197561285,0.6344757755467862
0.1736063901548986,0.8775510024989592,0.005649073059268683,0.0024389293586066416,0.006401125724932481,0.00038333595317504297,0.5446622319302883,0.3541014175682261
0.4470571299029162,0.3469387684298211,0.014534234875416902,0.0022056242332443563,0.03918499798865128,0.0004326015654799475,0.28104549559298997,0.5212873887370294
0.17762449173697958,0.6734693740108292,0.004007834055116088,0.004881320526480862,0.037912813737352447,0.002506221154636226,0.10239635000694426,0.6479749735733102
0.12587010674059218,0.3469387684298211,0.0027907752124891167,0.001190513786274668,0.03716041582800642,0.0008214711048079061,0.45206940317555605,0.24299031799513482
0.0897212756581497,0.6734693740108292,0.0037169404201692706,0.005863670637720176,0.0046809488253207465,0.0007704154819386415,0.13725469960693829,0.5960538841979788
0.0749504734257388,0.6938775368596422,0.003790942337791284,0.003930116046928932,0.026813508700625648,0.0017625540899899542,0.5021786443268147,0.3499476353478455
0.25879312561361595,0.4285714198250731,0.006106248734994307,0.0038437373694196115,0.0362701740268718,0.00027533870676904875,0.002178698793037797,0.7455868751198775
0.3294001006498094,0.22448979133694305,0.01903632613934776,0.0007754404342463421,0.03199126988593443,0.00023222638908024356,0.6568625187337499,0.29595005098879906
0.21957411586258035,0.10204081424406503,0.010076712995595158,0.0033084152885094523,0.019240709895490187,0.0008102640119691187,0.501089087158143,0.36137033839065447
0.24602430729501923,0.3877550941274471,0.007842704308517695,0.003301040908515817,0.046838205730663426,0.0017634698566200962,0.49564254794770124,0.2346835458073243
0.1833474648003711,0.8367346768013332,0.009270893807582678,0.003438438423754066,0.014157716385786064,0.00010535735598813428,0.5806097231546485,0.19522301084018398
0.10480332407751691,0.4489795826738861,0.004122698940052912,0.005080507705876928,0.024725748089577688,0.0007113262453878336,0.12418292239301687,0.6178606466652639
0.3729343244154296,0.4693877455226991,0.010110199943431208,0.002313030860166294,0.013879156854463292,3.52243504834782e-05,0.5424835331372505,0.17653138697494664
0.06427560118820339,0.5714285597667641,0.0025495056083928115,0.002509504271598055,0.016142094077992587,0.00023724600457454255,0.726579217933738,0.26479708046241995
0.18528577935492654,0.24489795418575605,0.008261318940702178,0.00298454293850864,0.0039342944114659035,3.5913192986428046e-05,0.04139444597910741,0.7237801126525925
0.08999008684963716,0.14285713994169102,0.0039458963991304665,0.0025491698274367103,0.04284647636428561,0.0001419636186839459,0.09488006772033183,0.7372793106791163
0.3381154324020272,0.9999999795918372,0.006801861759479138,0.0012315819800781031,0.005490781689578693,0.00014302501257572962,0.49346384915466346,0.22845247635027807
0.07347905345070095,0.8979591653477722,0.003945764771322647,0.004917638052797097,0.033685601055835804,0.000987477920812386,0.14161209719301387,0.6074765872407877
0.04690859860999874,0.7755101882548942,1.956010062358864e-05,0.004808138362733377,0.03428866808241087,0.0014243130143211324,0.13289771756516805,0.6074765872407877
0.07947084613860762,0.32653060558100805,0.014753410804066305,0.015638817779266734,0.00923554074983529,0.00029250577638789146,0.6013071539163549,0.18899273363608843
0.08268251414622622,0.5510203969179511,0.0036225761321715295,0.0032193867533607664,0.012951582332635932,0.0010302342885048972,0.10566460596865364,0.6033228050204071
0.3001556086174912,0.7755101882548942,0.016797361439559025,0.006993275947650593,0.011914881396475938,0.00012005785065289973,0.5119825811233321,0.19314651585646903
0.26240802727452117,0.7346938625572681,0.004901416691771693,0.0005004807862662113,0.005398885761719634,0.0005350561564537684,0.12200422359997908,0.6188992902835967
0.024221848188661507,0.8163265139525202,0.0021978975183551933,0.0007637719582535244,0.00057434954911911,0.0009680938735648026,0.13398685918953426,0.60436144863874
0.41964483120437046,0.020408162848813003,0.011610135280330372,0.0003723841599832333,0.01909712250821041,0.0002558507086723451,0.09803895242086867,0.6542052507774058
0.045387659896210276,0.9999999795918372,0.0012238052019063251,0.003940429817700675,0.007429211417855688,0.00022970357306602304,0.5501087711407301,0.18899273363608843
0.06934776377061065,0.3469387684298211,0.0032626470114016574,0.0020261945434681627,0.003532249727082527,0.000903459253112214,0.4575163579303032,0.4205603485884143
0.512535306142559,0.28571427988338205,0.019690582331761266,0.001691056546189306,0.02693699385368626,0.00034336925351016864,0.09368197037909844,0.6531673994120236
0.26359647700453576,0.20408162848813005,0.01564096426197856,0.002650690410265507,0.023522485784173153,0.000354622461328233,0.28540289317906553,0.5171336065166487
0.17585595089641037,0.7142856997084551,0.005103047224053853,0.0004113597748140143,0.00344609729471466,0.000451516950036054,0.11220028680346167,0.6054000922570728
0.13046123255600148,0.32653060558100805,0.01356984759184846,0.01360806720430096,0.005723393256971932,0.000151634698421316,0.824618585898912,0.06438164378352255
0.17025324967430994,0.8163265139525202,0.002993718549820232,0.0024763914607422548,0.018146574004418284,0.0002644630653438146,0.5119825811233321,0.1962616544585168
0.5169283738690214,0.4081632569762601,0.023829328750674502,0.001310717003258438,0.009993682154672515,0.0005511821804154333,0.16013082916168248,0.5752857653490264
0.15109648032477394,0.7346938625572681,0.00012406007712628016,0.0024546551718948872,0.0050542760322481685,0.0006012251951980742,0.12527206401738308,0.60436144863874
0.1595146996444881,0.6326530483132031,0.0023635863657415087,0.0013065981764837122,0.005197863419527946,0.002368119089029486,0.12418292239301687,0.6095530822245027
0.10688312797109788,0.5918367226155771,0.0031292979702967107,0.0008970588775922288,0.06151283671065669,0.0017092447896542744,0.11111114517909546,0.6157841516815489
0.3776244708422847,0.8163265139525202,0.01237058628751083,0.002517842148157072,0.00887370053389025,0.00013189531604382873,0.13071901877213027,0.5908614583592654
0.12052913296669747,0.6734693740108292,0.0029851603111915657,0.0006559474933738359,0.04769973005434209,0.0004059420924538582,0.1274507628104209,0.6022841614020743
0.33470568943940615,0.3061224427321951,0.009245408719092641,0.0015899828514659598,0.012147492963869178,0.0007038690689472524,0.16448781120345268,0.558670636467504
0.2878395426909317,0.6734693740108292,0.012831835826523292,0.0005138099623692101,0.013267474584651441,0.00023770196643214367,0.11655768438953726,0.6188992902835967
0.13722409913315572,0.36734693127863405,0.0035283254122296117,0.0023364113873734793,0.18442364022214625,0.0004342628383938259,0.1568625731999731,0.5711319831286459
0.2233729249919245,0.8775510024989592,0.0014982995401318139,0.0024680037147630195,0.01634024467243868,0.00039003088743732515,0.5424835331372505,0.16614732755047049
0.2975594167047252,0.24489795418575605,0.007414993812779735,0.0012263950762062747,0.23367411405910993,0.000879477984365934,0.13616555798257207,0.6438211913529296
0.09214769385692947,0.4081632569762601,0.0035543616704584564,0.0038067361962941717,0.11306070874409681,0.0012325965209324967,0.14596949477908946,0.6438211913529296
0.3228848109003527,0.020408162848813003,0.0033163747735903853,0.0024076423495337836,0.013382344494475264,0.0006962467432371355,0.09586066917213625,0.6479749735733102
0.14402235069460795,0.4285714198250731,0.002651624476055388,0.00024377915611550598,0.004164034231113548,0.0007228443645472696,0.0,0.7362406670607835
0.24907328533193335,0.6530612111620161,0.012706403902851146,0.0010305007310519995,0.023203721784412046,0.0001438355025510972,0.5980388979546455,0.1422632778465197
0.09961799026315578,0.6734693740108292,0.0033450307377674506,0.002784337551435691,0.010418700821020655,0.000302857436361091,0.642701184351157,0.28348870432765727
0.17991650434001563,0.2653061170345691,0.009820688226815024,0.0017719234423416873,0.018608925391459166,0.0005181753839979368,0.4389976259616346,0.44236790330865006
0.10314090445773068,0.8367346768013332,0.0009575211047806526,0.0016392078425744156,0.025845729710359953,0.0011137434241132078,0.12962946160345867,0.6126690130795012
0.11484152802154848,0.4897959083715121,0.0017282925656211003,0.0025815849505785833,0.07526850841205937,0.0018398435638411561,0.14052295556864766,0.6303219933264057
0.1525679087328395,0.9999999795918372,0.003614131461598686,0.0025671412171421625,0.01327608982788823,0.0006112256127457808,0.7211326787232961,0.28141220934394234
0.05158460284937343,0.6938775368596422,0.0033765175680699213,0.0012913323238673826,0.04678077077575151,0.0013244533324458017,0.11176471326257627,0.7258566076363073
0.26063240269067023,0.5306122340691382,0.003992083867557854,0.0029544242295424495,0.025615989890712308,0.00014791494890538682,0.15904127199301088,0.5835925375368369
0.05850310938606128,0.3061224427321951,0.0011635759289989611,0.0003255601635821795,0.1195221411716868,0.0006313778586898199,0.7570805854919618,0.23364490218899148
0.4709181794337599,0.32653060558100805,0.008689348955129302,0.0004634951065528776,0.01346849692684313,0.0005451687102594168,0.11982552480694127,0.592938745595931
0.33929679838876003,0.3877550941274471,0.01205139059006549,0.0035079796356564893,0.01711561656374948,0.0005602739407256364,0.1808278443790835,0.44652089327608
0.31081633866754627,0.7346938625572681,0.0088046708907128,0.0019951021703848945,0.012147492963869176,0.00042067888345022965,0.5468409307233261,0.19937679306056458
0.26872520833686453,0.2653061170345691,0.005840058409657845,0.0022738857861405964,0.0240078111531788,0.0008173126865516047,0.5708057863581311,0.22845247635027807
0.3504881008106191,0.9999999795918372,0.0013470178599004755,0.003179710061632161,0.004422491528217148,0.0005341078979778108,0.49455340632333505,0.22845247635027807
0.09361912226499505,0.6938775368596422,0.0023370847215958383,0.005308715982825255,0.01289414737772402,0.0009306884767072704,0.12527206401738308,0.60436144863874
0.09497736257505131,0.4285714198250731,0.009711468403588708,0.0051737732050676525,0.01175980701821378,0.00017492013055945584,0.7962963326780313,0.33125601148260814
0.17010467659200268,0.3877550941274471,0.0008521007755320003,0.0018296993444256264,0.016081787375335083,0.0005187748787285376,0.04161219119511958,0.7289717462383551
0.15310553111581443,0.4489795826738861,0.005869095712444369,0.00501795160198896,0.003761989546730171,0.0006467754581246557,0.08355116643197955,0.7310490334750208
0.1965761023882314,0.6122448854643902,0.0119582439461158,0.005454746233621675,0.009585893974797949,0.0002610951346906193,0.7494553474884822,0.20353057528094518
0.20203733113736175,0.3061224427321951,0.005100022215594487,0.0025323691586835663,0.04080753546491277,0.00023123760706624636,0.11328984397213325,0.6355136269121684
0.28626199306208316,0.32653060558100805,0.007051141905494531,0.0007466323711105474,0.01984377692206525,0.0007533865651118827,0.4433550235477102,0.24922138745218106
0.16797537082572656,0.20408162848813005,0.004702317997798232,0.0030288119744194828,0.025650450863659458,0.00038514590846794024,0.10130720838257805,0.6448598349712624
0.2780277149429188,0.4693877455226991,0.013155918076095301,0.00015414976707855968,0.0884785480417989,0.0002655786635508235,0.0010891416243662153,0.7403944492811642
0.07096066465164629,0.8163265139525202,0.001681714381405334,0.006396582040540366,0.0066883004994920375,0.000896563910835824,0.07385610224346824,0.7289717462383551
0.14170201998450027,0.5510203969179511,0.0001727519469314493,0.0030648438409500013,0.007753718913107986,0.0004706898291076983,0.14052295556864766,0.6199379339019295
0.1705503621068136,0.9183673281965852,0.004234517631052068,0.003041807073823932,0.011860318189309623,0.0002934679270013562,0.5435726747616166,0.16822382253418544
0.7767472592419474,0.5714285597667641,0.027486216675124218,0.0017399004961937635,0.03537993222573718,9.372197027931193e-05,0.1448799376104179,0.5867084683918354
0.12653508470813996,0.8571428396501461,0.0029470729888374024,0.003456462587894507,0.01101602435210453,0.0003703837926621159,0.13725469960693829,0.5867084683918354
0.09934209532838655,0.5714285597667641,0.005014160597757732,0.0049749636775916865,0.03371431853329176,0.0005652881761390198,0.1394333983999761,0.6022841614020743
0.09167374083321327,0.7346938625572681,0.005158842827846147,0.00016396871700114648,0.023042903910658698,0.0009797629039939224,0.1797382872104119,0.455867101335174
0.13007214952322294,0.5306122340691382,0.0015763489260185162,0.004970833714927008,0.025845729710359953,4.86301671050425e-06,0.13725469960693829,0.7331255284587358
0.06063242358536512,0.7346938625572681,0.0016134679678233438,0.0006189133967476689,0.010079834587040381,0.0016585486714776232,0.1274507628104209,0.6085152308591205
0.2771080764043916,0.36734693127863405,0.008225067461599013,0.0013723580274938572,0.028774912410867413,0.0004977051368426336,0.44771242113378584,0.2596054468766572
0.4067274566695219,0.7346938625572681,0.009320856806086042,0.0007933159584643847,0.002211245764108574,0.0002866670243596105,0.5076251835372565,0.19833814944223177
0.09169495833094768,0.5102040712203251,0.0014295613456108503,0.0025201787483704057,0.03296766411943692,0.0005157708529055619,0.650326837898942,0.34475600176208276
0.3341043808311171,0.6734693740108292,0.009483432777373473,0.001441628104684414,0.0006892194589429321,8.96961325884318e-05,0.11111114517909546,0.6220144288856445
0.17915957263824842,0.4489795826738861,0.011393084845569754,0.00816195854792874,0.026669921313345873,0.0006676043645312856,0.07080584082435426,0.6697817360405953
0.25182511720423295,0.2653061170345691,0.0020732664752234945,0.005695136205838853,0.029452644878827965,0.00098450771264088,0.5588235663128812,0.16407083256675553
0.6249645665858359,0.06122448854643901,0.022765397503314636,0.001799997020909801,0.02682212394386244,0.0006481454573006759,0.08823543116865663,0.6687430924222625
0.14787774543992901,0.8979591653477722,0.005058775825852679,0.0002389471482147458,0.008394118660375793,0.00035748639368708034,0.49999994553377686,0.22845247635027807
0.19278436013611358,0.4693877455226991,0.00582425959969039,0.0012989192541083558,0.03563551777509518,0.00017229171124269103,0.11655768438953726,0.6458984785895953
0.22669071422032608,0.3061224427321951,0.006545624441310127,0.0028759588122665982,0.008155763597491364,0.0005175395929357302,0.5076251835372565,0.20353057528094518
0.22296969133863787,0.8979591653477722,0.0009558366856040829,0.0022380814791003946,0.014157716385786064,0.00036465781097274187,0.5620914067302852,0.17445489199123168
0.21586727733351113,0.4081632569762601,0.006272592942996331,0.004934893840530873,0.05780828211883843,0.000281833617308717,0.11764682601390347,0.6303219933264057
0.19807581517125772,0.4489795826738861,0.0034147517995605156,0.0009577833696677139,0.009792659812480826,0.0005279559483819403,0.15141603398953127,0.5898236069938833
0.35024050711686605,0.06122448854643901,0.013042645227757527,0.001104772275338233,0.034776865199162114,0.0004016097822965332,0.5239652167128872,0.21806841692580192
0.5055319127488781,0.3469387684298211,0.030912811504359174,0.0030980336346972067,0.003015335132875328,0.0007044658736373953,0.15032689236516505,0.6687430924222625
0.2647707929800977,0.08163265139525201,0.007263785066162227,0.0018975377335037034,0.07727873183397625,3.1557633193717534e-05,0.5980388979546455,0.15264812952394655
0.052893315987651374,0.7346938625572681,0.002930327431101839,0.0003345947595168674,0.008931135488802162,0.0007111050856330511,0.14379079598605168,0.6116303694611683
0.024250140996649974,0.8979591653477722,0.003087491033637174,0.004351000396835507,0.012865429900268064,0.0007136836815576221,0.14705863640345568,0.7071649837710701
0.017352860390724267,0.9387754910453981,0.002855578464892445,0.00526792957545451,0.016885876744101837,0.001645370163274745,0.5642701055233231,0.2928349123867513
0.19310270693240708,0.6734693740108292,0.00824448516802417,0.001993760053561156,0.015691229681934087,0.00027884492471635084,0.6949891242954533,0.0913808320895211
0.41025745460737856,0.22448979133694305,0.021041288548704042,0.000409815275294633,0.07768077651835964,0.00029641344444437435,0.1274507628104209,0.6988574193303089
0.12530418311660108,0.7551020254060812,0.003741111314398661,0.0021985500381102876,0.002125093331740707,0.0005534894665452582,0.12962946160345867,0.6137068644448833
0.27587715794679735,0.4693877455226991,0.0009378915435724631,0.0041018164607404236,0.057635977254102695,0.002515079457863839,0.10457504879998206,0.6427825477345968
0.2673174661541131,0.6734693740108292,0.01075968072065341,0.001415361929472366,0.010565159956046028,0.00011108214637387704,0.11764682601390347,0.6230530725039773
0.18351725538041277,0.4285714198250731,0.004335139275813574,0.0037186609901591733,0.03028832347279627,0.0003934099625438457,0.11328984397213325,0.8151609447421135
0.1890704378637626,0.6326530483132031,0.009856311087627552,0.0008085721276981475,0.013095169719915709,0.0002863054252783549,0.5697166447337649,0.23883653577475422
0.19924304740353788,0.5306122340691382,0.000713221282681137,0.00048070247737382114,0.029579001779634167,0.0013756221291600418,0.14814819357212727,0.6355136269121684
0.3248019079571738,0.6734693740108292,0.012991921635852784,0.002218191811308488,0.01369536499874518,0.0006071532757841297,0.14705863640345568,0.6313606369447385
0.26196940863693663,0.8571428396501461,0.006374583655880317,0.0001620223571052491,0.007093216931621009,0.00010365974831350055,0.13289771756516805,0.5867084683918354
0.14983021061499258,0.32653060558100805,0.004858434482020711,0.009012154695589648,0.013477112170079917,0.00025767647756021943,0.5958606147059131,0.34371735814374993
0.37133555728884665,0.16326530279050402,0.01915545451496738,0.0023250101727395013,0.007179369363988876,0.000614502466314904,0.442265881923344,0.45898223993722176
0.09634973663956023,0.4081632569762601,0.002028892622660035,0.0018769009927467797,0.003015335132875328,0.00035397665947260834,0.14052295556864766,0.6209757852673117
0.19269240640189414,0.5918367226155771,0.008680874763808001,0.0032236198440497793,0.012090058008957266,0.00013093983288778446,0.7254900763093718,0.07580434682633153
0.25568052881560943,0.6530612111620161,0.0018517775091068855,0.0017547654567718336,0.0073229567512686534,0.0003341823810552068,0.11982552480694127,0.6386295577671669
0.23783954791460543,0.6938775368596422,0.007363572836605599,0.003048964061878946,0.000516914594207199,0.0004411472283626377,0.529411755923329,0.17549274335661383
0.049285506503055625,0.5714285597667641,0.00373114893005229,0.0025709792258224564,0.018896100166018722,0.0011450430055687214,0.3954248967337948,0.5192108937533144
0.1836728784738909,0.8571428396501461,0.0027236811500056545,0.002078053898803876,0.015122623628306167,0.0006381824313153331,0.11655768438953726,0.6157841516815489
0.2110285578243488,0.6122448854643902,0.0030721131548124003,0.002646842718202648,0.02650623169184693,0.00017619476780124618,0.1394333983999761,0.6178606466652639
0.16910015119648245,0.12244897709287803,0.005560562909341098,0.0062553392540849,0.050226868070466175,0.0004618695899525631,0.14052295556864766,0.5877463197572176
0.3600593848760499,0.7346938625572681,0.01207870596495976,0.0007100437100824466,0.011845959450581646,0.00018866329746900594,0.5185182619581401,0.18587759503404064
0.19707837351901925,0.3877550941274471,0.006697757708308671,0.0011227010581603923,0.016081787375335083,9.492192046924828e-05,0.5653592471476893,0.22014491190951688
0.16097904430927193,0.6122448854643902,0.0025048674583049457,0.0020528228771882037,0.009907529722304648,0.0008745548260366227,0.12636162118605465,0.6230530725039773
0.1516836383125549,0.3061224427321951,0.0031892410655955197,0.0012319683470425123,0.06148411923320073,0.001017869421467637,0.15904127199301088,0.592938745595931
0.1033672806537493,0.22448979133694305,0.005785739885197088,0.003001514518964086,0.08046637183158732,0.00044947962868074654,0.044335502354771024,0.7268952512546402
0.08919778702962744,0.8367346768013332,0.003623483982012262,0.005064723792293282,0.0378209178094934,0.002350925887589053,0.13180816039649648,0.6054000922570728
0.20004949784405568,0.8775510024989592,0.007741590535514292,0.007317688630398623,0.01621101602388688,0.0005291586078269093,0.15141603398953127,0.5981311714346444
0.14635681515916826,0.20408162848813005,0.011891766693623594,0.001925153288076415,0.0033886623398027495,0.0006765489411992964,0.10457504879998206,0.7518171523239731
0.06586020926125055,0.3061224427321951,0.0026685943914792113,0.006453248226982167,0.01346849692684313,0.0006609858082034308,0.0,0.7310490334750208
0.30902658032924263,0.2653061170345691,0.013698537216938384,0.003144630071607944,0.01909712250821041,0.0004420923740774941,0.09368197037909844,0.6645901024548326
0.1899051895452966,0.6530612111620161,0.0031281817387021757,0.001983917379351281,0.02076273620065583,0.0004584482812108547,0.13507600081390048,0.5970925278163116
0.07096066465164629,0.8163265139525202,0.0031918145802549793,0.0014286426886625317,0.01961403710241761,0.00109227594053104,0.12962946160345867,0.6074765872407877
0.20415250314918523,0.14285713994169102,0.08911789183952018,0.09027580808187456,0.043926253516629536,0.000442351386544433,0.5947710575372415,0.39044681393331865
0.06186332517690399,0.7142856997084551,0.003976955352231797,0.0023406672340115235,0.05317040950970161,0.0023692081711234104,0.5631805483546515,0.29387355600508414
0.11054046462747194,0.6530612111620161,0.00292854021026006,0.0024387487635217733,0.03563838952284078,0.0011054776983693037,0.12854031997909246,0.6126690130795012
0.12260185311699666,0.5306122340691382,0.003122796112275152,0.0023286632288127716,0.01022342197432016,0.00107690985299871,0.14270165436168547,0.6635514588364998
0.0630234820989301,0.8979591653477722,0.0024501939902568776,0.00013349995375517074,0.008672678191698561,0.00018556977015708336,0.8747274115058652,0.06427833399875474
0.14460949181633348,0.22448979133694305,0.003290583363922258,0.0009803553344305835,0.0035035322496265713,0.0005535434595001616,0.10784288921738608,0.6334371319284534
0.5995896536514578,0.6734693740108292,0.026507746258027962,0.0052570018782280405,0.013158348170318811,1.8464245556754748e-05,0.12091508197561285,0.5919001019775981
0.23313523400118683,0.3877550941274471,0.007765832279539976,0.0009158640065366701,0.024093963585546666,0.00011511643847762461,0.532679596340733,0.23260625857065867
0.18046829420955407,0.6326530483132031,0.000578745590893965,0.001828271045497045,0.017661248635412633,7.217993414731292e-05,0.10675374759301985,0.651090112175358
0.1902589044598326,0.32653060558100805,0.008235434453850684,0.0020586532418315857,0.03931422663720308,0.00028761374566959214,0.8267972846919498,0.3520249225845111
0.3448995333429713,0.2653061170345691,0.014872469719101326,0.0014726551149353575,0.05234047441122449,0.0004740016532027732,0.4575163579303032,0.26064409049499004
0.22456137472193907,0.6122448854643902,0.003029676210650534,0.0011532037132453514,0.015852047555687438,0.001498739900833716,0.49999994553377686,0.23676004079103927
0.13387802552979342,0.4489795826738861,0.0013944733312997502,0.0006040590878904222,0.06708402733711205,0.000376134907015196,0.6350759463476773,0.26687436769908557
0.12088284788123348,0.7346938625572681,0.0032810537190179497,0.0023107160475637355,0.029765665383097877,0.0014398372378032329,0.12962946160345867,0.6085152308591205
0.09867005048361246,0.6122448854643902,0.0026628239534134987,0.00017889565122764311,0.04187008213078312,0.0003861307130649748,0.1546838744069353,0.5898236069938833
0.2796335320806726,0.2653061170345691,0.012529258573943696,0.00041916942285402046,0.019243581643235783,0.00022466180316709638,0.642701184351157,0.30218032819289464
0.16206847342784073,0.2653061170345691,0.00598142146571111,0.004057274353441202,0.010079834587040381,0.0007094560908324052,0.1525051756138975,0.6022841614020743
0.06218166354016977,0.9999999795918372,0.003117012476698365,0.001011516459530075,0.003529377979336932,0.0002307211577274936,0.2374727663651501,0.38213924949255745
0.18129596214780633,0.4693877455226991,0.0022166418044126455,0.0021210578007823853,0.02541496754852062,0.00040515173935277494,0.13616555798257207,0.5898236069938833
0.27784377374236896,0.6734693740108292,0.0037344615053319027,0.0016487856762710923,0.002642007925947906,0.00025231465049053585,0.5217865179198494,0.18587759503404064
0.09018109492741326,0.7346938625572681,0.0019807866528859736,0.0030774612884343507,0.0315605077240951,0.0012308994896951038,0.12962946160345867,0.6116303694611683
0.018817205055508074,0.22448979133694305,0.0028964060073091093,0.0026235430472398937,0.006777324679605499,0.0004849914292017179,0.46732029472682063,0.3385257245579872
0.43705431094318253,0.3877550941274471,0.06975708057920973,0.056590321981082124,0.025753833782500894,0.0005262588018570994,0.034858349599994023,0.7102801223731178
0.09862761548814362,0.7959183511037071,0.002481618306033208,0.0015430082784659946,0.011314686117646468,0.000948070941708486,0.49673210511637284,0.22949111996861088
0.2366652319390435,0.6938775368596422,0.0070682813047447815,0.0016624624858082343,0.0032450749525229717,0.00028200366629480087,0.6285402655128693,0.16822382253418544
0.1595430008855043,0.6122448854643902,0.001816040385632691,0.0019255841986006309,0.018896100166018722,0.0007003406965953227,0.13180816039649648,0.5970925278163116
0.250580064992186,0.24489795418575605,0.01087081418298548,0.0011348144855821479,0.010826489000895225,0.0011304675977852447,0.13398685918953426,0.6853582213037849
0.17467458490967755,0.7755101882548942,0.0038870004221445162,0.0030030251266444843,0.015570616276619076,0.0016201956117959492,0.1394333983999761,0.6147455080632162
0.3427843613311478,0.24489795418575605,0.009634286580403668,0.002030140521864074,0.0404629257354413,0.0003290442884933153,0.1394333983999761,0.5877463197572176
0.33745752131170575,0.4285714198250731,0.0048373566676235945,0.00024832550423054987,0.06685428751746442,0.000824066609558212,0.5054464847442186,0.22845247635027807
0.18057439856428162,0.6734693740108292,0.0042568189936469285,0.0010619087824069407,0.01802883234684886,0.0006436492468211705,0.11873638318257505,0.6344757755467862
0.26352574076805074,0.9999999795918372,0.012103777762971422,0.003685446987955551,0.008847854804179892,0.00022358603677343798,0.5577340091442097,0.18899273363608843
0.15295697489956261,0.14285713994169102,0.0051028141837925175,0.0019312392940195567,0.02422893572958966,5.761086717348685e-05,0.49564254794770124,0.37487032867012904
0.3192274742439787,0.5306122340691382,0.008864962678146304,0.0010960088141154117,0.010740336568527359,0.0011837292459756716,0.15795213036864467,0.5898236069938833
0.12483728010405576,0.5102040712203251,0.0024504520363286693,0.0016360704266228196,0.004336339095849281,0.00034421142831921443,0.13834425677560985,0.6272068547243579
0.32086867636603045,0.3061224427321951,0.013992827821775104,0.0016052917951347111,0.020162540921826354,0.00043104036207110015,0.07516323841042985,0.6677052410568803
0.09008205744991205,0.4081632569762601,0.003722073904674194,0.003162970398189186,0.032393314570317806,0.0013557504160066043,0.10784288921738608,0.6355136269121684
0.10524051584681186,0.4081632569762601,0.0055160108903781375,0.005516298654906609,0.005571190626455368,0.0005893100452816383,0.5490196295163638,0.1879540900177556
0.2508913111791423,0.4693877455226991,0.013223909569331806,0.005342385104009509,0.020016081786800987,0.004615400523106498,0.10893244638605766,0.7923155386564955
0.1050863027555679,0.4693877455226991,0.006755191192685852,0.0023332546046567503,0.09660559416183431,0.00105637754276713,0.6209150275093896,0.27102814991946617
0.17130729380858079,0.28571427988338205,0.008149265125624148,0.0030377400531459374,0.08310837975753523,0.001207937688638615,0.12418292239301687,0.6863968649221177
0.28132425294147506,0.5306122340691382,0.0035973879876806604,0.003858769852516085,0.010797771523439269,4.2283977373542466e-05,0.12418292239301687,0.5970925278163116
0.19589699066623098,0.5510203969179511,0.005970123354322865,0.003371636156610621,0.015596462006329434,0.0004188600510238215,0.4379084843372684,0.2886811301663707
0.14701470938343425,0.7959183511037071,0.003439987871854759,0.0022795989818549223,0.0035035322496265713,0.00010310636856217682,0.14270165436168547,0.60436144863874
0.3963284877997834,0.6938775368596422,0.01454518533657922,0.001201571724996658,0.021308368272318984,0.00010615226294342117,0.5566448675198434,0.20664571388299294
0.2598967053526929,0.0,0.00840180297305732,0.00463242370267888,0.06760094193131926,8.479391814554212e-07,0.08169933478954323,0.6656279538202148
0.41839272898115265,0.32653060558100805,0.023228112660662176,0.0034543046460895283,0.05611395094893705,0.00036286993322617346,0.15577343157560689,0.5680168445265981
0.058800221818564924,0.32653060558100805,0.0012617438786094426,0.002310121487874143,0.03095744069752003,2.5353054877747216e-05,0.1546838744069353,0.5109033293125532
0.1674872503154468,0.7755101882548942,0.003899750954356763,0.0013192059405854953,0.0001435873872797775,0.0007310671072875727,0.49564254794770124,0.22949111996861088
0.4046547533852782,0.3469387684298211,0.0199516360468665,0.001343295775565688,0.029464131869810346,0.0007851961013799007,0.12091508197561285,0.6479749735733102
0.16150253293779418,0.20408162848813005,0.0038989163854327847,1.1300507455284826e-05,0.04675779679378674,0.0008884152594955592,0.572984485151169,0.2907576251500857
0.1435200795638201,0.2653061170345691,0.0034537851750769417,0.003447209631682941,0.012147492963869178,0.0004033282762138645,0.1895422240069293,0.7040498451690222
0.2812606004482718,0.36734693127863405,0.010847218422396585,0.006161972079377225,0.008414220894594962,0.0007412018347124235,0.13289771756516805,0.6863968649221177
0.22219155900519166,0.08163265139525201,0.0025846804484346625,0.00025172921320272865,0.008127046120035408,0.0007586294539641811,0.4433550235477102,0.2762197835052289
0.08191849870117725,0.4489795826738861,0.0008499787546724455,0.0014295945651688338,0.01941301476022592,0.00023046479687186303,0.8366012214884672,0.18587759503404064
0.2554399851330273,0.6734693740108292,0.006124221661259767,0.0013253631193905018,0.00827924875055197,0.00025708562938823315,0.12418292239301687,0.6188992902835967
0.37275038321487985,0.6938775368596422,0.011013788377298562,0.0007669916829569367,0.010404342082292678,0.00015328367400738725,0.13071901877213027,0.5908614583592654
0.09804045750036265,0.6734693740108292,0.0013249339089354164,0.002640027553552237,0.02853368560023739,0.001087394669974572,0.13507600081390048,0.6188992902835967
0.22524050330999493,0.9999999795918372,0.014292505094947616,0.000979324054187235,0.003319740393908456,9.339820469563815e-06,0.1492373351964935,0.7071649837710701
0.49712786091572747,0.0,0.023218666021156464,0.004401494395229323,0.03644247889160753,7.064930112681124e-05,0.08278847641390946,0.6614741715998341
0.03172042896984855,0.9999999795918372,0.0022782231275992647,0.0019902740358371607,0.008161507092982554,0.0005855182411105888,0.11873638318257504,0.7217028254159268
0.0968237065293319,0.9999999795918372,0.007485626544745686,0.005961521218556211,0.008471655849506873,9.600984968869097e-05,0.5424835331372505,0.17445489199123168
0.17425720063588285,0.4693877455226991,0.004115137113510346,0.0016708870286412229,0.007868588822931807,0.00036284351318596265,0.003267840417404012,0.7113187659914506
0.07908884684911086,0.4081632569762601,0.0014120121289114551,0.008885534785148084,0.06903681580411702,0.0007830371517667503,0.14052295556864766,0.7113187659914506
0.1334111393833035,0.5102040712203251,0.005319374921431699,0.0010686629417471817,0.019068405030754455,0.0009567699561118468,0.4095858155720824,0.4880579232269353
0.26261315224069454,0.3061224427321951,0.01577512043507657,0.003323288479962704,0.01511400838506938,0.00037318988915112,0.04575142802087764,0.7113187659914506
0.22577107568179897,0.32653060558100805,0.04594872892508467,0.04700116841018457,0.013086554476678924,1.4468574748151647e-05,0.1677560671651621,0.7518171523239731
0.11572579844183309,0.7959183511037071,0.006419908423846963,0.0035206135448912026,0.0050829935097041245,0.00041490108005289304,0.5076251835372565,0.31048789263365584
0.3899264030143915,0.2653061170345691,0.012776468794537985,0.0023145656763031088,0.006403997472678077,0.0006603006356842486,0.02832225322088063,0.7331255284587358
0.18227927004559213,0.5918367226155771,0.005158264568479345,0.002942978955517793,0.002211245764108574,0.00011487760131411927,0.8518516974954264,0.00519163358576274
0.025664966922683174,0.5102040712203251,0.001906564545210776,0.007721054772903866,0.08730113146610473,0.0010301554126757588,0.5381261355511748,0.17549274335661383
0.15592104921342817,0.22448979133694305,0.00641798436565352,0.004298773072962261,0.019240709895490187,0.00041734805614077763,0.10457504879998206,0.8161995883604464
0.12134973402772337,0.4897959083715121,0.003988683424638721,0.005390356581244712,0.014330021250521796,0.0008130718377698456,0.10675374759301985,0.6033228050204071
0.23461374615253416,0.8367346768013332,0.013533766291177567,0.0016387914571240495,0.009043133650880388,0.0006767930815854184,0.08311538511894148,0.7133952609751656
0.15430106458911078,0.4489795826738861,0.004513732510607028,0.004757842873682178,0.041267015104208056,0.0011054388849284123,0.11111114517909546,0.6178606466652639
0.15207978822255977,0.3061224427321951,0.013524326597730318,0.014702768761769873,0.011228533685278602,0.00032237734986636927,0.1492373351964935,0.8255450041665896
0.22577107568179897,0.3469387684298211,0.003697333780953999,0.0026732430082632434,0.04207110447297481,0.00044377829929071095,0.5315904547163669,0.1630321889484227
0.12816213620968367,0.7346938625572681,0.006903298524200933,0.0004031240579410753,0.011716730802029845,0.0005177057797922997,0.5076251835372565,0.3665627642293679
0.45273056736150163,0.24489795418575605,0.020843735700040875,0.0019115394205259564,0.00045947963929528804,0.00045279337423329133,0.5337687379650993,0.22845247635027807
0.3770656309615753,0.20408162848813005,0.013988410128594492,0.001423573922058017,0.03629889150432775,0.0007702025844509796,0.6437907415198285,0.29595005098879906
0.13233587775129824,0.9999999795918372,0.002409283442441614,0.002082029411516616,0.014789500889817083,0.0002987948988325363,0.14705863640345568,0.606437943622455
0.27538197055929126,0.32653060558100805,0.007938358479571472,0.0011993982897795727,0.05542473148999412,0.001679957166315466,0.4564268007616316,0.24402896161346765
0.4185342014541227,0.4897959083715121,0.024050282870289687,0.002222534808389632,0.013149732927082028,0.00040662171196095267,0.1546838744069353,0.5441327948226473
0.18102715095631886,0.06122448854643901,0.0007249288642156038,0.001597617714450638,0.029986789959508736,0.00041673032677878787,0.5697166447337649,0.28556599156432294
0.004145444517112242,0.16326530279050402,0.23589777601441222,0.29212768974277986,0.021144678650820037,0.0015843054955137343,0.6677560126989389,0.39459980390074856
0.2822651089777366,0.28571427988338205,0.014023967001851647,0.002035224297711567,0.017661248635412633,0.0008400631272864075,0.5697166447337649,0.23156761495232586
0.19486416402969456,0.6326530483132031,0.004512338783977013,0.0007003264356768095,0.012606972603164466,8.20694835990077e-05,0.15795213036864467,0.5773622603327414
0.2361205258127868,0.6938775368596422,0.004026015363135351,0.0003714739220219678,0.005370168284263679,0.0013643950531635677,0.14596949477908946,0.6438211913529296
0.3327885923825851,0.3061224427321951,0.015522544384321865,0.006195414125240292,0.0125208201707966,0.00019321388519490866,0.535947436758137,0.3239870906601798
0.1864671622077148,0.8163265139525202,0.003078830340646222,0.0024021426724050526,0.013439779449387176,0.0005580642454207067,0.5185182619581401,0.19003137725442124
0.3166171148446491,0.6734693740108292,0.008757076498144322,0.000790105917143539,0.015220263051656416,0.0005449816371601498,0.532679596340733,0.17030110977085108
0.20783812418052006,0.8571428396501461,0.0019269060774111239,0.0014756216191846518,0.009476767560465315,0.00021118623763937566,0.13289771756516805,0.5887849633755504
0.10498726527806669,0.28571427988338205,0.002904527686163559,0.002378597043525106,0.0610533570713614,0.0003990911358450223,0.1525051756138975,0.6033228050204071
0.15892754165670714,0.4693877455226991,0.002331186823357384,0.001530434406203195,0.03560967204538482,0.0002596340584305271,0.49455340632333505,0.22637598136656312
0.20268107474111965,0.4081632569762601,0.002155097989941711,0.003213012182617139,0.04089368789728064,0.0017476159110361652,0.003267840417404012,0.7217028254159268
0.4206139884816482,0.24489795418575605,0.011724151356923375,0.0014855514438376267,0.05148469358303703,0.0007806932426575496,0.02832225322088063,0.730010389856688
0.1820458269723472,0.36734693127863405,0.0013748229319161804,0.0025958137129220246,0.052524266266942614,0.00034927427660658557,0.11437898559649946,0.6033228050204071
0.06025749117309469,0.4489795826738861,0.001874482090395353,0.004352864447979588,0.035092757451177625,0.0009454279769586742,0.0239652711791104,0.8899274402030629
0.09804045750036265,0.4489795826738861,0.007270773842881837,0.008693953902758126,0.028677272987517165,0.0006948601234540009,0.13834425677560985,0.5950152405796459
0.20449913432043948,0.4081632569762601,0.0028397584694466863,0.001728914698671895,0.03569582447775269,0.000615760617451603,0.1394333983999761,0.5867084683918354
0.31431095162110495,0.4489795826738861,0.009537785684823608,0.001690473122389665,0.02004479926425694,0.0013784205398191664,0.030391996297051267,0.732086884840403
0.10157752231544566,0.7551020254060812,0.0018759879958694984,0.0024647752750152968,0.005628625581367279,0.001059168075450628,0.1525051756138975,0.6188992902835967
0.299879713682722,0.3061224427321951,0.007480625035351504,0.0026038765814161485,0.038639365916988126,0.0004706539747113105,0.5098038823302943,0.19833814944223177
0.2243986847512346,0.6122448854643902,0.003561883209861955,0.0004556225165261882,0.03914192177246735,0.0013243580281552961,0.11002158801042387,0.6427825477345968
0.3008630047144524,0.6734693740108292,0.014811347877681841,0.001792776606698976,0.02075124920967345,0.0004080629972091052,0.11546854276517104,0.6220144288856445
0.30141479458399084,0.9183673281965852,0.011245706850192983,0.003191976970667597,0.0033886623398027495,0.00044056564161565624,0.08322434083580862,0.718587686813879
0.09488539197477643,0.8571428396501461,0.0027584138734265216,0.004569176689444781,0.012291080351148955,0.0019527526319773896,0.13180816039649648,0.6085152308591205
0.11959534380766225,0.7346938625572681,0.0032337309173352626,0.00265580904629024,0.014551145826932654,0.0009022309229954476,0.13289771756516805,0.6033228050204071
0.26408458064876006,0.32653060558100805,0.037722852247675055,0.043949392294008266,0.013612084314122908,0.00024378818296796973,0.1568625731999731,0.7248179640179746
0.014035088028378122,0.5918367226155771,0.0029317670017176907,0.003099195156436077,2.8717477455955502e-05,0.0011441278153758202,0.12636162118605465,0.6085152308591205
0.5544283615182384,0.3061224427321951,0.021179789481368835,0.002007890045402417,0.011831600711853667,0.00023364653829622748,0.11002158801042387,0.62824470608974
0.19033670757354396,0.5714285597667641,0.006848945616750798,0.0058453012609912345,0.055418987994502934,0.0037373669751789677,0.3464052127512078,0.2886811301663707
0.3396292958055616,0.5714285597667641,0.005862785912939231,0.003310836618320244,0.02980874159928181,0.0011959343438243117,0.5076251835372565,0.23052976358694371
0.26648978134980544,0.08163265139525201,0.00894250847479465,0.0017993351617113704,0.020791453678111783,0.0005339205750890728,0.15359473278256908,0.7019733501853073
0.06300933147842201,0.5510203969179511,0.004877072840686646,0.0066826814518251764,0.00976394233502487,0.0007309310680987056,0.3747274659720884,0.30841139764994085
0.3791807692412879,0.20408162848813005,0.010993835824371977,0.0005323846268085651,0.10731721325290572,0.0006352430625362186,0.09586066917213625,0.6687430924222625
0.20463353991618322,0.020408162848813003,0.008124811526815432,0.005239373280265447,0.16673367410927764,3.241306605930546e-05,0.04901968398258702,0.7061263401527372
0.09066921543769302,0.5510203969179511,0.003942440387743653,0.010577667155140547,0.017833553500148366,2.9984151671637668e-05,0.3104573059825422,0.6666665974385475
0.9501838756828598,0.9999999795918372,0.02593519655128039,0.0019499451682926904,0.009626098443236284,0.00020292031974972443,0.5468409307233261,0.17030110977085108
0.09133417653918534,0.4081632569762601,0.003778015028391227,0.001043069761623516,0.03144850956201687,0.0004839343585892414,0.5370369939268087,0.20664571388299294
0.02571448566143378,0.36734693127863405,0.0018906084070192005,0.003982426647892253,0.030325656193489012,0.00036596386404416463,0.10675374759301985,0.60436144863874
0.1245684689125683,0.7551020254060812,0.0043915919767361904,0.0037902962335416347,0.0012061340531501312,0.0016845229335553807,0.3986927371511988,0.28764248654803787
0.3736558879989543,0.4693877455226991,0.02356738246705715,0.0008948365412931817,0.027511343402805373,0.00014305097146614763,0.13725469960693829,0.7217028254159268
0.3696094851758571,0.3877550941274471,0.013708991034920806,0.001712374512909794,0.05528114410271434,0.000622450190847544,0.4858386111511839,0.23572139717270646
0.22826823011706376,0.7142856997084551,0.009253320279678673,0.001827046581771492,0.012644305323857208,0.0004092122209218369,0.6448798831441948,0.28141220934394234
0.21714061392051884,0.3061224427321951,0.01148244936068793,0.007829741058831986,0.0076962839581960745,0.00017149065562350053,0.6111110907128723,0.12149515899756741
0.18941706903501684,0.2653061170345691,0.005096576623295364,0.002600795813252568,0.0043076216183933255,0.0007632488298675053,0.4379084843372684,0.45898223993722176
0.15029002988425613,0.3061224427321951,0.0037153219885480726,0.001967818271665091,0.027652059042339555,0.0004348952669054602,0.08202620194014472,0.7393558056628313
0.14806166977442337,0.3061224427321951,0.002599416511457725,0.0007659991362438547,0.05660214806568829,0.0009425657739115499,0.10893244638605766,0.6022841614020743
0.15751271573067396,0.20408162848813005,0.008242262429316945,0.006963223569854983,0.1155878467602209,0.0006538254777273706,0.12527206401738308,0.7092422710077356
0.21206138446088524,0.7755101882548942,0.012628278110321384,0.00044969628639539614,0.009608867956762713,0.0004413713471619238,0.13071901877213027,0.695742280728261
0.20007073220784555,0.8571428396501461,0.0034391533029307806,0.002358633782025692,0.011343403595102424,0.0010129743164173858,0.11328984397213325,0.6116303694611683
0.14676711568968123,0.6938775368596422,0.0033304658950854293,0.002671994336081274,0.023462179081515645,0.0005647832171159369,0.14270165436168547,0.6583590329977863
0.20650818511147997,0.8979591653477722,0.0060194855187694326,0.00175737416003529,0.013399574980948837,0.00025817029212997706,0.13289771756516805,0.6272068547243579
0.11843519531866385,0.16326530279050402,0.004017955504201195,0.001721865196163371,0.13847567629261742,0.0015728478254063006,0.10021765121390647,0.8213912219462091
0.23068051456139088,0.6734693740108292,0.012075580238652723,0.004366067740109221,0.0177474010677805,0.0006766689170037152,0.5686275031093987,0.21391463470542132
0.22935059235840624,0.9999999795918372,0.0069493800652368045,0.0017819215348417571,0.006633737292325721,0.0008490432509176109,0.1797382872104119,0.455867101335174
0.2618915886571698,0.10204081424406503,0.012351269298933345,0.00012178790254080313,0.026534949169302883,0.0016622136594556611,0.07429188355650633,0.7341641720770685
0.2769736539425925,0.4693877455226991,0.010136400475942636,0.0026283769918171674,0.002613290448491951,0.0007325912073526768,0.5087143251616226,0.22741383273194526
0.1341185523463201,0.4693877455226991,0.0066204793349110376,0.0028572418021035133,0.024697030612121734,0.0004914071756936274,0.13507600081390048,0.6905506471424984
0.13058855440846345,0.4489795826738861,0.001641860676384772,0.00185431450291006,0.020073516741712896,0.0004156782135265836,0.6241828679267937,0.27518193213984676
0.21299517361992046,0.4897959083715121,0.012191190435662315,0.004879072045048885,0.01150134972111018,0.0003208911025134217,0.5849671207407241,0.29179626876841847
0.3237690644545819,0.020408162848813003,0.02360903450661303,0.0030231956125308236,0.045057722128394186,0.0007096989630565973,0.5686275031093987,0.24195246662975267
0.22847338881534796,0.3469387684298211,0.007633818965476903,0.0019921622954376583,0.01945321922866426,0.0001258452805521604,0.607842834751163,0.22222219914618252
0.176153063328914,0.14285713994169102,0.17116887422084145,0.1864185597847768,0.020748377461927852,0.00022930892491628566,0.6013071539163549,0.397715734755747
0.1586304292242035,0.6734693740108292,0.0007188510630630327,0.001806614160386724,0.02093504106539156,0.0012847091375559388,0.49891038836510526,0.2253373377482303
0.4117925692407583,0.4489795826738861,0.019596477131744085,0.010190457736447766,0.0012348515306060865,0.0007858627510490736,0.07298453961739206,0.6677052410568803
0.148712497121463,0.7346938625572681,0.0014698797419423915,0.002742358635501863,0.010424444316511848,0.00020842900381383046,0.6187363287163519,0.14434056508318535
0.1881225149502747,0.9999999795918372,0.005531884717776961,0.0020897770859081956,0.006056515995461016,0.00015941494872088183,0.13289771756516805,0.5856698247735026
0.12499998694081568,0.7959183511037071,0.0025967249138044435,0.001530434406203195,0.012980299810091887,0.00038068491830385776,0.13071901877213027,0.6022841614020743
0.16524475645116138,0.9999999795918372,0.010899543080776376,0.005928554142608039,0.016196657285158903,0.0009790108455402138,0.7080609015093747,0.31983410069274987
0.3190152655345236,0.4693877455226991,0.011651957498318521,0.0022836548666429653,0.013698236746490774,0.0005973403924854829,0.10239635000694426,0.6365522705305012
0.17181663181659496,0.4897959083715121,0.003327189786612732,0.002931043702335264,0.03279535925470119,0.0005274171332782382,0.42919368916511724,0.253374377419611
0.14539472475911686,0.7755101882548942,0.0038817377409522355,0.0038756964052425956,0.020016081786800987,0.0007456653804149408,0.14705863640345568,0.6126690130795012
0.16971561042527958,0.7142856997084551,0.0017199274274176245,0.007754719052396837,0.014723450691668385,0.0007055055742743442,0.10893244638605766,0.6386295577671669
0.310186728818241,0.22448979133694305,0.01029856662978092,0.0004431890533106049,0.017402791338309034,0.0005219399034729141,0.015141603398953124,0.7341641720770685
0.10747028595887884,0.9999999795918372,0.0001910756491491435,0.004449925833136441,0.009356154155150304,0.00039654578113468015,0.5479300723476923,0.19418436722185117
0.09161007147395456,0.5918367226155771,0.0024479632635824224,0.0019184427039577242,0.0031589225201551054,0.0011278350089057702,0.13071901877213027,0.6178606466652639
0.18784662001550548,0.4693877455226991,0.01077233296613845,0.0016820083935190247,0.013037734765003799,0.00043917913711996983,0.10893244638605766,0.6500522608099758
0.561834988565206,0.9999999795918372,0.016901861416061717,0.0016399791239958494,2.8717477455955502e-05,0.00020683086999241212,0.14161209719301387,0.6002076664183593
0.09241652191447237,0.6734693740108292,0.0030830462508285683,0.0030579294216282822,0.022738498649625568,0.0009068576004371574,0.5610018495616137,0.2928349123867513
0.3314940214317876,0.28571427988338205,0.014936595730804796,0.00098192162156074,0.01895353512093063,0.00043548603821914775,0.10348590717561584,0.6417446963692146
0.22489387213874068,0.5306122340691382,0.0059689355783261915,0.004048565603329881,0.07403365688145329,0.0010406402296516204,0.4150327703268296,0.23052976358694371
0.10498726527806669,0.4693877455226991,0.11453100527179472,0.10205295099385521,0.004451209005673103,0.00028811409319474734,0.4978212467407391,0.47455872520041137
0.09033671802089142,0.14285713994169102,0.043100685197106796,0.05014625360077315,0.007753718913107986,0.005628910388149889,0.11111114517909546,0.7933541822748283
0.1433573727270602,0.8163265139525202,0.00679953135686578,0.009238871731622711,0.009017287921170028,0.0005244460220217214,0.36601308634424257,0.548286577043028
0.18672182277869417,0.5306122340691382,0.002826729747593112,0.0016001402356092512,0.0120039055765894,0.0007744687964713409,0.14161209719301387,0.6677052410568803
0.10969862920265618,0.4897959083715121,0.005142661984663388,0.0006994500895545274,0.030871288265152164,6.607335016230618e-05,0.0803921570681511,0.727933894872973
0.08857526092360396,0.6530612111620161,0.0026883368261373776,0.0006391080910904251,0.018752512778738944,0.00017665591759401597,0.1394333983999761,0.6012463100366922
0.16807440830322778,0.12244897709287803,0.0116987774053687,0.009839057466486471,0.03960140141176264,0.0002797500080429603,0.29956422756165857,0.31048789263365584
0.16074560123602696,0.7142856997084551,0.00675247632573673,0.0022046854293045195,0.01447073689005598,0.0007535723892637943,0.18191698600344972,0.4537898140985084
0.3541454037348823,0.040816325697626006,0.01401125224184047,0.003542321751929127,0.03342714375873221,0.0005006993440179383,0.1732026063756039,0.5794395475694071
0.12014713367720069,0.6530612111620161,0.01714677249130572,0.009718659129343983,0.005757854229919078,0.0006119638367057064,0.5653592471476893,0.3032189718112275
0.13636104621060555,0.7551020254060812,0.004676692946230224,0.0031835379027607582,0.015964045717765663,0.00036740624452307494,0.41721105357556204,0.22949111996861088
0.5052914027984068,0.9999999795918372,0.01902540346241928,0.0006335837213361492,0.01194647062167749,7.0058068663331e-05,0.5403048343442127,0.17030110977085108
0.34563523068094865,0.9999999795918372,0.015493634889011006,0.0018910440571545054,0.006056515995461015,7.167997091365168e-05,0.5435726747616166,0.19418436722185117
0.22294142382973256,0.5102040712203251,0.00025557674800945747,0.0007140090552434912,0.04215725690534268,0.00023611042320984698,0.11655768438953726,0.6303219933264057
0.48437321008369427,0.7959183511037071,0.007151290176371982,0.002083693500810695,0.00717649761624328,0.00018130163667925216,0.1492373351964935,0.5939773892142638
0.16988538413926582,0.5306122340691382,0.007354292207897085,0.0031563566478961616,0.03813681006150891,0.0013798032206144878,0.14596949477908946,0.7019733501853073
0.10848896197490718,0.16326530279050402,0.0063470720548345514,0.003115846216928566,0.05898569869453261,0.0005008657422348294,0.13071901877213027,0.7518171523239731
0.02042303062628966,0.5918367226155771,0.003580193019962729,0.006395394857837695,0.015136982367034146,0.00021740503474062303,0.27233111596514414,0.5306335967961234
0.11083049331669383,0.3061224427321951,0.0365152869304484,0.05024552763884648,0.034001493307851315,0.0002446593717848106,0.1623091124104149,0.7528557959423059
0.1673740622174375,0.4081632569762601,0.0013651644376274376,0.003128294205217999,0.02354833151388351,0.00023977348973041487,0.11655768438953726,0.6407060527508819
0.30903366407252436,0.2653061170345691,0.0031558027401686886,0.0020841592715121512,0.014786629142071489,0.0004385131983900609,0.009803936796517403,0.7133952609751656
0.1735144195546237,0.24489795418575605,0.008763175137472273,0.002583507102018064,0.023663201423707335,0.00019687675956972959,0.5457513735546545,0.33748708093965435
0.2687039908391301,0.16326530279050402,0.004521349211011431,0.003833375181735036,0.07756590660853581,0.000379585633270768,0.1612199707860487,0.5794395475694071
0.09804045750036265,0.4285714198250731,0.005257050717292775,0.004510955351762776,0.02104416747972419,0.0009790255062607088,0.04248358760347363,0.7019733501853073
0.21286783490140304,0.36734693127863405,0.0027415224484632957,0.003359330029875789,0.016455114582262502,0.00039071123709825815,0.5021786443268147,0.21495327832375413
0.1544354701848545,0.4693877455226991,0.0033556641113610653,0.004132582019662067,0.031761530066286785,0.0011636532818931865,0.5119825811233321,0.1962616544585168
0.25910440553268316,0.3877550941274471,0.03837660832387944,0.043749904929752635,0.008184481074947318,4.9310363049377915e-05,0.1568625731999731,0.7268952512546402
0.1697651291640302,0.3877550941274471,0.006502500531966558,0.0013955318144832445,0.01617655505093973,0.000521453006150048,0.8496729987023887,0.18172381281366004
0.3542727424533997,0.2653061170345691,0.013097789985872112,0.0037001652452877364,0.016053069897879125,0.0010416011505323046,0.5043573431198525,0.23260625857065867
0.022248157082835812,0.5918367226155771,0.002376847780553496,0.003795130662288037,0.00715065188653292,0.0011007013393906908,0.28104549559298997,0.5306335967961234
0.019651948304014358,0.6530612111620161,0.0035219558766217164,0.0038951600042015696,0.007552696570916297,6.583143866684903e-05,0.3867101015616436,0.49948062626974427
0.12775183567917073,0.6122448854643902,0.01118733217489446,0.009403552177242506,0.01992992935443312,0.0003877345536150787,0.2047931155581939,0.6230530725039773
0.1009903643276647,0.22448979133694305,0.010879260590072938,0.006765214858117279,0.028881167077454452,0.00026712105589104076,0.7026143622989329,0.2969886946071319
0.09435483646902784,0.7755101882548942,0.0017492894584371567,0.0021886032675378212,0.04207110447297481,0.0015244420845337394,0.13725469960693829,0.6157841516815489
0.03808007875977162,0.4693877455226991,0.003820834005768396,0.008744946595354124,0.004738383780232658,0.0006929780558622593,0.28431375155469935,0.5306335967961234
0.2812110817095212,0.6734693740108292,0.01191695310159985,0.004203615440818012,0.00798345873275563,0.0003455130236093071,0.11764682601390347,0.6220144288856445
0.19139076857387025,0.020408162848813003,0.010925698463907813,0.0037320143747185887,0.07658951237503332,0.0004051199008024991,0.17538130516864167,0.6967809243465939
0.2638440706982888,0.10204081424406503,0.013721202205693629,0.0065904036576562505,0.02044684394864032,0.0006484471261234461,0.09586066917213625,0.8089306675380179
0.26184206991841924,0.6530612111620161,0.007712535172975773,0.0015723682944080888,0.017833553500148366,0.00044680399915394693,0.1448799376104179,0.6438211913529296
0.2986912639527074,0.020408162848813003,0.017133547195997727,0.002821340661237645,0.0047096663027767025,0.0006550715428965838,0.442265881923344,0.4600208835555546
0.10584323445733511,0.28571427988338205,0.004171479719406371,0.005745988489387634,0.03236459709286185,0.000547795438693608,0.1448799376104179,0.6760128054976415
0.3225452634723802,0.6530612111620161,0.006240286825098493,0.0020010622923546696,0.011142381252910736,0.0004964219875442517,0.12418292239301687,0.6313606369447385
0.23871671772555283,0.4897959083715121,0.0022138338602801576,0.0029994664835512387,0.02874619493341146,0.0009107112755387368,0.10784288921738608,0.639667409132549
0.023139502813374468,0.5918367226155771,0.012704313139254662,0.024429474782026745,0.020179771408299935,0.0004289176319312568,0.6753812507024185,0.1505708422872809
0.22183784409065566,0.6734693740108292,0.010110199943431208,0.019700323770889563,0.008233300786622443,0.0006956290907334445,0.49673210511637284,0.29179626876841847
0.3647283138051705,0.9387754910453981,0.008306895503288,0.0013030913394871987,0.013646545287070053,0.00017314310904759222,0.14705863640345568,0.6178606466652639
0.1058078663390926,0.4081632569762601,0.006191174718756489,0.0033099883540074052,0.028772040663121817,0.0009375065763933715,0.6873638862919738,0.2658357240807528
0.06844934272981795,0.8979591653477722,0.003274083696656181,0.004615845751724769,0.02995232898656159,0.0009193447682423749,0.13289771756516805,0.6022841614020743
0.07151244608815702,0.8367346768013332,0.0003989051913040028,0.00785426906687332,0.013715467232964348,0.0022067247316814387,0.13289771756516805,0.6085152308591205
0.10983303479839991,0.6938775368596422,0.003710646943901514,0.013982668858891958,0.016963413933232918,8.043220968892801e-05,0.14379079598605168,0.6448598349712624
0.0718166338309147,0.7142856997084551,0.008249920458769185,0.004843303566524179,0.0183274941123908,0.00071089276458263,0.03812619001739803,0.8909660838213957
0.19610213249845973,0.06122448854643901,0.001892790511284435,0.003761887609936715,0.05981850554075531,1.6806412051747413e-05,0.1525051756138975,0.7040498451690222
0.200997437623599,0.5102040712203251,0.003885177081798744,4.939493447250034e-05,0.011343403595102424,0.0003115153315745965,0.11982552480694127,0.6365522705305012
0.14579087466912172,0.9387754910453981,0.005172846429004595,0.0018633006819319146,0.005197863419527946,1.692285237442178e-05,0.1797382872104119,0.455867101335174
0.15109648032477394,0.6326530483132031,0.011969809133451836,0.0011210984583456113,0.01442478892612645,0.0004962930577480231,0.5152504215407361,0.30010383320917966
0.2287492837501172,0.9591836538942112,0.0012826973585601236,0.0008712913965823634,0.008931135488802162,0.0001954341293013481,0.5435726747616166,0.16822382253418544
0.3943406545064774,0.4285714198250731,0.007879469795946904,0.001698691409173984,0.02425190971155442,0.0004261225838227045,0.13834425677560985,0.6240917161223101
0.11544990350706387,0.2653061170345691,0.009457947688883434,0.005606296012481088,0.004336339095849281,0.0010158910888566548,0.3082786071895044,0.4942889926839815
0.12976795334743754,0.2653061170345691,0.006635792268089209,0.008856106985528026,0.02150939061451067,0.0023270713773920603,0.08137255074780285,0.7310490334750208
0.1900537457615484,0.4285714198250731,0.003708413786106598,0.001530434406203195,0.033263454137233264,0.0002340439149155721,0.6023962955407212,0.1713397533891839
0.14932793948420472,0.4285714198250731,0.0029169722445006414,0.0031028269090677,0.04112342771692828,0.00048508982703875016,0.13289771756516805,0.5846311811551698
0.3000848723810062,0.4693877455226991,0.015316170041414393,0.004322320154349593,0.012167595198088344,0.00023655351130239994,0.11002158801042387,0.6303219933264057
0.15250423937358082,0.4489795826738861,0.0024356235907280884,0.0028959850157526945,0.03862500717826015,0.00037060091735621173,0.15032689236516505,0.6054000922570728
0.06548528528200782,0.6530612111620161,0.0026110997817875813,0.000996023047423429,0.0009189592785905761,0.00034038907297439397,0.5653592471476893,0.2949114073704663
0.38372944319517294,0.06122448854643901,0.016734141888484596,0.0035502427588686492,0.06934122106515016,8.246530383780175e-05,0.29411768835121677,0.5379025176185518
0.22878463500230425,0.16326530279050402,0.008579615123576937,0.0011586699827042274,0.025759577277992086,0.0005408695260288723,0.11220028680346167,0.7040498451690222
0.16029286571004517,0.10204081424406503,0.006752975400037086,0.0001860613543269668,0.008701395669154517,0.00036481316080918115,0.7538123295302523,0.2637592290970378
0.1811615565520626,0.5102040712203251,0.005894616225832552,0.0021004709294456794,0.01398541152105033,0.0012652662937097773,0.11873638318257505,0.626168211106025
0.1736063901548986,0.32653060558100805,0.012173148048812253,0.010928015809755103,0.012652920567093995,0.000999012814295534,0.009803936796517403,0.9034266382295868
0.1736063901548986,0.6530612111620161,0.00221196814897778,0.0015337843724021285,0.040078111537531505,0.0013199409817235496,0.12418292239301687,0.6178606466652639
0.21367428534192087,0.32653060558100805,0.007630721023403706,0.0012651242489507344,0.009792659812480826,0.0014079518039651548,0.09694981079650246,0.8193147269624941
0.04430531452092324,0.4693877455226991,0.0051415787468465386,0.0015437490572323437,0.009878812244848692,0.0009984759590784512,0.14052295556864766,0.6054000922570728
0.1743633218566658,0.6938775368596422,0.0023531926311647668,0.0017508746736565523,0.004106599276201637,0.0004782434627132672,0.1274507628104209,0.6178606466652639
0.19928549926506214,0.9999999795918372,0.0017219348383125878,0.002587240045997509,0.00951984377664925,0.0003587268097713322,0.5468409307233261,0.17237760475456604
0.10960667546843672,0.6734693740108292,0.00548370824550953,0.0021311609579833034,0.012032623054045356,0.0006051689866549908,0.05893241027824943,0.7289717462383551
0.21634831410050911,0.28571427988338205,0.0028425111924144163,0.0019889958293383627,0.04143931996894379,0.0005923558820191586,0.17647044679300788,0.47871250742079197
0.3240237418916167,0.0,0.02854936649090733,0.008132743782725146,0.0037332720692742154,0.0005005256442626617,0.6165576299233141,0.28141220934394234
0.10688312797109788,0.9999999795918372,0.0045193688897444614,0.0012906980623092667,0.009399230371334237,5.447255068794156e-05,0.16339866957908647,0.5015579135064099
0.12385398907232537,0.32653060558100805,0.0027094247123192606,0.002247149966874066,0.016110504852791037,0.00015030378169023306,0.8093681098919528,0.1962616544585168
0.12081209477869302,0.5918367226155771,0.003051923741292328,0.0006780837059212062,0.05217965653747115,0.0013893301910416175,0.12309378076865066,0.6137068644448833
0.038886529200289434,0.6734693740108292,0.001955427982659909,0.0016632032645745832,0.02828671529411617,0.0010541622944501123,0.6285402655128693,0.27310464490318115
0.35447790115168387,0.4285714198250731,0.04288581582470265,0.029854086329100995,0.02385848027040783,0.0011993276377161093,0.11220028680346167,0.6313606369447385
0.3011035483970345,0.7959183511037071,0.008128802037400748,0.0026665566326009695,0.011343403595102424,0.0005233312308268499,0.5337687379650993,0.17445489199123168
0.05382710514668659,0.5510203969179511,0.0016285343159261833,0.0031126797508292704,0.033542013668556026,0.0010306121431163477,0.13180816039649648,0.6054000922570728
0.021993488078828727,0.9999999795918372,0.00252198185174474,0.00296148341543354,0.008247659525350419,0.00011690262534161954,0.43464022837555905,0.4475595368944128
0.14011742034448083,0.5714285597667641,0.0019032467603873181,0.002001110709267503,0.01970880477802226,0.0011575620311387892,0.15032689236516505,0.5887849633755504
0.39688736141260367,0.10204081424406503,0.025057145301341524,0.002853905876809301,0.03411636321767514,0.0008461255177496071,0.030174292635469634,0.7466247264852597
0.06930531190908637,0.28571427988338205,0.004710596310270957,0.004866436683306786,0.006691172247237632,0.0002695841337925229,0.5457513735546545,0.17445489199123168
0.266574685072854,0.2653061170345691,0.007818896693145765,0.0018617997576340832,0.03095744069752003,0.00034931712510816377,0.6045749943337589,0.1464170600669003
0.4237195352684838,0.5306122340691382,0.01490266770825653,0.0007856994939065833,0.02919705932946996,0.00021127233814860073,0.5511983283094016,0.19833814944223177
0.14636530131495928,0.3877550941274471,0.003859491599522132,0.005964566642373424,0.04367928321050832,0.000789438410469337,0.13725469960693829,0.6033228050204071
0.08659451137357967,0.3469387684298211,0.009859044361631594,0.0037694212815735715,0.025104818791996303,0.00021785210025013858,0.761437567533732,0.26272058547870497
0.18793859061578036,0.3469387684298211,0.004283422397549039,0.013201917089307805,0.04628683016350908,0.0005692618270450181,0.13398685918953426,0.7819314792320194
0.10892048000315455,0.7755101882548942,0.0023626833781416985,0.0007580103456263655,0.017540635230097624,0.00012251328115365178,0.5533766115581341,0.18899273363608843
0.3708474536446223,0.6122448854643902,0.011813203299410846,0.0013371017999069278,0.032163574750670165,8.360549670042502e-05,0.5163395631651023,0.18899273363608843
0.21530133684346459,0.3061224427321951,0.0060591857158980265,0.0013494200308699679,0.06151283671065669,0.0007501579401252534,0.04477120055894805,0.7331255284587358
0.0692416509828554,0.3061224427321951,0.0026958917066214846,0.0018626325285348154,0.0537591177975487,0.0016948580689943394,0.410675372740754,0.49948062626974427
0.28208120150929766,0.9999999795918372,0.005382948721487592,0.0025947664550974403,0.009103440353537894,0.00025586146883417637,0.5424835331372505,0.1671859711688033
0.07221278374091956,0.4897959083715121,0.002357992357560683,0.0014704652179679087,0.016053069897879125,0.00041537250964312654,0.6949891242954533,0.25649030827460945
0.27026032297024427,0.3469387684298211,0.00419108844243918,0.00023814342746171355,0.05835391419050158,0.0001806842531796069,0.48801730994422166,0.22845247635027807
0.17099603075556905,0.6122448854643902,0.003938828437344412,0.002361639503974382,0.015248980529112372,0.00038647734399254005,0.5653592471476893,0.24922138745218106
0.33570314795770007,0.28571427988338205,0.006366534910639699,0.0037333361564389368,0.015507437826215971,0.0008466104936150033,0.5054464847442186,0.23364490218899148
0.33257638367313,0.5918367226155771,0.012703385840450242,0.0014046908418839138,0.010298087415705644,5.9066371206916456e-05,0.10784288921738608,0.6531673994120236
0.12969015023372618,0.5306122340691382,0.0016710514870632632,0.0007416357457061541,0.011894779162256768,0.00031906339295350276,0.4150327703268296,0.4662511607596502
0.09472268513801652,0.6734693740108292,0.004248360778260087,0.004642363694883549,0.008046637183158732,0.0003056910096919143,0.6318081059302734,0.26895086268280055
0.18773343191749617,0.6734693740108292,0.010211358865814603,0.003391838597659431,0.022706909424424014,0.0008224865950807346,0.1394333983999761,0.6365522705305012
0.11254243167523068,0.10204081424406503,0.0031156607737220328,0.0035106377241710357,0.1823846993227734,0.000542536774675482,0.12418292239301687,0.5991690228000266
0.38665108251356967,0.2653061170345691,0.007331498717060328,0.0011517647625959465,0.08399862155866984,0.0007138960026080432,0.10130720838257805,0.6552438943957386
0.09424871524824485,0.9795918167430242,0.0040465305467972,0.0001053455189426252,0.028105795186143652,0.0011851525079527568,0.4575163579303032,0.21495327832375413
0.2427419030509156,0.8571428396501461,0.005494241943164242,0.00029822881628779955,0.005306989833860578,6.744969014797696e-05,0.5217865179198494,0.18587759503404064
0.2691921282154653,0.5102040712203251,0.011431607685789366,0.0007086202528451484,0.015047958186920684,0.00038470672093405113,0.23093666998603674,0.3811006058742246
0.14983021061499258,0.8571428396501461,0.004302774116418826,0.0041101756407410876,0.024886565963331036,0.0010955860929581162,0.16993476595819987,0.5628244186878847
0.23620542953583537,0.10204081424406503,0.006620204965601864,0.004892751759600796,0.059913273216359975,0.0013168574267758957,0.6296294071372355,0.30841139764994085
0.09224674820048613,0.5510203969179511,0.004606212680247472,0.0038927633670163228,0.011343403595102424,0.0008490282635493458,0.3845314027686058,0.44859818051274564
0.11612903209511971,0.36734693127863405,0.0015813032022151691,0.003716201410987243,0.03041180862585688,0.000821215916041332,0.11982552480694127,0.6209757852673117
0.1628890576228112,0.4081632569762601,0.004469385747671563,0.0023634318980874694,0.010028143127619661,0.00036126134667611895,0.003267840417404012,0.8785047371602539
0.20857383838455285,0.5714285597667641,0.0028689513639427156,0.003563448471843923,0.0005456320716631546,2.8994985366146504e-05,0.003267840417404012,0.7248179640179746
0.11193405618971529,0.4489795826738861,0.008682284813675398,0.002108696962936052,0.03224972718303803,0.00040443317190276616,0.7037035039232992,0.23572139717270646
0.4169283843163688,0.3469387684298211,0.011651186485829452,0.002330596516142204,0.012434667738428733,0.000316912686392898,0.4978212467407391,0.21183813972170637
0.1949844190049302,0.3061224427321951,0.011440224271309096,0.0016884333178519993,0.017101257825021504,0.00043545779279434064,0.43572978554423064,0.43406033886788886
0.13402658174604523,0.24489795418575605,0.0020633405576840386,0.005394336451479607,0.019700189534785476,0.0001164622272895244,0.4575163579303032,0.2211835555278497
0.34634971052119157,0.4897959083715121,0.0177173807747137,0.003283549330416543,0.002211245764108574,0.0003729422132832532,0.16448781120345268,0.5077881907105054
0.22138509169861842,0.040816325697626006,0.008935871515936042,0.0012322491651369453,0.07371776462943777,0.0004773597844228721,0.19498917876167648,0.6209757852673117
0.1935412918378808,0.6734693740108292,0.003365767500694177,0.00029803514863646646,0.056171385903848965,0.0013478174866964824,0.13071901877213027,0.62824470608974
0.2009337682643403,0.06122448854643901,0.005401248112500675,0.002291376395901615,0.004336339095849281,0.00043723629382845606,0.5130717227476983,0.3073727540316081
0.05237691110241087,0.6734693740108292,0.0016135923022697791,0.0024555750932387195,0.03776348285458148,0.0008492157977984055,0.3257077819895014,0.5036344084901249
0.2311827856921787,0.5918367226155771,0.002645465406018833,0.0003576363683342198,0.0550514042830667,0.0005073689150416181,0.10893244638605766,0.6375909141488341
0.12279992807199909,0.9999999795918372,0.004794301524258781,0.0008364602694901102,0.004192751708569503,0.00019865303171317998,0.5522874699337679,0.19003137725442124
0.062139211678645494,0.8163265139525202,0.001859174019458103,0.003011493244699023,0.032163574750670165,0.0013780385540741555,0.13507600081390048,0.6074765872407877
0.18216467194534863,0.5714285597667641,0.008597565127849479,0.0006424924332974705,0.041321578311374375,0.002811162988060636,0.8823526495093449,0.0031151386020477788
0.5049094203749654,0.6530612111620161,0.005799573307923262,0.00363672601690969,0.008394118660375791,0.00028603592165363034,0.12091508197561285,0.5919001019775981
0.18351725538041277,0.7755101882548942,0.002646557673711681,0.002856099162960648,0.010108552064496337,0.0008648603813764189,0.13616555798257207,0.5867084683918354
0.5585950193165712,0.28571427988338205,0.024401426963622172,0.0013146450673966012,0.010639825397431513,0.0006238757201444436,0.002178698793037797,0.7310490334750208
0.2554399851330273,0.20408162848813005,0.009898206239229532,0.003893659079903738,0.02145195565959876,0.0006681927916668598,0.4575163579303032,0.4413292596903173
0.20889925205807267,0.3061224427321951,0.0036988004411978455,0.0011668379158991998,0.1364941703481565,0.00030022830610506234,0.529411755923329,0.20768435750132577
0.1516482701943124,0.4693877455226991,0.004167367652798003,0.0012896570986833515,0.0057434954911911,0.00032256006125717956,0.6056645515024305,0.14537920870151816
0.3121674783682653,0.6326530483132031,0.005552446440030493,0.0018290873546474135,0.017316638905941168,7.203178977638562e-05,0.49455340632333505,0.22637598136656312
0.08035511655889223,0.4489795826738861,0.005135268252735555,0.004531847249650331,0.001033829188414398,0.0009230130226981115,0.2047931155581939,0.37902411089050964
0.15377757596058853,0.8979591653477722,0.0015836839637523618,0.0022087747217624173,0.0025271380161240842,1.3016913629661797e-05,0.4193897523685998,0.22637598136656312
0.25592103876608074,0.4285714198250731,0.010410162005000586,0.0016404763656906471,0.07770949399581559,0.001674373026616518,0.16448781120345268,0.592938745595931
0.06825126777481552,0.5306122340691382,0.002675250799301507,0.003270131551363059,0.007868588822931807,0.0001568280136708916,0.28540289317906553,0.5285563095594578
0.24689442709479573,0.7959183511037071,0.005526197285109846,0.0006235565786883794,5.7434954911911005e-05,8.03544675196969e-05,0.15141603398953127,0.5960538841979788
0.02833899568127142,0.3877550941274471,0.002806440310831215,0.007990969378566769,0.007667566480740119,0.0005056547828327435,0.4150327703268296,0.4641746657759352
0.0872311712340558,0.6938775368596422,0.003704985558953625,0.002843752850188165,0.003532249727082527,0.0005646016393850338,0.10283221442884342,0.727933894872973
0.2718449226102637,0.4693877455226991,0.0038150462025565344,0.001699324702393843,0.004221469186025459,0.0003696365378520819,0.48801730994422166,0.22949111996861088
0.33069463786849607,0.4489795826738861,0.01087158866850378,0.0016956755196736,0.011228533685278602,0.00033118869267341895,0.49891038836510526,0.21495327832375413
0.2310059282349107,0.7142856997084551,0.003469226610336625,0.0027943918075546475,0.006633737292325721,0.0003273581519197768,0.13616555798257207,0.592938745595931
0.1979909283142646,0.6122448854643902,0.005616916281627737,0.0030492647309076403,0.02082017115556774,9.403094064046768e-05,0.13507600081390048,0.5970925278163116
0.6964911464284456,0.9999999795918372,0.017428685219966576,0.0007596516789714132,0.008273505255060782,0.0001935731016689016,0.5468409307233261,0.1713397533891839
0.21987122829508401,0.28571427988338205,0.11863961274304965,0.10533126984517838,0.003991729366377815,7.77763711740681e-05,0.6710238531163429,0.42575277442712767
0.10711657104434281,0.5102040712203251,0.0029992316364199985,0.001316668894353032,0.008040893687667541,0.0003934099625438457,0.5348582951337709,0.3177568134560842
0.32794988973947825,0.8571428396501461,0.013624898578173833,0.0017541399102580279,0.00255585549358004,0.00019895885088408512,0.13071901877213027,0.5981311714346444
0.15277446478381634,0.8775510024989592,0.0032944957313498988,0.0028129834179134944,0.013454138188115153,4.801664573491172e-05,0.5490196295163638,0.1879540900177556
0.08367288892123838,0.24489795418575605,0.001564262784297975,0.006541047456714017,0.008529090804418785,0.000462181615431096,0.6873638862919738,0.26687436769908557
0.04801923679327425,0.7959183511037071,0.004707437590186236,0.007401401472687344,0.02221296881218158,0.0005371887820995816,0.27886721234425754,0.5285563095594578
0.3410794729837819,0.12244897709287803,0.03396881327657342,0.025633797071841463,0.028022514501521385,0.0002773312581653081,0.7178648383058922,0.4101762891639381
0.6716609396203241,0.6122448854643902,0.023172290661847735,0.0027352563585583507,0.0043076216183933255,0.00021801740323627188,0.15032689236516505,0.5825546861714548
0.285094760829803,0.6734693740108292,0.0033653792160262585,0.0011456782724836765,0.007009936246998738,0.00011872416702306015,0.11873638318257505,0.6178606466652639
0.9999999292586362,0.24489795418575605,0.025129037006403367,0.0034435720690217777,0.024119809315257028,0.00013751640536992238,0.09259241321042685,0.6469363299549774
0.23657327820482404,0.5918367226155771,0.01714251455746969,0.010596951611522036,0.011857446441564027,0.0004789777284708049,0.5446622319302883,0.2585668032583244
0.16509620023490956,0.8163265139525202,0.002697345863960103,0.00228621757383923,0.011670782838100316,0.0006971543628876052,0.06535942627720406,0.720664181797594
0.1767119200756788,0.6326530483132031,0.004011838457818325,0.001595647146098324,0.01617942679868533,0.000443263771409428,0.15032689236516505,0.6292833497080729
0.15905488037522456,0.5306122340691382,0.001747697769141029,0.0003956388032170521,0.023301361207762293,0.0002043675615160336,0.5228756595442157,0.3271030215151782
0.2982668128016864,0.3877550941274471,0.007174399712868673,0.003704242433517426,0.01346849692684313,0.00041961308942083987,0.5021786443268147,0.20664571388299294
0.2713355677361941,0.28571427988338205,0.008497926003057153,0.0006871618770774439,0.08885187524872633,0.0007203584405164706,0.14705863640345568,0.673935518260976
0.03936049909006109,0.5102040712203251,0.19265217172662352,0.30400567540080964,0.05127218424986296,0.003913616888809599,0.32135079994773114,0.5721706267469787
0.1525679087328395,0.7142856997084551,0.007238067284713777,0.001604948035053595,0.020331974038816494,0.0007287700048823382,0.13398685918953426,0.6220144288856445
0.2510893861341447,0.5918367226155771,0.005768131974303705,0.0023955327954650546,0.008155763597491364,0.0005085410040982413,0.567537945940727,0.183800307797375
0.42748299314564087,0.2653061170345691,0.014804686607618623,0.0006973487955375635,0.02030325656136054,0.0006798817860390917,0.1666665099964905,0.5337487353981711
0.14048526901346953,0.3877550941274471,0.0009574620632837419,0.003934537479408867,0.0558267761743775,4.6961381292456884e-05,0.5642701055233231,0.21287599108708852
0.1149900842378003,0.7142856997084551,0.005254554303882221,0.004325750008454702,0.00037332720692742155,0.0003934099625438457,0.8736382698814991,0.1436136730009425
0.3290180844942572,0.5714285597667641,0.007243172637681936,0.000791580212139312,0.020274539083904586,8.967211437005838e-05,0.49019600873725944,0.22222219914618252
0.07092529653340376,0.9591836538942112,0.0007531437536804536,0.003136374987969872,0.017925449428007424,0.00030163289151554024,0.4324619451268266,0.44963682413107847
0.5613327174344181,0.14285713994169102,0.03405208262539287,0.017961139845005733,0.029866176554193723,0.0005340966190224627,0.10882340756032942,0.7237801126525925
0.30361487031886286,0.4081632569762601,0.011550277621550623,0.003082246816098791,0.009729481362077724,0.0001329421837171402,0.27233111596514414,0.3603324870252723
0.09715618708007805,0.32653060558100805,0.0009483627267010355,0.0017595103142294937,0.03773476537712553,0.0009448273293535917,0.45424810196859383,0.41952249722303214
0.21020088988609656,0.6326530483132031,0.0022061654117402282,0.003913447072178696,0.018405031301521883,5.008182822353235e-05,0.0029410979300941477,0.7258566076363073
0.2033602033291755,0.28571427988338205,0.002845980748615227,0.001463702827752486,0.06668198265272868,0.0002350666875122114,0.607842834751163,0.2211835555278497
0.15336727543007556,0.5918367226155771,0.002584956554258451,0.0012487448073392397,0.05212222158255924,0.00026665564046268785,0.15904127199301088,0.5784009039510742
0.16567627447940875,0.3469387684298211,0.002864127326342189,0.0012502728451082577,0.038423984836068466,0.00024960693262398936,0.5980388979546455,0.21599192194208697
0.20275889472088646,0.5714285597667641,0.001662657175414255,0.0011793827380142997,0.0192981448504021,0.0007688401942465401,0.11655768438953726,0.6458984785895953
0.17191566929409619,0.5918367226155771,0.0021551118820586313,0.0042651523686908395,0.07368904715198182,0.0004475226242476798,0.14270165436168547,0.6438211913529296
0.2022990754516229,0.6326530483132031,0.001310714285358861,0.0014823975661356677,0.01590948251059935,0.0005538641507518836,0.12527206401738308,0.6251295674876922
0.076124780968273,0.8163265139525202,0.00199866789117976,0.0018863282498445453,0.02317500430695609,0.0012604119235578874,0.1394333983999761,0.6105917258428355
0.29374644008881756,0.6530612111620161,0.01037032288670279,0.011455165599948134,0.05441961977903568,6.240797789277442e-05,0.4793025147720705,0.20145328804427953
0.1433573727270602,0.6122448854643902,0.0017506560954391776,0.0004502337141278454,0.0433059560035809,0.00023413401205633452,0.12200422359997908,0.6199379339019295
0.4491793519259105,0.28571427988338205,0.026430005971742734,0.0007410160092218883,0.06327321807870676,0.0005204842072937375,0.1623091124104149,0.5514017156450757
0.16734577784247676,0.14285713994169102,0.006140061105669212,0.0048799939030692305,0.037390155647654064,7.745913854579188e-05,0.15577343157560689,0.5711319831286459
0.10865166881166709,0.4489795826738861,0.0034195157537553625,0.0025866445179696597,0.050973522484321014,0.0007588719418968792,0.14270165436168547,0.6033228050204071
0.16129739110556543,0.9591836538942112,0.0007051187054874522,0.0025298277549289485,0.006691172247237632,0.0006209062997705003,0.14379079598605168,0.616822003046931
0.26643321259988395,0.7346938625572681,0.003110500546892039,0.0028773023815977213,0.010114295559987527,0.00013523717251915778,0.49564254794770124,0.22326084276451533
0.5220288039603339,0.4897959083715121,0.014892908496120115,0.0030533835576823667,0.04298719200381979,0.0007980983039986111,0.1492373351964935,0.616822003046931
0.22577107568179897,0.7142856997084551,0.013086922877411315,0.0009820838182187312,0.007552696570916297,0.0003139014166752608,0.642701184351157,0.24091382301141986
0.14343519270682697,0.6122448854643902,0.0006369292495848352,0.004044089943907574,0.01487565332218495,0.0016049200249104504,0.15577343157560689,0.5950152405796459
0.10557440639979222,0.16326530279050402,0.005272537649235371,0.0037050122624314747,0.02378094308127675,0.0007605825578385839,0.49564254794770124,0.4620973785392696
0.1316425985427343,0.5918367226155771,0.010054812073270521,0.004797844927065024,0.07552696570916297,0.0033229055245951817,0.15032689236516505,0.5067495470921727
0.29811117284215277,0.9999999795918372,0.0017616940769380927,0.001978372190324487,0.008259146516332801,0.00026996442865496046,0.5403048343442127,0.17341624837289885
0.10909733746042256,0.5714285597667641,0.007196811170490125,0.00047586562778177764,0.01953649991328653,0.0002805814034756001,0.5403048343442127,0.33125601148260814
0.2360497895763018,0.08163265139525201,0.0016897120731162712,0.003442684587009544,0.1017747401039063,0.0004224613619013077,0.15359473278256908,0.5721706267469787
0.05593519763174215,0.24489795418575605,0.003190904646596709,0.01360806720430096,0.013218654872976318,0.0008971085095265104,0.7309366155198136,0.26272058547870497
0.2953735084564167,0.6734693740108292,0.00734621046887878,0.0009247238174160301,0.00544770547339476,6.872361645050346e-05,0.12200422359997908,0.6199379339019295
0.2594227354629212,0.7142856997084551,0.014939457506890349,0.001011516459530075,0.007374648210689373,0.0002881115568708871,0.6339868047233111,0.2824508529622752
0.09690152650909868,0.8571428396501461,0.0007292736237823846,0.002348956209488579,0.030515191544698318,0.0010359905907931458,0.13289771756516805,0.6012463100366922
0.3216043737040078,0.5918367226155771,0.01094259822414119,0.002963352308268904,0.006662454769781677,0.00030984277970537,0.4912851503616257,0.21806841692580192
0.10444962602903633,0.6122448854643902,0.003736243516629837,0.0013061430575030794,0.016368962149894636,0.00044345624380418534,0.14161209719301387,0.6614741715998341
0.09826683369638127,0.8775510024989592,0.0034459048717539794,0.0037541457455746753,0.0065475848599578544,0.00029787048564377985,0.5708057863581311,0.23883653577475422
0.060646574205873216,0.16326530279050402,0.11180289913524706,0.1640068356366201,0.031715582102357254,0.0004974178213071632,0.8583877938745398,0.34579464538041554
0.31878888933850497,0.040816325697626006,0.014815814193271673,0.004716867640351383,0.020418126471184364,0.0003466243946098823,0.07407409678606364,0.671859023277261
0.2472622757637844,0.22448979133694305,0.0031260492987549306,0.0019954856323345337,0.00045947963929528804,0.0003934099625438457,0.5174291203337739,0.1921078722381362
0.4861558846787161,0.4285714198250731,0.01430745301275371,0.002084396514385034,0.00313020504269915,0.00018168590895865228,0.5174291203337739,0.18587759503404064
0.36266266053209767,0.6326530483132031,0.002667529560717281,0.0024802255960695214,0.008167250588473743,0.0002929335504644096,0.11437898559649946,0.5939773892142638
0.04856395135255865,0.4285714198250731,0.0017045037046070142,0.001172008842189793,0.0323358796154059,0.0003934099625438457,0.3572982911720914,0.5295949531777906
0.1299518945479873,0.14285713994169102,0.0038070756004735915,0.005385180813262835,0.0673137671567597,0.00020357784249591535,0.14814819357212727,0.7144339045934984
0.17699489875372978,0.5714285597667641,0.007098347318789244,0.000603981620829889,0.02239963241564529,0.0006033011378485262,0.5751631839442067,0.22014491190951688
0.07357101561794811,0.5510203969179511,0.004980068648229807,0.005772123938935033,0.0014933088277096862,0.0018238082326720692,0.12962946160345867,0.6085152308591205
0.13439444728108935,0.12244897709287803,0.03020252840440665,0.028803695930257087,0.02268393544245925,0.0005555901575679219,0.6830064887058981,0.1464170600669003
0.4037987673399543,0.6326530483132031,0.011525546180403504,0.0008264670186813235,0.013899259088682463,0.0003406206085995138,0.14596949477908946,0.6303219933264057
0.0904286886211663,0.5510203969179511,0.002301118030889538,0.0059875114173651095,0.005887082878470878,0.00018777635270091205,0.5424835331372505,0.27725842712356175
0.14225380985403874,0.5510203969179511,0.00619086145151994,0.005166985153888429,0.002125093331740707,0.0008231074372038256,0.053594743675813704,0.7268952512546402
0.02555885413492791,0.7959183511037071,0.005280579795720454,0.005903609749116339,0.0842857963332294,0.0005697686306672721,0.14052295556864766,0.60436144863874
0.07190859599816188,0.5102040712203251,0.003915466064319775,0.005333621642786688,0.06493021652791539,0.0003803119634089552,0.13180816039649648,0.5991690228000266
0.3416383465966021,0.6326530483132031,0.012879718480517862,0.0024566872297264995,0.010711619091071403,0.0004292286198227559,0.11111114517909546,0.6386295577671669
0.1922821058713812,0.3061224427321951,0.006099323514709606,2.6169341386381525e-05,0.05743495491191101,0.00022217217072338058,0.1797382872104119,0.49844198265141143
0.3828451896409438,0.28571427988338205,0.013266370824698281,0.0016578749833172824,0.020906323587935607,0.0008196509081466945,0.09803895242086867,0.6521287557936908
0.050290040331603586,0.6326530483132031,0.002289071829005142,0.003739059035535829,0.021354316236248512,0.0002774292524962717,0.4335510867511928,0.44236790330865006
0.14604555210615652,0.5714285597667641,0.0035462573567501565,0.002154620404758407,0.02449888001767564,0.0009172981854620626,0.09520697642536383,0.7268952512546402
0.30776031061946124,0.2653061170345691,0.17349403950611977,0.12515439343208695,0.0005456320716631546,0.000505662852954117,0.16339866957908647,0.7175490431955461
0.07446236134848677,0.22448979133694305,0.007782445862164799,0.00789200520873557,0.018235598184531743,4.228974174595209e-05,0.6296294071372355,0.2793349221072767
0.38711796866005954,0.9183673281965852,0.013515782945824418,0.0018538879499079986,0.0006030670265750656,0.00039891109528009507,0.11655768438953726,0.6199379339019295
0.058779004320830504,0.7346938625572681,0.002087045718693681,0.0031881079751630904,0.01134627534284802,0.0013467514620921963,0.12962946160345867,0.6095530822245027
0.18975663332904477,0.6530612111620161,0.0030077975157129706,0.0014627344894958209,0.020791453678111783,0.0006850143448034698,0.11655768438953726,0.6199379339019295
0.16971561042527958,0.9999999795918372,0.0009741951181140775,0.0014089999471260746,0.0077250014356520305,0.00020719782994000867,0.5479300723476923,0.19522301084018398
0.38635397008106603,0.24489795418575605,0.013459235083900897,0.00015195648092721262,0.01915455746312232,0.00027591168538656515,0.5196078191268116,0.1671859711688033
0.07287067796518557,0.8571428396501461,0.0018151370507299574,0.0015421953584995242,0.01540979840286572,0.0004941496719403786,0.5882349611581281,0.19418436722185117
0.2851725808095698,0.36734693127863405,0.00570956975542676,0.002672641670205854,0.032766641777245226,8.921038814004764e-05,0.45860549955466945,0.23052976358694371
0.14225380985403874,0.3061224427321951,0.001345020868093202,0.00958680050893386,0.04299006375156539,0.00048496741098334446,0.48910645156858784,0.23883653577475422
0.22214204026644108,0.8367346768013332,0.0023196535878902648,0.0015777861469541312,0.006748607202149543,0.0007683147524868282,0.12854031997909246,0.6012463100366922
0.1368491667208853,0.5306122340691382,0.006632948204452728,0.005136342089756253,0.011426684279724694,0.0006172758980269202,0.14052295556864766,0.6656279538202148
0.02350735991539086,0.6122448854643902,0.004373436021830308,0.007279216551461309,0.015516053069452761,0.0006805931288090138,0.567537945940727,0.2969886946071319
0.1687818212662444,0.8571428396501461,0.0013743714381162751,0.0015686421287964402,0.0001435873872797775,5.04152010945555e-05,0.5664488043163609,0.21495327832375413
0.15790179876345248,0.7142856997084551,0.0062085127752786965,0.0007127889490400928,0.005772212968647056,0.00011335350124901516,0.5348582951337709,0.20768435750132577
0.12046546360743876,0.36734693127863405,0.003496340202232629,0.0005064360665447033,0.04043420825798535,0.0009237558581559648,0.5021786443268147,0.3592938434069395
0.2718449226102637,0.4897959083715121,0.013921318149928568,0.004115481166049357,0.00037332720692742155,0.0007026573978667498,0.5697166447337649,0.32502573427851256
0.08839133658910962,0.7551020254060812,0.0019167714308149426,0.002415912442414834,0.016684854401910146,0.0014217321126475976,0.14052295556864766,0.6126690130795012
0.188363024900746,0.3877550941274471,0.004016345407850149,0.002984607333002709,0.024180116017914532,0.0003084321609184366,0.11328984397213325,0.6334371319284534
0.22183784409065566,0.6734693740108292,0.007413913700689192,0.0013454430656498434,0.009505485037921271,0.0002829838017501836,0.5664488043163609,0.21599192194208697
0.28545555948762075,0.6326530483132031,0.00757032157206407,0.0030312003807295477,0.015450002871304061,0.00024456239582630607,0.5686275031093987,0.16095490171175705
0.2983375490381714,0.4489795826738861,0.004968383641385336,0.0016062940252303598,0.0362701740268718,0.00014417809841797574,0.11220028680346167,0.5981311714346444
0.11100735077396183,0.7142856997084551,0.002703280923611319,0.004326264196068991,0.0036471196369063487,0.00022266464027290928,0.5435726747616166,0.20041543667889739
0.12603989732063386,0.9591836538942112,0.0030761891019167762,0.0032074766769729117,0.021664464992772827,0.0010266310753845158,0.5468409307233261,0.1921078722381362
0.222679662649416,0.4693877455226991,0.018267685729242863,0.015638817779266734,0.004396645798506788,0.0003369957790825964,0.6699342959476714,0.1381102878790898
0.3077886118604774,0.06122448854643901,0.012571372526387169,0.0018475555018785358,0.001435873872797775,0.00039921497377895564,0.16339866957908647,0.5109033293125532
0.29836585027918755,0.6530612111620161,0.004198979164849832,0.0037112299623775226,0.011975188099133444,0.000958720427589516,0.15795213036864467,0.592938745595931
0.4986134230782457,0.18367346563931702,0.01626646724539656,0.0036462176685015243,0.033944058352939406,0.0007744390138805579,0.10130720838257805,0.6583590329977863
0.20061543833410223,0.6530612111620161,0.007606645290175221,0.0025310144534624913,0.017833553500148366,0.001376124398142667,0.1612199707860487,0.5877463197572176
0.25190293718399975,0.6530612111620161,0.0008161896532933805,0.002139239804058662,0.004738383780232658,0.00012686941738360326,0.5337687379650993,0.17237760475456604
0.6108233910687857,0.6326530483132031,0.0174649783754205,0.0011537314575952341,0.024093963585546666,0.00026685136012056924,0.15141603398953127,0.6147455080632162
0.20684068252828158,0.6530612111620161,0.008027313177240503,0.00180991716218021,0.012980299810091887,0.00026184711628602926,0.6350759463476773,0.28348870432765727
0.2584747956833779,0.4489795826738861,0.005748710794849317,0.00011164940099351674,0.06242318074601048,0.000813167295776949,0.11328984397213325,0.6323984883101207
0.12349320728056302,0.3061224427321951,0.003757324109450337,5.2716334692862544e-05,0.06515995634756304,0.0017004963937939377,0.15032689236516505,0.5119419729308861
0.1356253488726282,0.6530612111620161,0.006422943851394018,0.0020158526908869764,0.009218310263361717,0.0002808477751246487,0.7037035039232992,0.31256517987032145
0.10246179273573026,0.7142856997084551,0.002530452570036809,0.0021605301731388356,0.018832921715615618,0.00046999652882341835,0.27995635396862373,0.5275184581940756
0.18887944665204193,0.4489795826738861,0.010204544782465262,0.0006554439574803699,0.01648383205971846,0.0009696619750059668,0.03594765744208238,0.7362406670607835
0.15425154585036016,0.5918367226155771,0.002062510503698059,0.0028676921085694458,0.025300097638696797,0.0009801594736011299,0.033115390565563785,0.7289717462383551
0.18843377800328645,0.9183673281965852,0.003541333295907805,0.00015912218402653632,0.010154500028425864,0.00025411530592927894,0.5435726747616166,0.1671859711688033
0.1886813716970395,0.8775510024989592,0.000911354127225723,0.0038333960010075536,0.010659927631650684,0.0001117571543830438,0.5392156927198465,0.20041543667889739
0.21223824191815324,0.8775510024989592,0.00016754240308638842,0.0012808844382470915,0.018436620526723433,0.0008872550834752493,0.13616555798257207,0.5960538841979788
0.23903508138790178,0.24489795418575605,0.004408955039068857,0.002203306515627028,0.029464131869810346,0.0007044912368759977,0.5490196295163638,0.29802654597251405
0.22090405493162044,0.28571427988338205,0.003769005990568501,0.0008381742282044079,0.05610533570570027,0.00034780939586070297,0.11982552480694127,0.5960538841979788
0.19088849744308242,0.6734693740108292,0.00539051297915062,0.0010620772732636006,0.014852679340220188,0.00026123943614660686,0.21132879639300192,0.6178606466652639
0.26605119644433173,0.2653061170345691,0.0027129255257831416,0.0022246172198105907,0.04671472057760283,0.00028437261199483385,0.14161209719301387,0.5711319831286459
0.284309544753075,0.24489795418575605,0.015537332542783378,0.0007774013192160894,0.024754465567033642,0.00022856313041392867,0.6132897895059101,0.2824508529622752
0.15993915079550916,0.2653061170345691,0.00559496326386465,0.0017566382229602245,0.07314341508031867,0.00039696331384288377,0.4389976259616346,0.4434057546740322
0.17671900381896055,0.32653060558100805,0.006320708289949313,0.0021553999170550223,0.05482166446341905,0.0006386475008813414,0.13398685918953426,0.6998960629486416
0.15180389328779054,0.4693877455226991,0.0020999327409546697,0.0030053200883127813,0.04405261041743574,0.0004272032115037617,0.12636162118605465,0.5970925278163116
0.24264286557341438,0.14285713994169102,0.00869454113382821,0.005342046185619676,0.03744759060256597,0.00043200320440925404,0.2102396547686357,0.5919001019775981
0.24755938819628806,0.5102040712203251,0.01111547172709569,0.0019312392940195567,0.008672678191698561,0.00041439746605003905,0.20697139880692633,0.6105917258428355
0.14110779511949298,0.22448979133694305,0.0062460162814192925,0.004190997024995405,0.030698983400416432,0.00023694548862625422,0.014161334382592998,0.7248179640179746
0.41365306381554695,0.9999999795918372,0.006838609881762197,0.0019810051020443596,0.006958244787578019,0.00025522164271128304,0.1394333983999761,0.5887849633755504
0.08654499263482905,0.20408162848813005,0.0028573917334534485,0.0008244964503290095,0.0323358796154059,0.0008823273520771598,0.1546838744069353,0.6012463100366922
0.23562533842528074,0.5306122340691382,0.005020989615132761,0.0007294976256588538,0.05522370914780243,0.0008147314005865758,0.15795213036864467,0.5119419729308861
0.34825972383473086,0.4285714198250731,0.01145250490266652,0.0018010607404847481,0.03193383493102252,0.0005225634164218883,0.09150327158606064,0.6677052410568803
0.423394121594964,0.4489795826738861,0.02572551588454592,0.0012389355407992197,0.017977140887428147,0.0007292090579142044,0.13289771756516805,0.6386295577671669
0.05609790025198821,0.5714285597667641,0.0033540300511083316,0.00257193061815963,0.01455976107016944,0.00018898452672881947,0.6949891242954533,0.09241947570785392
0.21193404574236782,0.4081632569762601,0.0066063232677693925,0.005030217058517012,0.01780483602269241,0.0011449911262170346,0.07625279557910143,0.6656279538202148
0.49074699362806995,0.32653060558100805,0.019201979214533003,0.001465565426389182,0.026219056917287376,0.00035165229158587636,0.005446539210441809,0.7113187659914506
0.05382710514668659,0.5918367226155771,0.003586811571766417,0.008418364834911162,0.017890988455060278,0.0019998183484104606,0.28431375155469935,0.5327100917798383
0.2056239315572508,0.4693877455226991,0.06548645629437339,0.06720076254451951,0.009103440353537894,1.12044027983296e-05,0.15904127199301088,0.7092422710077356
0.17420061501990589,0.5102040712203251,0.002626832951502588,0.0002605217245732502,0.041726494743503345,0.0007593597807339056,0.13616555798257207,0.5815160425531221
0.4344793027960401,0.7346938625572681,0.015074554870909699,0.0009082867596782637,0.006719889724693588,0.00016887574415274891,0.15795213036864467,0.6105917258428355
0.22267257890613423,0.10204081424406503,0.006946611019031693,0.0028888870963313376,0.049537648611523245,0.00018957522118420817,0.03159050918259001,0.7082036273894028
0.21815222305932083,0.6530612111620161,0.005469625111981715,8.470538900180292e-05,0.03589684681994438,0.000872567078284038,0.11002158801042387,0.6365522705305012
0.34749572525573735,0.22448979133694305,0.016284738852175806,0.0013716075653449416,0.06455688932098796,0.0010265609421868653,0.13289771756516805,0.662512815218167
0.1642048629373986,0.2653061170345691,0.00017819418373492293,0.0010067861271462648,0.10476135775932567,0.0005472491106911987,0.5991284551233171,0.21391463470542132
0.15634548349839378,0.4081632569762601,0.011585782399369327,0.004593104327766983,0.032536901957597585,0.0005788886364022824,0.27233111596514414,0.47767386380245913
0.29257920785653735,0.5102040712203251,0.005990058542103298,0.002408397653373983,0.03744759060256597,0.00031346637948950664,0.1612199707860487,0.5825546861714548
0.9999999292586362,0.6734693740108292,0.034642844897422774,0.006445709713654028,5.7434954911911005e-05,5.560025407701064e-05,0.14379079598605168,0.5877463197572176
0.36230189560639076,0.7346938625572681,0.010857224219608332,0.001612379062835245,0.007193728102716852,0.00013854707515676283,0.13180816039649648,0.5919001019775981
0.26605119644433173,0.6326530483132031,0.931712013920715,1.342397085038133,0.07565332260996918,0.10936894624480649,0.6568625187337499,0.41744520998636647
0.27754666130986533,0.08163265139525201,0.020052458085414577,0.004065326086045374,0.017287921428485214,0.0005824083621955976,0.20588225718256012,0.37902411089050964
0.355043824775675,0.20408162848813005,0.002152333458674599,0.0059417685706276225,0.04023318591579366,0.0007482657272380709,0.10130720838257805,0.6240917161223101
0.21987122829508401,0.36734693127863405,0.0920492396466098,0.08852026892283565,0.013023376026275821,6.57523899065384e-05,0.6938995671267818,0.4091376455456053
0.22773060773408885,0.7755101882548942,0.014470022037982682,0.003969141047010803,0.004701051059539916,0.00022314558107761875,0.358387848340763,0.5295949531777906
0.2009337682643403,0.5510203969179511,0.004078863059717186,0.0028228609523006094,0.010165987019408247,0.0008881346498466585,0.1274507628104209,0.6344757755467862
0.2958686958439228,0.6326530483132031,0.012989712789262479,0.00309337495934439,0.021796565389070228,0.00014306672741740058,0.005446539210441809,0.7175490431955461
0.203324835210933,0.6530612111620161,0.0003421802048897498,0.0009106412741493456,0.018120728274707922,0.0007831879861781354,0.12527206401738308,0.6240917161223101
0.09566637635819632,0.9999999795918372,0.003761288225013505,0.0045963269574851645,0.017500430761659285,0.002503018085033946,0.5479300723476923,0.18899273363608843
0.250580064992186,0.20408162848813005,0.1758621870011491,0.1740769531362208,0.009574406983815564,0.00016978349830524154,0.5980388979546455,0.3914846652987008
0.188363024900746,0.4081632569762601,0.0020569328187546136,0.0033552436424326613,0.03148584228270961,0.0006554969535804139,0.14379079598605168,0.62824470608974
0.07062817566787241,0.5918367226155771,0.004725154206894519,0.005413174019755646,0.026190339439831418,0.0010600761562508906,0.2374727663651501,0.37902411089050964
0.11303761906273675,0.5102040712203251,0.0038294182921162893,0.0027245019938798246,0.015564872781127883,0.00018248619599485483,0.1492373351964935,0.6085152308591205
0.22232594773488,0.7959183511037071,0.004310850645893285,0.0032196404579840137,0.010361265866108745,0.0006352853538151304,0.16339866957908647,0.502595764871792
0.27686048271063857,0.06122448854643901,0.020002811132571144,0.005459350682032119,0.040635230600177034,0.00029649587496983197,0.1884530823825631,0.606437943622455
0.17762449173697958,0.9999999795918372,0.002820880471763878,0.00229387228775817,0.026296594106418453,0.001079399485442426,0.5468409307233261,0.19314651585646903
0.40094789799015346,0.6734693740108292,0.012161391844868566,0.0023977314074768137,0.03382918844311558,0.001895609639697817,0.0793028076716322,0.7113187659914506
0.25761175962688315,0.9999999795918372,0.0018474396955985648,0.001479912325999936,0.005370168284263679,0.000293770325977965,0.5435726747616166,0.17757003059327944
0.15993915079550916,0.6530612111620161,0.002531503161378896,0.0007721771343213797,0.022715524667660802,0.002996676248153531,0.12200422359997908,0.626168211106025
0.2861488218301293,0.6122448854643902,0.003892602418292571,0.002004411774384475,0.010625466658703536,0.00017361425041920533,0.49999994553377686,0.21910706054413473
0.06832201244432827,0.12244897709287803,0.002432221758597264,0.0035600375003348194,0.026420079259479062,0.00017249231140254587,0.10980388434884222,0.7237801126525925
0.07656338273980215,0.4897959083715121,0.0023415725699668976,0.0008852161007132113,0.007495261616004386,0.0003468739919352189,0.02287571401043882,0.8888887965847301
0.1837011797149071,0.4897959083715121,0.0014067435435694835,0.0023554343924256705,0.08190224570438509,0.0019432517933718502,0.13725469960693829,0.660436320234452
0.17122239008553225,0.8571428396501461,0.003214720944541712,0.001067646186577683,0.013003273792056652,0.0003514379914342614,0.6176467715476803,0.14537920870151816
0.24709958579307992,0.6530612111620161,0.0026512236884822403,0.000301569583273295,0.025759577277992086,0.0004128297489003688,0.15577343157560689,0.5794395475694071
0.20882143207830586,0.08163265139525201,0.007624389691117343,0.0031709446637328254,0.10295215667960048,0.00022726230370682392,0.6568625187337499,0.2928349123867513
0.14520371668134077,0.4693877455226991,0.007770128416697536,0.002002600981844511,0.01769570960835978,0.000496981708105226,0.3888888003546814,0.4392519724536516
0.27931520215043454,0.36734693127863405,0.017591115324026345,0.00489785006052214,0.006116822698118522,0.0005803245415695193,0.5773418827372445,0.3032189718112275
0.17446942621139336,0.2653061170345691,0.003843347917752135,0.0019113656038088848,0.15223134799402013,0.0013465047469530644,0.16448781120345268,0.5919001019775981
0.3725806095008936,0.9999999795918372,0.014321494469930765,0.011725096183192273,0.011452530009435056,0.0010951656972782824,0.09967316351058443,0.7175490431955461
0.19530983267845,0.4489795826738861,0.0057777904685924475,0.000924617784376925,0.036557348801431355,0.0006020258665257707,0.44117632475467244,0.44859818051274564
0.08851867530762703,0.5102040712203251,0.0037121716037335018,0.0032153913897137658,0.0007179369363988875,0.0007726653164901171,0.14161209719301387,0.718587686813879
0.29932087380201267,0.7346938625572681,0.009722422337780257,0.001588944792854815,0.012118775486413222,0.00036729216759308857,0.15577343157560689,0.6188992902835967
0.28196799654523297,0.6326530483132031,0.005426434520476931,0.0028587320746805206,0.00034460972947146604,4.869588095051219e-05,0.13398685918953426,0.5919001019775981
0.2149193375539678,0.14285713994169102,0.0017365285071372185,0.002626481953848873,0.03434610303732278,0.0006141389265616039,0.5261434999616197,0.20976085248504073
0.18155770646206745,0.3061224427321951,0.0015666626474959329,0.006342141095412384,0.0029866176554193724,0.00034472153684831654,0.002178698793037797,0.7123574096097834
0.03297254805912184,0.7142856997084551,0.0015473036352647636,0.001200274635901855,0.007351674228724609,0.0003301179220691822,0.6383442023093867,0.2762197835052289
0.0020302767218026304,0.9999999795918372,0.002901694388917692,0.0023912241743920225,0.028214921600476277,0.0007882554459634342,0.6938995671267818,0.2616819418603722
0.0584252978393222,0.3061224427321951,0.0034392984755525964,0.005317818362437909,0.0038481419790980373,0.0002988726602163421,0.1492373351964935,0.8078920239196852
0.057166095006767156,0.6530612111620161,0.005016380905344497,0.0067189311944634445,0.007782436390563942,0.0008601281390613143,0.4128540715337918,0.5036344084901249
0.7082413224631248,0.9183673281965852,0.028355168588480376,0.0022264081614162936,0.0017517661248132857,0.0004416043430947207,0.5108930239546605,0.1962616544585168
0.4772636954692303,0.22448979133694305,0.015755852068908303,0.0021864254747985807,0.008959852966258116,0.00047442821676108526,0.48910645156858784,0.21702977330746911
0.507696637231563,0.10204081424406503,0.02091195641320656,0.0013422969346539376,0.01085520647835118,0.0007940922573196707,0.08932457279302285,0.6697817360405953
0.23734436052709934,0.22448979133694305,0.008772420341282642,0.0016243971089387188,0.0785997357969502,0.00025107761617143093,0.025925892320691736,0.7403944492811642
0.22514146583249373,0.10204081424406503,0.010546144991473595,0.002090589037536409,0.12334156567332888,0.0010081428116093876,0.12309378076865066,0.7144339045934984
0.08405488821073515,0.8367346768013332,0.004743448041060834,0.004351000396835507,0.017061053356583165,0.00036421157168993825,0.5718953435268027,0.20353057528094518
0.30084887095999974,0.8775510024989592,0.007124749286996012,0.0018913563462422804,0.009542817758614016,0.00023186674988560723,0.15141603398953127,0.592938745595931
0.21942555964632854,0.10204081424406503,0.00585198548663965,0.00032767114098171,0.0007466544138548431,0.0003121384602320767,0.1786491455860457,0.47455872520041137
0.272050047576437,0.9999999795918372,0.009786489307986816,0.0032491767114888204,0.014444891160345618,0.00019477968088710902,0.1525051756138975,0.6209757852673117
0.4040322272792547,0.4081632569762601,0.016034361228923717,0.0012293005751453994,0.00964907242520105,0.0006605525003293997,0.12309378076865066,0.651090112175358
0.1646575984633804,0.6530612111620161,0.0014624394714228758,0.001764481762839214,0.015852047555687438,0.0021287800408330095,0.12200422359997908,0.6251295674876922
0.13720288163542133,0.8775510024989592,0.0017929193881395418,0.0023170833557704384,0.010165987019408249,0.00018020636749227454,0.5577340091442097,0.18691544639942279
0.27784377374236896,0.5510203969179511,0.004364538468245868,0.0008063158995601173,0.028056975474468525,0.0014106237827227618,0.13725469960693829,0.6407060527508819
0.18773343191749617,0.2653061170345691,0.0028683793560285277,0.0016262127431699662,0.004192751708569503,0.0005572708948459702,0.002178698793037797,0.7258566076363073
0.12756082760139462,0.7142856997084551,0.0023858477885002234,0.000782669079332349,0.0077250014356520305,0.0014352806935591736,0.13289771756516805,0.6137068644448833
0.15018390866347314,0.9999999795918372,0.0018820268990946936,0.0012848057240174582,0.03451840790205851,0.000735456234942282,0.5468409307233261,0.17549274335661383
0.3889077269983632,0.3469387684298211,0.016152781106580413,0.005409844388660102,0.011656424099372339,0.00013074057774815852,0.47167727676859084,0.22222219914618252
0.18684916149721156,0.6122448854643902,0.0016958954543574358,0.0016166586337605774,0.008529090804418785,0.0008895529544634716,0.11437898559649946,0.6116303694611683
0.21608656978624796,0.7346938625572681,0.007276510245261096,0.0019852483602850676,0.007773821147327153,0.0006911821464234667,0.004357397586075594,0.7113187659914506
0.17949913693227634,0.36734693127863405,0.0013982033646928137,0.006461164392230407,0.0024409855837562175,7.950280071074993e-05,0.24836584478603374,0.6334371319284534
0.16156620229705287,0.3877550941274471,0.004068872543834052,0.0024931974553558103,0.01895353512093063,0.001141018320752323,0.5305008975476952,0.31879545707441703
0.27723541512290906,0.4285714198250731,0.0050400009771380035,8.546069284200191e-05,0.03905576934009948,0.0007495130989983636,0.15795213036864467,0.5264798145757428
0.11682936131485455,0.8163265139525202,0.0015838159388631035,0.0070167823588311445,0.031824708516689885,0.001007339546314107,0.5348582951337709,0.20872300111965858
0.10688312797109788,0.4693877455226991,0.010110199943431208,0.006816675742260375,0.00960312446127152,0.00041267522529064155,0.3376904175790566,0.4122535764006038
0.20794424540130302,0.4693877455226991,0.007263024472760849,0.00013125340899970708,0.03738154040441728,0.001084750379419106,0.09019601075580744,0.7144339045934984
0.1316708997837505,0.4489795826738861,0.0026035754639606988,0.0034448778731608906,0.11840215955090454,0.0010815251938413478,0.14270165436168547,0.62824470608974
0.22433499852592045,0.8979591653477722,0.006452422923498603,0.0029712152149130268,0.009792659812480826,0.00010761103345454957,0.5457513735546545,0.16510868393213765
0.20521363102673784,0.6122448854643902,0.00805545860612075,0.0010695683380171639,0.009850094767392738,0.00019932431209485516,0.5664488043163609,0.2866046351826557
0.19310270693240708,0.8775510024989592,0.0008714351292556363,0.004299315342385993,0.027166733673333908,0.0015184494429766962,0.13834425677560985,0.6157841516815489
0.37139924351416076,0.4081632569762601,0.012744183514815528,0.0005694603619797687,0.06952501292086827,0.0006172313202136192,0.11111114517909546,0.6313606369447385
0.23389923258018036,0.16326530279050402,0.006932847056890119,0.0028965597245080256,0.0015220263051656416,0.00044479396249471167,0.532679596340733,0.3177568134560842
0.23068051456139088,0.6734693740108292,0.004127347936980245,0.002056206251056992,0.016825570041444332,0.0004682543241209088,0.532679596340733,0.17445489199123168
0.1864671622077148,0.12244897709287803,0.0031920229620087818,0.005004909538179063,0.06714146229202396,0.0006136556800079306,0.45206940317555605,0.24195246662975267
0.23871671772555283,0.06122448854643901,0.022660178609761328,0.006266116858881586,0.10787146056780565,0.0008025681905107791,0.11546854276517104,0.6801657954650715
0.3318477363463236,0.12244897709287803,0.015277872948094734,0.002038497281019096,0.018896100166018722,0.0001295002769513548,0.30283206797906254,0.6666665974385475
0.16701328042567515,0.12244897709287803,0.006888288091868698,0.0027683144583026493,0.001608178737533508,0.00023205910699291635,0.6416120427267907,0.3239870906601798
0.1718236986938213,0.5714285597667641,0.0012875804376575608,0.0010787046094688016,0.020705301245743917,0.0004564519253288051,0.567537945940727,0.16095490171175705
0.2249433908774913,0.4897959083715121,0.002735687759356828,0.00406352981857926,0.015995634942967216,0.0009638553113174327,0.1492373351964935,0.5898236069938833
0.2179046293655678,0.8571428396501461,0.0044660533761253386,0.002186410465555602,0.01073172132529057,1.2994240431517284e-05,0.5457513735546545,0.19003137725442124
0.14098754014425735,0.8367346768013332,0.004271196640053451,0.002446806790324614,0.015053701682411874,0.0005811230416502748,0.5217865179198494,0.18483895141570783
0.142777298482561,0.7346938625572681,0.004458042834206251,0.0014427707438272792,0.00017230486473573302,0.00017731209531997796,0.2559910827895133,0.3665627642293679
0.3007498334824985,0.6530612111620161,0.007847674213345882,0.001935040990015225,0.01712710355473186,0.00034882734559909287,0.12418292239301687,0.6313606369447385
0.2576329771246176,0.4693877455226991,0.006473393073989588,0.002719985180081609,0.03158922520155105,0.00011313810586664229,0.10566460596865364,0.6344757755467862
0.04400112677816555,0.4081632569762601,0.0037595892191141693,0.0010045056905518177,0.058649704208297924,0.0018773219760825437,0.12636162118605465,0.6095530822245027
0.1525679087328395,0.4897959083715121,0.007495172165584452,0.004714348024207541,0.011831600711853667,0.0004458430782732629,0.12962946160345867,0.6947036371099282
0.12184492141522944,0.7959183511037071,0.002481392559133255,0.004994872712148726,0.022577680775872216,0.0004177263911165958,0.4564268007616316,0.21391463470542132
0.1426782610050598,0.8979591653477722,0.0012003059915300248,0.0025056333394170354,0.006806042157061454,0.0012022690048109925,0.13071901877213027,0.6105917258428355
0.12912420974367964,0.3469387684298211,0.004048160439414858,0.0012916654322276753,0.10769054045983313,0.0022957504677586314,0.49891038836510526,0.2346835458073243
0.22057157438087427,0.3877550941274471,0.008530652357491826,0.002328824457132506,0.011038998334069296,0.00048079861685670574,0.5228756595442157,0.3343719423376066
0.18178408265808607,0.5102040712203251,0.0043473122432648665,0.004950648703966819,0.022514502325469116,0.00030009322764493017,0.24618714599299593,0.6666665974385475
0.10319750693976305,0.2653061170345691,0.004322441880948546,0.0012059684648510472,0.04342082591340472,0.0008203543537264153,0.11764682601390347,0.7082036273894028
0.3767472672992264,0.6530612111620161,0.012629208882155034,0.00021908168887925582,0.02578829475544804,0.00019287647726319877,0.12854031997909246,0.6355136269121684
0.12795697751139948,0.3877550941274471,0.003364544299799357,0.0048950176711213935,0.023663201423707335,0.0003948464441483235,0.15032689236516505,0.6054000922570728
0.2801994557046637,0.7551020254060812,0.005591882686937604,0.004877021104621268,0.014789500889817083,0.00014422209979403586,0.14814819357212727,0.6105917258428355
0.1400466841079958,0.4693877455226991,0.00019778554162158194,0.0013154052129280835,0.0462695996770355,0.0011325652529051062,0.10784288921738608,0.6417446963692146
0.1390350749691938,0.7142856997084551,0.0019409978935120138,0.0017328592245604215,0.07004192751507547,0.0016378088438392968,0.1394333983999761,0.6147455080632162
0.19635680993549454,0.4897959083715121,0.009765710174103482,0.0014967313931799568,0.017086899086293524,0.0006166710232154038,0.5925923587442037,0.2886811301663707
0.39398693959194137,0.08163265139525201,0.02018383583512855,0.010246819864676973,0.10298087415705644,0.0005618012111955658,0.006536096379113392,0.7289717462383551
0.28029849318216493,0.06122448854643901,0.006390429351742379,0.009111399683515282,0.04093389236571897,0.0015339402138842462,0.12309378076865066,0.6355136269121684
0.06119835564238395,0.32653060558100805,0.004481842461610949,0.006777351041488066,0.016343116420184278,0.0005726256842083773,0.4553376591372654,0.6438211913529296
0.2221137390254249,0.6530612111620161,0.0023099152139292307,0.0019530980776563927,0.020130951696624808,5.1626487883564105e-05,0.1274507628104209,0.6188992902835967
0.17860779963476542,0.5918367226155771,0.007452219823884847,0.005627105601616827,0.05355809545535701,0.0014746314123883558,0.13071901877213027,0.5950152405796459
0.09202743888169385,0.6326530483132031,0.005047829185022515,0.0016447225289461247,0.012262362873692999,2.955009442919312e-05,0.7363831547302554,0.19833814944223177
0.06131154374039326,0.9999999795918372,0.0038634706491109906,0.0027358944934694927,0.008328068462227096,0.00018181020804237843,0.8747274115058652,0.09023879946112541
0.19663268800420833,0.020408162848813003,0.008713114894150468,0.018817388106770798,0.0018953535120930633,0.0009694755552022396,0.02941181038955221,0.730010389856688
0.27804893244065315,0.3061224427321951,0.017750971913426655,0.0070560145832999415,0.004772844753179803,0.0002474324192053329,0.2091500975999641,0.3873308830783202
0.30310551544479325,0.5714285597667641,0.012268263900335375,0.0013247787272526043,0.004508643960585014,0.0003039115671436386,0.003267840417404012,0.730010389856688
0.2697721855939091,0.10204081424406503,0.016458730670542376,0.003092722299359397,0.05312733329351768,0.0002365646557557252,0.2570806399581849,0.3644862692456529
0.19574843444997916,0.9183673281965852,0.025627159696751167,0.0064562839674168135,0.0033427143758732207,0.0007788487587739188,0.5816992803233201,0.29802654597251405
0.1474108592934391,0.040816325697626006,0.006935705359946442,0.010197933307789222,0.021825282866526182,0.00043902786077336663,0.19389962159300492,0.6812044390834043
0.11491934800131527,0.6734693740108292,0.002540620210410676,0.0035661670814995114,0.0911205559677468,0.0014187354075775819,0.1274507628104209,0.5981311714346444
0.09983728271589262,0.4081632569762601,0.0037725085405469973,0.000860813976645244,0.04523002699312992,0.0006027112504052749,0.6786490911198225,0.20456921889927798
0.27931520215043454,0.6326530483132031,0.009188242657966172,0.0016420499153577284,0.01898225259838659,0.0005961589267164068,0.09803895242086867,0.6334371319284534
0.0743562485607315,0.5102040712203251,0.0026726908294560448,0.0020245967853446648,0.013755671701402686,0.0005923161847078308,0.11230932562918991,0.7248179640179746
0.03341822514090502,0.6938775368596422,0.002949865998944201,0.0016532390639134966,0.028315432771572127,0.0006466157850089091,0.5435726747616166,0.17445489199123168
0.30506504749708313,0.6326530483132031,0.01582169723008064,0.0038286990762935987,0.016547010510121564,0.00016728919671987391,0.4923747075302972,0.22637598136656312
0.07981041043263555,0.7959183511037071,0.0016677451632362643,0.0007041029548778045,0.07523979093460342,0.0004229462224792557,0.1394333983999761,0.6002076664183593
0.2892402011304014,0.20408162848813005,0.021188586664408527,0.0060058323771812186,0.03486301763152998,0.00024359891940718714,0.051742828924516315,0.7424717365178297
0.07941426052263069,0.6122448854643902,0.003216346669524294,0.0006182549267331365,0.017575096203044767,0.00053236131235227,0.13507600081390048,0.6209757852673117
0.13846206760192092,0.20408162848813005,0.0030351601238047684,0.005591596637744908,0.023404744126603736,0.00012178120585762976,0.04684098518954922,0.7102801223731178
0.20028295778335606,0.4081632569762601,0.003101344599932883,0.002130891275778822,0.00229739819647644,0.0008129701926696893,0.11437898559649946,0.651090112175358
0.19052064877409372,0.36734693127863405,0.0027670047585299498,0.0024047034429248043,0.018666360346371078,0.00040364858317409245,0.14161209719301387,0.5939773892142638
0.16767825839322292,0.9999999795918372,0.006934267525845205,0.0031709446637328254,0.007831256102239066,0.00037503222100238466,0.5566448675198434,0.18899273363608843
0.09378182910175496,0.7551020254060812,0.009494074138934317,0.006141520775396453,0.0092929757047472,0.00030078673928953176,0.9215683966954145,0.19003137725442124
0.09607384170479101,0.28571427988338205,0.0030539301102785227,0.0032890093056767503,0.03390385388450107,0.001158482928060376,0.09586066917213625,0.6427825477345968
0.09388086657925618,0.7959183511037071,0.0019910616098630486,0.0017541399102580279,0.02500717936864605,0.000538662539978975,0.6176467715476803,0.14537920870151816
0.08997593622912907,0.10204081424406503,0.0030197555026549227,0.0006516674382793749,0.023720636378619247,0.00019225930512387524,0.004357397586075594,0.7435095878832119
0.21299517361992046,0.3061224427321951,0.005433446566492382,0.0030267784640804858,0.012405950260972777,0.0007157771094710499,0.11764682601390347,0.6448598349712624
0.1622948327578039,0.9387754910453981,0.0017748950610414769,0.00016747410149027512,0.0043076216183933255,0.00019357742494820884,0.14270165436168547,0.6209757852673117
0.15325408733206625,0.32653060558100805,0.0025269600918430796,0.00028684115838941484,0.04232956177007841,0.0009684812778198786,0.10457504879998206,0.6531673994120236
0.3139997054341487,0.6530612111620161,0.010300504580091284,0.0024697985297217487,0.008643960714242607,0.000198152030892485,0.1546838744069353,0.5804773989347892
0.3186191156245187,0.4693877455226991,0.010462872169624911,0.003916768472399057,0.030296938716033055,0.001224777726196085,0.16448781120345268,0.5534790028817413
0.03348896137739005,0.3061224427321951,0.0034036947164008354,0.002939584445759053,0.05304118086114981,0.0002989999183445718,0.6928104255024156,0.2658357240807528
0.21078804787387753,0.22448979133694305,0.00746852708533158,0.002759851181939394,0.039486531501938815,0.0004852761891987532,0.05991276240347063,0.7341641720770685
0.33514427434487987,0.5306122340691382,0.01271040691634169,0.003047321760195641,0.0016943311699013747,0.0004014596972535613,0.11764682601390347,0.5919001019775981
0.17393887070564476,0.8367346768013332,0.0026809469145416967,0.002166047280356186,0.01705818160883757,0.0005454032049290402,0.1448799376104179,0.6220144288856445
0.2754456567846054,0.5714285597667641,0.007714320310000014,0.0001053455189426252,0.022482913100267562,9.295819093503699e-05,0.008714379627845822,0.7435095878832119
0.2746391894780321,0.5102040712203251,0.0007457392553620071,0.0022504306968876477,0.0011774165756941756,0.0004454929887222518,0.10784288921738608,0.6365522705305012
0.18700480145674517,0.7346938625572681,0.004098700308073332,0.0022087747217624173,0.006145540175574477,0.00028380522481855476,0.13725469960693829,0.5835925375368369
0.2494906527396726,0.9999999795918372,0.0072034932787287224,0.0006037976365611225,0.009419332605553405,0.0001715976808045725,0.5413943915128843,0.1671859711688033
0.21678691587203824,0.14285713994169102,0.005826800467875088,0.0007148079343052402,0.02610418700746355,0.0005537190807129081,0.11328984397213325,0.6054000922570728
0.2181946580547897,0.6530612111620161,0.0120898092394082,0.001614476483499182,0.023950376198266888,0.00030937405937016884,0.00261439699721482,0.732086884840403
0.0006861912487683192,0.9999999795918372,0.009786146867304734,0.015638817779266734,0.009476767560465315,0.0018396131042322194,0.5653592471476893,0.29179626876841847
0.261170058805756,0.4081632569762601,0.01095210737817304,0.0003754199004178792,0.04138188501403188,0.0004681523523729826,0.16339866957908647,0.5576319928491713
0.34487828211312604,0.9999999795918372,0.0015057075114794903,0.007754719052396837,0.01976049623744298,0.00025909028596655275,0.14052295556864766,0.6002076664183593
0.36432511388399474,0.2653061170345691,0.016597040586599516,0.0006620189742431277,0.04787203491907782,0.0008684893612414713,0.11764682601390347,0.6272068547243579
0.15698924396820713,0.9999999795918372,0.00402237597580519,0.0027945661084408475,0.007888691057150978,0.0004501510627790193,0.5413943915128843,0.17445489199123168
0.1559776348294051,0.3469387684298211,0.0045589725366604605,0.002492841591046486,0.04152547240131166,3.146021529999492e-05,0.10457504879998206,0.7414330928994969
0.22839556883558115,0.8775510024989592,0.001311224820655677,0.001537072364952636,0.017830681752402773,0.0007257800633426166,0.5642701055233231,0.183800307797375
0.36491933874900206,0.2653061170345691,0.016676645889581274,2.4121305973534275e-05,0.06241743725051928,0.0006481300856409169,0.02287571401043882,0.7331255284587358
0.08357385144373716,0.9999999795918372,0.003393305149459168,0.0018794331972879596,0.026009419331858897,0.0008423416684124831,0.28540289317906553,0.5275184581940756
0.32794988973947825,0.5510203969179511,0.010144075870541025,0.0022264081614162936,0.03418815691131502,0.0011056162354528816,0.11111114517909546,0.606437943622455
0.34164543033988387,0.040816325697626006,0.011874225812194352,0.0034050985375770775,0.02728160358315773,0.0004397681214782103,0.5217865179198494,0.19003137725442124
0.054230330366945495,0.6530612111620161,0.0024711686556858617,0.002275460788315063,0.06938142553358849,0.0005705911489664012,0.5544661687268057,0.19106922861980338
0.28215193774578273,0.2653061170345691,0.009768377460552154,0.0013710909568850102,0.0038194245016420817,0.000864740789863494,0.04030488881043583,0.7237801126525925
0.14089556954398247,0.20408162848813005,0.0028302149324254578,0.003762763471889869,0.028229280339204257,0.0001793753563511287,0.05228752439999103,0.7050884887873551
0.28752826277186455,0.20408162848813005,0.01396003547978506,0.004720227774102011,0.03021078628366519,0.0004900097573195121,0.5827884219476863,0.1578397631097093
0.3739600841747397,0.2653061170345691,0.016921914686835973,0.0011251945291713057,0.036930676008358775,0.0007078833778933133,0.11873638318257505,0.6562825380140714
0.10892048000315455,0.8775510024989592,0.0022648332107057657,0.0028400634814302697,0.04339210843594876,0.00092446987175177,0.14161209719301387,0.606437943622455
0.08477645179425984,0.6734693740108292,0.0034120081064687832,0.0019312392940195567,0.000516914594207199,0.00113456645085998,0.12418292239301687,0.6147455080632162
0.331013001530845,0.5306122340691382,0.01176136486512326,0.0026685228434311283,0.00715065188653292,0.0002269483375562465,0.1623091124104149,0.5804773989347892
0.16362477182684398,0.3061224427321951,0.003162283412711944,0.002694836951386881,0.012664407558076376,0.0008171172743269185,0.10784288921738608,0.6365522705305012
0.14604555210615652,0.3469387684298211,0.007768820126586579,0.008241076625189584,0.027540060880261327,0.0005934502096919758,0.09618737010501557,0.7248179640179746
0.058800221818564924,0.6530612111620161,0.0025363851985675642,0.0033552436424326613,0.015840560564705054,0.0013713222916339578,0.12298470038849188,0.7237801126525925
0.2534875368240192,0.4489795826738861,0.012606800897562812,0.0003132525843399627,0.0019527884670049742,9.433011156852707e-05,0.572984485151169,0.19106922861980338
0.12966184899271,0.4897959083715121,0.0012055016432581651,0.0001629422784490812,0.0396875538441305,0.0012326986463970205,0.13507600081390048,0.5887849633755504
0.3683078304817778,0.5510203969179511,0.01468105718611687,0.004514967661329269,0.009247027740817673,0.0007691897842186089,0.11328984397213325,0.6521287557936908
0.16509620023490956,0.6530612111620161,0.0017557176882390386,0.0024519046070768298,0.03675837114362304,0.001509804037236745,0.13289771756516805,0.6126690130795012
0.17509901919464316,0.24489795418575605,0.014496833823638595,0.015084976713366977,0.029932226752342424,0.000368594224032974,0.6230937263024275,0.19937679306056458
0.22137095794416578,0.3061224427321951,0.008521935054124423,0.001338517994607301,0.038797312042995885,0.000274861993170773,0.6296294071372355,0.28556599156432294
0.393357363474747,0.4489795826738861,0.01048754456927512,0.00169550702881694,0.041267015104208056,0.0003017922571980916,0.10348590717561584,0.5991690228000266
0.13938878988372982,0.5714285597667641,0.003337403618275358,0.004590146054392869,0.03411636321767514,0.00043453216908737817,0.5501087711407301,0.19106922861980338
0.06561969087775156,0.6326530483132031,0.0030403748771936742,0.003057315011004428,0.022316351731023018,0.0009773545876303317,0.2570806399581849,0.5877463197572176
0.12349320728056302,0.20408162848813005,0.0031366663491111646,0.0036384051154467476,0.06022055022513869,0.00018018851715237942,0.5773418827372445,0.19314651585646903
0.1943265247806642,0.8367346768013332,0.0018363433672085852,0.0037649572422103444,0.01175119177497699,0.0006692230771622061,0.15141603398953127,0.5981311714346444
0.31806024201169847,0.6734693740108292,0.026556743754405376,0.008993663792409495,0.011998162081098208,0.0009125122384106751,0.5424835331372505,0.20456921889927798
0.14970287189647516,0.5510203969179511,0.0017183749833517962,0.0024429431206805198,0.025644707368168262,0.0007676998860964686,0.1568625731999731,0.5919001019775981
0.3477291851950377,0.5918367226155771,0.010891176553361208,0.00158121600105924,0.0125208201707966,0.0004103172511127615,0.12527206401738308,0.6365522705305012
0.30890632535400697,0.6122448854643902,0.004535432344539245,0.002069938740043892,0.05344322554553319,0.0008497094202224163,0.5174291203337739,0.22326084276451533
0.18843377800328645,0.4489795826738861,0.0038795542474753084,0.0002589965918190022,0.005542473148999412,0.00021317855846073866,0.6296294071372355,0.28141220934394234
0.05635256925599529,0.3469387684298211,9.542842415382547e-05,0.0025390908786922088,0.012262362873692999,0.0011379009481531995,0.639433343933753,0.274143288521514
0.17930812885450026,0.9183673281965852,0.0006241033526382952,0.0008894138470558557,0.04554591924514543,0.00048045313880362234,0.14270165436168547,0.6178606466652639
0.05229909112264408,0.5510203969179511,0.002312668631502807,0.0037591230042139357,0.021825282866526182,0.0006239056948809736,0.10860562078988671,0.727933894872973
0.07463214349550074,0.12244897709287803,0.0027146759325150822,0.003610516973654785,0.05888805927118237,0.00035621381240478274,0.7799562995024006,0.19730029807684962
0.15109648032477394,0.040816325697626006,0.010603995239358382,0.003523143812755869,0.04825397736924202,0.0002841330254629153,0.6928104255024156,0.2886811301663707
0.10149970233567887,0.4693877455226991,0.009736698224430339,0.006225238459376457,0.05151915455598417,0.0019736112056873544,0.10130720838257805,0.8203533705808269
0.23731605928608315,0.4693877455226991,0.014006007967703108,0.0043716100241212455,0.011329044856374449,0.00032593779134347116,0.6917208683337439,0.2575281596399916
0.1588992572817464,0.3469387684298211,0.014615003643190726,0.0052620275537801344,0.028177588879783538,0.0004462334415728425,0.49564254794770124,0.22326084276451533
0.1935412918378808,0.5918367226155771,0.00022716389587849534,0.0001763682883777465,0.009103440353537894,0.0010257055093212774,0.15904127199301088,0.5950152405796459
0.10829795389713107,0.4489795826738861,0.0013607293793006757,0.0053617857609818,0.0008902418011346206,0.0007950169779416223,0.09150327158606064,0.6635514588364998
0.1632569231578553,0.7959183511037071,0.002826729747593112,0.0010280072600410862,0.009967836424962155,0.00019409698704806277,0.5566448675198434,0.2949114073704663
0.23952318503212608,0.4897959083715121,0.0011927945239112927,0.0025953561730957496,0.062403078511791304,0.002622706823706883,0.4978212467407391,0.2346835458073243
0.36707694575629435,0.4693877455226991,0.015105499561349359,0.0015493508940471528,0.02848773763630786,0.0012777799776280791,0.11873638318257505,0.6074765872407877
0.11286077847152418,0.6734693740108292,0.002350515620234251,0.0040292511284624345,0.0185227729590913,0.00019303557394170434,0.18300654317212128,0.500519269888077
0.09085313977218736,0.5510203969179511,0.007081093309574402,0.0033783869267669632,0.015765895123319572,0.000628783122522502,0.49673210511637284,0.34890978398246336
0.16395725237759015,0.6734693740108292,0.013825257634454875,0.0017097658096463374,0.012230773648491448,0.00027441544645477427,0.2745098147581819,0.3582551997886067
0.16259194519030756,0.4081632569762601,0.008459757411819008,0.0049191307462197464,0.009304462695729583,0.0003259193453517604,0.358387848340763,0.5244025273390771
0.07656338273980215,0.9999999795918372,0.0044758177978055985,0.0034798494093003607,0.009818505542191186,7.915271115973888e-05,0.5413943915128843,0.17549274335661383
0.2704725316796993,0.6734693740108292,0.0076576022696442205,0.002792042618943977,0.009801275055717613,0.00037269782310765995,0.11328984397213325,0.6209757852673117
0.19727644847402168,0.2653061170345691,0.0038157463652493105,0.00345072663623115,0.0020102234219168853,0.0029339163553251486,0.0010891416243662153,0.7258566076363073
0.3606960784686369,0.28571427988338205,0.016425934855523103,0.003369095721194259,0.01667049566318217,0.0002525152506503907,0.6328976630989449,0.23779868440937207
0.05186049778414266,0.4285714198250731,0.006020551738743055,0.008080511617160616,0.021848256848490948,0.0004235779976953503,0.14161209719301387,0.6884733599058327
0.22714343288025243,0.9387754910453981,0.005458285671545633,0.0026117051120521594,0.005772212968647056,0.00018032567078657904,0.5947710575372415,0.15160948590561374
0.16436048603087677,0.20408162848813005,0.01896810542618207,0.013363765145526854,0.017977140887428144,0.00022677290848924702,0.5718953435268027,0.397715734755747
0.17872805461000105,0.9999999795918372,0.02020083978623883,0.030982282706867963,0.028387226465212013,2.6829310651851455e-05,0.06100231957214222,0.6002076664183593
0.10589982007331204,0.5102040712203251,0.0020076658153089498,0.001705064527410227,0.008184481074947318,0.0014578293812596396,0.1394333983999761,0.6313606369447385
0.22780842771385562,0.18367346563931702,0.003360596854776492,0.00034969599462956373,0.036930676008358775,0.0002393995741067774,0.6067536931267967,0.1464170600669003
0.34057015184182315,0.4693877455226991,0.012177454605057503,0.0023728126749489155,0.0024409855837562175,0.0004891625290773205,0.11546854276517104,0.6490136171916431
0.10406762673953956,0.6326530483132031,0.002049815539953492,0.001484788877460503,0.003876859456553993,0.0005213334914954219,0.1274507628104209,0.6033228050204071
0.07298386606319487,0.18367346563931702,0.008824880447802405,0.018505762330702034,0.04167193153633703,0.0007065519615832882,0.05555536481739504,0.8463139152684926
0.27931520215043454,0.5102040712203251,0.010591429819604094,0.002076291523176745,0.015421285393848105,0.00034510667378357817,0.09912850958954025,0.6417446963692146
0.15057299169625168,0.8775510024989592,0.005961200794927967,0.0010173991144393172,0.00172304864735733,0.0001940643030565002,0.5566448675198434,0.1879540900177556
0.0941072427752748,0.4693877455226991,0.0037293735175098937,0.0007366778538320275,0.003187639997611061,0.000871669430997837,0.10893244638605766,0.6251295674876922
0.22878463500230425,0.6734693740108292,0.009241786349605709,0.0003300677781669568,0.012813738440847346,9.274068194944725e-05,0.002178698793037797,0.727933894872973
0.15551781556014155,0.3469387684298211,0.00909051508846206,0.003941683815743057,0.03761702371955611,0.0003772916244120602,0.7429192511093687,0.22845247635027807
0.12374080097431607,0.9387754910453981,0.004019437445773654,0.0034720397612603543,0.007782436390563942,0.0004236161001969779,0.5816992803233201,0.1921078722381362
0.25691141354109287,0.32653060558100805,0.009380155307159755,0.002422361091035097,0.009936247199760604,0.0002412435968406155,0.6699342959476714,0.2990651895908469
0.1210314040974853,0.7346938625572681,0.003058344330429904,0.002913119761204388,0.04841766699074098,0.0006300766476912212,0.15141603398953127,0.6188992902835967
0.0978848344068845,0.5714285597667641,0.0037284913680854627,0.0034543046460895283,0.011458273504926246,0.00039149119511442944,0.8747274115058652,0.11484934512084363
