0,1,2,3,4,5,6,7,8,9,10
0.1187400370836258,0.09712584316730499,0.15908560156822205,0.23267468810081482,0.16141991317272186,0.16060376167297363,0.15015843510627747,0.14331872761249542,0.1849232167005539,0.133290097117424,0.20952504873275757
0.16237345337867737,0.09534814208745956,0.08641879260540009,0.13744881749153137,0.08978290110826492,0.1493317186832428,0.14383921027183533,0.1934686005115509,0.10303172469139099,0.11591815948486328,0.20495621860027313
0.22107931971549988,0.18504780530929565,0.04386388510465622,0.23986639082431793,0.053444527089595795,0.21225768327713013,0.2049473226070404,0.5701374411582947,0.029457038268446922,0.2380026876926422,0.28577330708503723
0.22065450251102448,0.21776773035526276,0.3272998034954071,0.1246420294046402,0.09077171236276627,0.12649866938591003,0.09639354795217514,0.19744139909744263,0.32217442989349365,0.12209218740463257,0.24510832130908966
0.12470028549432755,0.09753205627202988,0.12147773802280426,0.11712675541639328,0.11522210389375687,0.12873418629169464,0.16393789649009705,0.05062473565340042,0.12038440257310867,0.13778233528137207,0.13272874057292938
0.15782639384269714,0.1301696002483368,0.1390969455242157,0.12814757227897644,0.087484210729599,0.1531841903924942,0.1281115561723709,0.14301994442939758,0.1558379828929901,0.11877197027206421,0.21309830248355865
0.15659737586975098,0.0706520825624466,0.029313184320926666,0.12429013848304749,0.09263577312231064,0.1514991968870163,0.19612452387809753,0.08234613388776779,0.0679241269826889,0.11778412759304047,0.1954095959663391
0.1790037602186203,0.09231111407279968,0.06522142887115479,0.23757484555244446,0.1555793732404709,0.15311850607395172,0.13033108413219452,0.23708760738372803,0.09945663809776306,0.10621236264705658,0.3108537793159485
0.13512644171714783,0.0853111520409584,0.16842599213123322,0.14600148797035217,0.09338565170764923,0.19488883018493652,0.12711010873317719,0.187006875872612,0.18226438760757446,0.11097083985805511,0.1754915863275528
0.3003697097301483,0.13283078372478485,0.08529014140367508,0.08211376518011093,0.024459421634674072,0.11444515734910965,0.16139838099479675,0.4637717604637146,0.0672873705625534,0.14774787425994873,0.2341085821390152
0.18003249168395996,0.07704279571771622,0.11071432381868362,0.12611407041549683,0.0548294298350811,0.1535281091928482,0.09627996385097504,0.18574342131614685,0.14671145379543304,0.06463879346847534,0.19456565380096436
0.19242970645427704,0.1318877637386322,0.14284555613994598,0.06171995773911476,0.02158549055457115,0.1190812811255455,0.09327588975429535,0.12755706906318665,0.15714508295059204,0.07380781322717667,0.162919819355011
0.145241379737854,0.10275784879922867,0.1346094161272049,0.12087936699390411,0.07985661178827286,0.15479601919651031,0.13245928287506104,0.1591033935546875,0.15104153752326965,0.1135483831167221,0.1637447625398636
0.18514059484004974,0.10583151876926422,0.06766371428966522,0.11076879501342773,0.07546723634004593,0.14269810914993286,0.15690486133098602,0.20730823278427124,0.07291505485773087,0.12950801849365234,0.21005652844905853
0.1051323413848877,0.04371092468500137,0.12128480523824692,0.22023825347423553,0.04226198419928551,0.17833814024925232,0.07258716225624084,0.23195694386959076,0.1906605213880539,0.037790678441524506,0.184648334980011
0.1295439451932907,0.19177331030368805,0.16753220558166504,0.16563992202281952,0.16670575737953186,0.13827355206012726,0.2024255245923996,0.167944073677063,0.14038236439228058,0.25326481461524963,0.23053210973739624
0.3515947759151459,0.2030390202999115,0.40944960713386536,0.22590740025043488,0.13135182857513428,0.20752564072608948,0.10724832862615585,0.47080862522125244,0.41287761926651,0.0857517346739769,0.4332723617553711
0.17964531481266022,0.21853536367416382,0.17136013507843018,0.0941171646118164,0.06497391313314438,0.06996549665927887,0.1494312882423401,0.19007518887519836,0.14714327454566956,0.1569334864616394,0.2227935492992401
0.11396374553442001,0.0791190043091774,0.14791737496852875,0.07174833863973618,0.038654498755931854,0.17915724217891693,0.12353916466236115,0.12644486129283905,0.15875473618507385,0.09555251896381378,0.09070387482643127
0.15512166917324066,0.09818905591964722,0.1224549189209938,0.14650984108448029,0.09190616756677628,0.1528194546699524,0.1252937614917755,0.18626119196414948,0.1428692638874054,0.10802173614501953,0.19864493608474731
0.16406716406345367,0.12228814512491226,0.15252315998077393,0.09631428122520447,0.06366745382547379,0.147066131234169,0.11930139362812042,0.14980866014957428,0.16173455119132996,0.10903400182723999,0.16307692229747772
0.14905913174152374,0.22416430711746216,0.33852189779281616,0.13412386178970337,0.09342122077941895,0.17149855196475983,0.08876883238554001,0.08076675981283188,0.34647858142852783,0.11297858506441116,0.14031614363193512
0.1489253044128418,0.18945036828517914,0.09319304674863815,0.12277340888977051,0.10428162664175034,0.041841667145490646,0.18749196827411652,0.12742109596729279,0.09050007164478302,0.1854083240032196,0.2188602089881897
0.15847466886043549,0.11284419894218445,0.06366775929927826,0.22245025634765625,0.15272948145866394,0.14582687616348267,0.19247503578662872,0.22711186110973358,0.08204633742570877,0.19021135568618774,0.25411203503608704
0.10763232409954071,0.11565987020730972,0.19333872199058533,0.12636208534240723,0.12794719636440277,0.13792702555656433,0.1583259403705597,0.04614025726914406,0.18237076699733734,0.14544637501239777,0.12341263145208359
0.17131446301937103,0.1344231367111206,0.17595550417900085,0.14199121296405792,0.09912072867155075,0.07634347677230835,0.10281451046466827,0.18144826591014862,0.1776748150587082,0.11711540818214417,0.20496824383735657
0.262507826089859,0.3315257132053375,0.3493233621120453,0.07797659933567047,0.05905594676733017,0.1373986005783081,0.08187104761600494,0.20887160301208496,0.35758325457572937,0.1428930014371872,0.3072469234466553
0.1083197072148323,0.10970713943243027,0.21474868059158325,0.12608127295970917,0.13062284886837006,0.15861333906650543,0.16032017767429352,0.0390021912753582,0.20036813616752625,0.14581094682216644,0.11741245537996292
0.2379356175661087,0.16090217232704163,0.03532877191901207,0.13158723711967468,0.058297984302043915,0.17691028118133545,0.22250792384147644,0.36091315746307373,0.012543856166303158,0.2934867739677429,0.3329346477985382
0.1915827840566635,0.07835918664932251,0.11420759558677673,0.13385117053985596,0.06620990484952927,0.1443881094455719,0.06306038796901703,0.2016564905643463,0.14776074886322021,0.07089892774820328,0.20064283907413483
0.16510406136512756,0.0934072807431221,0.08649217337369919,0.1387084275484085,0.09103232622146606,0.14986589550971985,0.14130675792694092,0.19518312811851501,0.10416299849748611,0.115218386054039,0.2062942534685135
0.1890636831521988,0.08688241243362427,0.060441527515649796,0.22749148309230804,0.11525890231132507,0.14136411249637604,0.10847948491573334,0.26605159044265747,0.08821112662553787,0.0666486918926239,0.28726717829704285
0.22859439253807068,0.2554556131362915,0.3249562382698059,0.10759049654006958,0.06968121230602264,0.10775946080684662,0.09575584530830383,0.1947118490934372,0.3236013352870941,0.12052657455205917,0.2604554295539856
0.13065573573112488,0.12694501876831055,0.054466914385557175,0.06984486430883408,0.06688035279512405,0.1279887557029724,0.21917907893657684,0.08814230561256409,0.05000828579068184,0.17695482075214386,0.1714603453874588
0.2567243278026581,0.2123255878686905,0.3339587450027466,0.12984316051006317,0.05126246064901352,0.10534977912902832,0.06348161399364471,0.2613193094730377,0.33829018473625183,0.09551738947629929,0.2840033769607544
0.16976487636566162,0.24047711491584778,0.2943185269832611,0.10156670212745667,0.06903871893882751,0.12183912098407745,0.0749158263206482,0.10031821578741074,0.29326310753822327,0.11734305322170258,0.1644468605518341
0.2069413661956787,0.1379421502351761,0.16076155006885529,0.09517252445220947,0.09189598262310028,0.10067182779312134,0.10270309448242188,0.06916053593158722,0.1562308967113495,0.11293970793485641,0.17041738331317902
0.23163336515426636,0.1826082020998001,0.06545098125934601,0.014657629653811455,0.018928803503513336,0.0544872023165226,0.1764095276594162,0.17426832020282745,0.042408134788274765,0.11779414117336273,0.20041197538375854
0.1675630509853363,0.09681915491819382,0.07831601053476334,0.13453815877437592,0.0876135602593422,0.1483737975358963,0.14927682280540466,0.1967342048883438,0.09355634450912476,0.1191847026348114,0.20927786827087402
0.08515334874391556,0.1406877338886261,0.09022080153226852,0.14557290077209473,0.10100950300693512,0.21898172795772552,0.28735941648483276,0.13795557618141174,0.09713368862867355,0.2130591869354248,0.18322521448135376
0.1821345090866089,0.12576685845851898,0.15267638862133026,0.12844669818878174,0.08099658042192459,0.14979727566242218,0.1260930448770523,0.2002536654472351,0.16284982860088348,0.11694897711277008,0.21343661844730377
0.529388964176178,0.25776126980781555,0.40588581562042236,0.07411108165979385,-0.007448614574968815,0.04330083355307579,0.06408658623695374,0.5012959837913513,0.45652055740356445,0.03408041596412659,0.5786585211753845
0.17285898327827454,0.11216671764850616,0.25011682510375977,0.26002606749534607,0.22307132184505463,0.19796505570411682,0.10877521336078644,0.24740956723690033,0.23568399250507355,0.16231562197208405,0.29275619983673096
0.3012655973434448,0.038077861070632935,0.07486429065465927,0.04512809216976166,0.021838221698999405,0.20461727678775787,0.07390530407428741,0.4261677861213684,0.05688059702515602,0.09602628648281097,0.1991887241601944
0.173086479306221,0.028117535635828972,0.06892343610525131,0.09571859985589981,0.0507575199007988,0.246439591050148,0.08077055215835571,0.18959695100784302,0.137911856174469,0.06915152817964554,0.19389711320400238
0.12615883350372314,0.04068199172616005,0.09097004681825638,0.061085280030965805,0.03736971691250801,0.2744021415710449,0.12473168969154358,0.19179831445217133,0.12498700618743896,0.09698372334241867,0.13000674545764923
0.032498206943273544,0.07828967273235321,0.06153241917490959,0.6421589851379395,0.21941474080085754,0.3583086133003235,0.06783968955278397,0.6061780452728271,0.12046203762292862,0.004369535483419895,0.32517319917678833
0.2650911509990692,0.0931820422410965,0.05999502167105675,0.08331948518753052,0.03932369500398636,0.08994252234697342,0.08545108884572983,0.17190496623516083,0.09521812200546265,0.06811622530221939,0.23208369314670563
0.08434604853391647,0.11495399475097656,0.17707490921020508,0.1260654181241989,0.12130260467529297,0.16252601146697998,0.18690697848796844,0.04113844037055969,0.17185348272323608,0.154537633061409,0.11190168559551239
0.10951133072376251,0.13668778538703918,0.18780504167079926,0.1779373288154602,0.16541174054145813,0.08378992974758148,0.1409473419189453,0.05686146020889282,0.19586506485939026,0.1317632496356964,0.16099269688129425
0.15839846432209015,0.11417661607265472,0.19124644994735718,0.14444035291671753,0.1048557311296463,0.11609824001789093,0.11016742140054703,0.18276432156562805,0.19140733778476715,0.11788368225097656,0.19005197286605835
0.18613383173942566,0.07345377653837204,0.10922833532094955,0.09474460780620575,0.02423005923628807,0.10784704983234406,0.07567963749170303,0.14672569930553436,0.1439705640077591,0.05674836412072182,0.16039371490478516
0.43498507142066956,0.06936158984899521,0.04576530307531357,0.06580056250095367,0.01081119291484356,0.14985927939414978,0.07934655994176865,0.48232972621917725,0.045407745987176895,0.07995059341192245,0.2783924639225006
0.1629074066877365,0.25541117787361145,0.3113926351070404,0.10860328376293182,0.0728878453373909,0.12196686863899231,0.07993900030851364,0.09508492052555084,0.3118229806423187,0.11868728697299957,0.1623842865228653
0.1586589217185974,0.11924409121274948,0.17781539261341095,0.13757257163524628,0.08975982666015625,0.15730547904968262,0.11351792514324188,0.18356499075889587,0.18702839314937592,0.11508174240589142,0.19230876863002777
0.2303527444601059,0.06884109228849411,0.1691366732120514,0.20484906435012817,0.07302398979663849,0.1539129912853241,0.020875578746199608,0.3129091262817383,0.22193695604801178,0.05665968358516693,0.25505104660987854
0.029690444469451904,0.03449293226003647,0.08262220770120621,0.16660819947719574,0.04453645274043083,0.4641340970993042,0.2049582600593567,0.22477716207504272,0.175360307097435,0.07162214815616608,0.16806988418102264
0.1887466013431549,0.13567103445529938,0.17294542491436005,0.08463752269744873,0.02553197555243969,0.07269462198019028,0.07249721884727478,0.12088731676340103,0.19910116493701935,0.06426220387220383,0.1633802205324173
0.24817177653312683,0.3206978738307953,0.3529006242752075,0.09788976609706879,0.046412382274866104,0.10572412610054016,0.08618640154600143,0.19497017562389374,0.3704851567745209,0.11033732444047928,0.2793366014957428
0.12804512679576874,0.14178098738193512,0.11829838901758194,0.03711463138461113,0.03955961391329765,0.10976386815309525,0.1427794098854065,0.0661669448018074,0.09621185809373856,0.1347915083169937,0.11078029125928879
0.16797366738319397,0.21353398263454437,0.35441866517066956,0.13152937591075897,0.057530805468559265,0.20104354619979858,0.06488846987485886,0.11420627683401108,0.376811146736145,0.08209362626075745,0.1309669017791748
0.3265567123889923,0.24650083482265472,0.345161110162735,0.0691608265042305,0.017730632796883583,0.11186610907316208,0.06547988206148148,0.33734026551246643,0.36518722772598267,0.08126896619796753,0.364928662776947
0.5571454167366028,0.19163474440574646,0.24403521418571472,0.08413822948932648,-0.002971008885651827,0.05518391728401184,0.05904987454414368,0.5278047323226929,0.26344117522239685,0.05783747881650925,0.4853123724460602
0.07398165762424469,0.3278740644454956,0.09703519195318222,0.05109330266714096,0.058839086443185806,0.07667766511440277,0.2883495092391968,0.061488017439842224,0.06550335139036179,0.34037578105926514,0.15422096848487854
0.15767532587051392,0.0924387201666832,0.09075529128313065,0.3001493513584137,0.1808510571718216,0.13008767366409302,0.11093804240226746,0.27390167117118835,0.12631520628929138,0.09425469487905502,0.2998851537704468
0.17590557038784027,0.1693629026412964,0.05944142863154411,0.009770997799932957,0.02460971102118492,0.08160041272640228,0.18109840154647827,0.10483147948980331,0.03298773244023323,0.12875083088874817,0.16458113491535187
0.14815373718738556,0.06012815237045288,0.08807788789272308,0.18890072405338287,0.10756237804889679,0.17081968486309052,0.13542142510414124,0.2024824023246765,0.1232539564371109,0.0900271087884903,0.2059967964887619
0.15695102512836456,0.09719455242156982,0.11088129878044128,0.14521633088588715,0.09224627912044525,0.1538219451904297,0.13216643035411835,0.18462297320365906,0.13183879852294922,0.11078498512506485,0.20138739049434662
0.17956967651844025,0.07091409713029861,0.031009376049041748,0.17996801435947418,0.10549958795309067,0.17361389100551605,0.14802604913711548,0.21529395878314972,0.07772085070610046,0.10391774773597717,0.271221786737442
0.1449902355670929,0.24053797125816345,0.1704312264919281,0.23599915206432343,0.14904774725437164,0.05363474041223526,0.13727033138275146,0.19650375843048096,0.16934336721897125,0.2050778567790985,0.350557416677475
0.14221185445785522,0.1932445466518402,0.09943601489067078,0.024472299963235855,0.03827618807554245,0.1114114373922348,0.19989131391048431,0.11890371888875961,0.06849852949380875,0.17165108025074005,0.1625881791114807
0.1757594347000122,0.06472089141607285,0.05848074331879616,0.2283182293176651,0.1219244971871376,0.08173133432865143,0.09916645288467407,0.13685733079910278,0.1149914562702179,0.052173107862472534,0.25618457794189453
0.14776770770549774,0.05887001007795334,0.19948340952396393,0.11604372411966324,0.09894091635942459,0.2004813402891159,0.0965951532125473,0.06471583247184753,0.208910271525383,0.09777510166168213,0.1267615556716919
0.1271609663963318,0.04622218385338783,0.1145491674542427,0.17066296935081482,0.09588323533535004,0.3567340672016144,0.1428977996110916,0.22519241273403168,0.14689256250858307,0.09163384884595871,0.21459239721298218
0.20576708018779755,0.06275255233049393,0.06384911388158798,0.025611674413084984,0.02817726507782936,0.18940754234790802,0.11764945834875107,0.25718721747398376,0.061998363584280014,0.09508256614208221,0.19405938684940338
0.1068834438920021,0.2513981759548187,0.25774824619293213,0.11033375561237335,0.17809505760669708,0.20459243655204773,0.2805096507072449,0.1267894208431244,0.19753418862819672,0.3583647310733795,0.17211158573627472
0.21273493766784668,0.16841308772563934,0.19732658565044403,0.05672623589634895,0.021921861916780472,0.06872961670160294,0.08242817223072052,0.21158215403556824,0.1946873664855957,0.07161616533994675,0.21843521296977997
0.14557652175426483,0.08212817460298538,0.10844294726848602,0.1846117228269577,0.11262545734643936,0.14360085129737854,0.13945871591567993,0.1920202076435089,0.1305115669965744,0.10479140281677246,0.19458845257759094
0.10940796881914139,0.110427625477314,0.21355468034744263,0.12718971073627472,0.1314096599817276,0.16268998384475708,0.16211965680122375,0.03908003866672516,0.19988863170146942,0.1441466361284256,0.11807234585285187
0.17686200141906738,0.13012830913066864,0.13891741633415222,0.12740559875965118,0.07405799627304077,0.15979482233524323,0.1081772968173027,0.22346055507659912,0.15509051084518433,0.1180696040391922,0.2430601865053177
0.18165189027786255,0.12791232764720917,0.15269835293293,0.12868766486644745,0.08206547796726227,0.14876016974449158,0.12728846073150635,0.2027537077665329,0.16228130459785461,0.12014009058475494,0.21364478766918182
0.1900191605091095,0.16337838768959045,0.14080290496349335,0.020291773602366447,0.024940114468336105,0.13378673791885376,0.12328942120075226,0.1744081825017929,0.12385358661413193,0.11349032074213028,0.180475652217865
0.15484823286533356,0.22599995136260986,0.3327133059501648,0.13468578457832336,0.10507623106241226,0.16261892020702362,0.09068949520587921,0.08494514971971512,0.33322563767433167,0.13049516081809998,0.15283779799938202
0.21209244430065155,0.14085012674331665,0.19647562503814697,0.13340386748313904,0.08646240085363388,0.10750490427017212,0.08927207440137863,0.22224044799804688,0.19456692039966583,0.09318733960390091,0.21710941195487976
0.16503871977329254,0.2516714930534363,0.13942959904670715,0.08585385233163834,0.05360640957951546,0.06651782989501953,0.17707347869873047,0.18441839516162872,0.10427764058113098,0.19457219541072845,0.23047952353954315
0.1346270591020584,0.04605177417397499,0.02273813635110855,0.16479042172431946,0.11869601905345917,0.25991249084472656,0.27829742431640625,0.08510099351406097,0.05617888644337654,0.12669754028320312,0.24447667598724365
0.11916561424732208,0.10522367805242538,0.1277201622724533,0.13299678266048431,0.11690376698970795,0.12753108143806458,0.15850971639156342,0.06519892811775208,0.1366850882768631,0.13665303587913513,0.14570847153663635
0.2579761743545532,0.08946965634822845,0.03189707547426224,0.08624855428934097,0.05606693774461746,0.08060523122549057,0.12604422867298126,0.09001075476408005,0.06467893719673157,0.076975017786026,0.23882831633090973
0.2009878307580948,0.09069383889436722,0.14240345358848572,0.16315016150474548,0.06040831655263901,0.13045577704906464,0.08207567036151886,0.20750056207180023,0.1814384013414383,0.04695907607674599,0.22481411695480347
0.0920926034450531,0.1655743569135666,0.118619404733181,0.1721876561641693,0.21987996995449066,0.04442807286977768,0.20456907153129578,0.06244541332125664,0.11580489575862885,0.2649608850479126,0.18338367342948914
0.18089845776557922,0.12791916728019714,0.15535320341587067,0.13034246861934662,0.08389746397733688,0.15049409866333008,0.1261824518442154,0.19874143600463867,0.16438618302345276,0.1196281760931015,0.21374541521072388
0.1868155300617218,0.12523330748081207,0.14938102662563324,0.1663917750120163,0.12318217009305954,0.14728188514709473,0.12450102716684341,0.21466226875782013,0.15943750739097595,0.1336376965045929,0.2461092323064804
0.12828610837459564,0.032815057784318924,0.045203860849142075,0.19778293371200562,0.10910704731941223,0.2803896963596344,0.15965324640274048,0.18764230608940125,0.08129554241895676,0.05740145221352577,0.25575724244117737
0.17924146354198456,0.12467686831951141,0.1516614854335785,0.12948711216449738,0.08183586597442627,0.15163280069828033,0.12634782493114471,0.2000102400779724,0.16179338097572327,0.11702597886323929,0.2125806361436844
0.1574196070432663,0.09613195061683655,0.11242596060037613,0.14601759612560272,0.09100034832954407,0.1558433175086975,0.1306980848312378,0.18820050358772278,0.13359573483467102,0.10803788900375366,0.20167259871959686
0.14935748279094696,0.07020391523838043,0.10853210091590881,0.1781364232301712,0.0921284630894661,0.13936904072761536,0.13308915495872498,0.151201531291008,0.1494545042514801,0.0886688306927681,0.1884397268295288
0.24102498590946198,0.18924185633659363,0.13263709843158722,0.10128777474164963,0.06133439764380455,0.03033202700316906,0.11040671914815903,0.18824486434459686,0.13830214738845825,0.11722033470869064,0.25391480326652527
0.19020017981529236,0.11924728751182556,0.054660044610500336,0.09507198631763458,0.0661388412117958,0.14002475142478943,0.164424866437912,0.22186578810214996,0.05481726676225662,0.1363801658153534,0.24436213076114655
0.10741063952445984,0.05760557949542999,0.047491975128650665,0.33785876631736755,0.13414326310157776,0.09295650571584702,0.09009706228971481,0.3037688136100769,0.11740463227033615,0.03355712071061134,0.2857954204082489
0.15384936332702637,0.06939678639173508,0.09067592769861221,0.04337858781218529,0.02863021194934845,0.1324981302022934,0.12246137112379074,0.11664525419473648,0.09193628281354904,0.08117895573377609,0.1123683974146843
0.13382945954799652,0.16132903099060059,0.24720169603824615,0.10493919253349304,0.04361265152692795,0.16408729553222656,0.1020638644695282,0.1263403594493866,0.2641797661781311,0.09060348570346832,0.14189442992210388
0.1123773604631424,0.055890683084726334,0.15084661543369293,0.14097897708415985,0.11845551431179047,0.18229959905147552,0.14238032698631287,0.06346426159143448,0.16305215656757355,0.11203162372112274,0.13161952793598175
0.3578040599822998,0.1841125637292862,0.09850122779607773,0.0450308620929718,0.006698573939502239,0.013234667479991913,0.11889562010765076,0.2661842703819275,0.09905476868152618,0.07508423924446106,0.2885091006755829
0.17842130362987518,0.1243569627404213,0.14996446669101715,0.12821462750434875,0.08227547258138657,0.15176524221897125,0.1276368945837021,0.19763317704200745,0.16061139106750488,0.11783298850059509,0.20925728976726532
0.09653114527463913,0.1189522072672844,0.11775340139865875,0.20408281683921814,0.15932828187942505,0.1719788759946823,0.22407805919647217,0.08751652389764786,0.14522956311702728,0.1527058184146881,0.21675139665603638
0.24475328624248505,0.15413832664489746,0.1167941465973854,0.12942162156105042,0.06268323212862015,0.03868220001459122,0.08640598505735397,0.24812272191047668,0.13195320963859558,0.07889290153980255,0.2897377610206604
0.1621052771806717,0.034790199249982834,0.06442143768072128,0.13600420951843262,0.07892220467329025,0.22912444174289703,0.10970553755760193,0.20353586971759796,0.1180020347237587,0.07708150893449783,0.21556834876537323
0.13766062259674072,0.1500694900751114,0.09193923324346542,0.02441469021141529,0.03290310129523277,0.12814131379127502,0.16819442808628082,0.15311124920845032,0.06283656507730484,0.14551465213298798,0.14931488037109375
0.07182872295379639,0.07277373969554901,0.039411596953868866,0.4288196265697479,0.19518719613552094,0.16341543197631836,0.10412020981311798,0.3493770956993103,0.09054268896579742,0.055453650653362274,0.32664984464645386
0.13829155266284943,0.03776288032531738,0.14069896936416626,0.12502643465995789,0.06544972956180573,0.2397216409444809,0.07476922869682312,0.16987812519073486,0.18696431815624237,0.07810981571674347,0.1437274068593979
0.41939616203308105,0.22908368706703186,0.3308541774749756,0.05716017261147499,0.01059418823570013,0.05010969191789627,0.08101929724216461,0.4195278584957123,0.3502107858657837,0.05581929534673691,0.423213392496109
0.17796292901039124,0.09839610755443573,0.07346483319997787,0.1244463324546814,0.08423219621181488,0.14547935128211975,0.15080079436302185,0.20327596366405487,0.08387116342782974,0.12245194613933563,0.21095547080039978
0.1914547234773636,0.09100036323070526,0.15806157886981964,0.15934890508651733,0.05853686481714249,0.12239518761634827,0.07977969199419022,0.19934536516666412,0.18301455676555634,0.052141476422548294,0.20048579573631287
0.17169982194900513,0.1072985827922821,0.24151518940925598,0.07260455936193466,0.029182495549321175,0.18676938116550446,0.09344115108251572,0.1562139242887497,0.24285860359668732,0.07977218180894852,0.10844893753528595
0.1416296362876892,0.22362713515758514,0.3125073313713074,0.04063756763935089,0.037031613290309906,0.15940894186496735,0.10501950234174728,0.041288793087005615,0.30810675024986267,0.1061813160777092,0.10332100838422775
0.18001143634319305,0.12483423948287964,0.1511123925447464,0.128424733877182,0.08360249549150467,0.1512763649225235,0.12734119594097137,0.20040005445480347,0.16103407740592957,0.11894307285547256,0.21223559975624084
0.25448137521743774,0.15157456696033478,0.1935775876045227,0.15541724860668182,0.08346587419509888,0.19444790482521057,0.14391234517097473,0.28560006618499756,0.2024194300174713,0.09022939950227737,0.31324058771133423
0.16040650010108948,0.25611943006515503,0.12323357164859772,0.0883617028594017,0.05225299671292305,0.07058559358119965,0.18799461424350739,0.1824779510498047,0.0880054235458374,0.20589317381381989,0.2275766283273697
0.21638861298561096,0.07966191321611404,0.07117454707622528,0.11945796757936478,0.05951155722141266,0.12006057798862457,0.11372469365596771,0.18634659051895142,0.08915465325117111,0.06566832959651947,0.23050998151302338
0.1844673454761505,0.08979205787181854,0.05803883820772171,0.23423829674720764,0.11890575289726257,0.1438305675983429,0.11216035485267639,0.26992928981781006,0.08361895382404327,0.06670690327882767,0.2859235107898712
0.1692376583814621,0.0985749140381813,0.0803089290857315,0.10692053288221359,0.07206960767507553,0.142660453915596,0.15351031720638275,0.18717138469219208,0.09253314137458801,0.1227392628788948,0.18452565371990204
0.13043756783008575,0.12656882405281067,0.10254258662462234,0.13758033514022827,0.1001766175031662,0.15283434092998505,0.1983644664287567,0.16691087186336517,0.10589329898357391,0.15362654626369476,0.2060779333114624
0.17876732349395752,0.12642917037010193,0.15541335940361023,0.12894657254219055,0.08272243291139603,0.15289035439491272,0.12653183937072754,0.19668610394001007,0.16525813937187195,0.11840786784887314,0.21099527180194855
0.09775921702384949,0.02929174341261387,0.11592314392328262,0.11777752637863159,0.05386751890182495,0.37835344672203064,0.1073729619383812,0.13527481257915497,0.1854768842458725,0.08068622648715973,0.13737334311008453
0.14527370035648346,0.12668216228485107,0.05975842848420143,0.08386766910552979,0.07957584410905838,0.1087782084941864,0.1892072856426239,0.07509555667638779,0.06063251197338104,0.15253877639770508,0.16614796221256256
0.15045931935310364,0.13103531301021576,0.14063993096351624,0.1275653839111328,0.0929771363735199,0.14942248165607452,0.134904682636261,0.11905762553215027,0.1550687849521637,0.12343420088291168,0.19796395301818848
0.1626305878162384,0.11111044138669968,0.14903077483177185,0.14341144263744354,0.06944424659013748,0.18689650297164917,0.09152612090110779,0.23898537456989288,0.18050675094127655,0.09274762868881226,0.22912225127220154
0.19226638972759247,0.1850849688053131,0.06222020089626312,0.05583977699279785,0.045065611600875854,0.08483222126960754,0.20743177831172943,0.18282583355903625,0.04110613092780113,0.1887652575969696,0.2114579677581787
0.17545707523822784,0.07999743521213531,0.11277967691421509,0.1140826940536499,0.05374126881361008,0.16072697937488556,0.10067766904830933,0.18698987364768982,0.14569048583507538,0.07126916199922562,0.19092993438243866
0.17699086666107178,0.10172218084335327,0.07335822284221649,0.12094326317310333,0.08009672909975052,0.14222362637519836,0.1525808423757553,0.2014342099428177,0.08349524438381195,0.12351016700267792,0.20743976533412933
0.312688410282135,0.17366130650043488,0.3263794481754303,0.024682965129613876,0.015424828045070171,0.18243540823459625,0.07849913090467453,0.3879825174808502,0.32614874839782715,0.09406767785549164,0.27111801505088806
0.21681299805641174,0.16468514502048492,0.19147531688213348,0.06205868348479271,0.02905837446451187,0.09959626942873001,0.07815920561552048,0.19806483387947083,0.17661640048027039,0.0896846130490303,0.20927289128303528
0.19502930343151093,0.19158142805099487,0.2941379249095917,0.12809038162231445,0.08754777908325195,0.1515197455883026,0.09125687927007675,0.18709273636341095,0.2942836582660675,0.12167222797870636,0.22075539827346802
0.1994543969631195,0.17810338735580444,0.19584009051322937,0.11528568714857101,0.08128377795219421,0.10343433171510696,0.13265684247016907,0.2062438577413559,0.1856883466243744,0.1359417587518692,0.21977180242538452
0.11199123412370682,0.08273661881685257,0.16169624030590057,0.07285474985837936,0.03759707137942314,0.1826680302619934,0.11940540373325348,0.11914671957492828,0.17369699478149414,0.09456236660480499,0.08785392343997955
0.18284651637077332,0.05822740122675896,0.1126335859298706,0.09615332633256912,0.034418318420648575,0.15960849821567535,0.04433714598417282,0.18677084147930145,0.15496709942817688,0.06234050914645195,0.14979378879070282
0.1353219449520111,0.12463610619306564,0.35797810554504395,0.3065333068370819,0.4443140923976898,0.20605216920375824,0.15580888092517853,0.09041985869407654,0.2766872048377991,0.3166932165622711,0.2870779037475586
0.11405359208583832,0.12282249331474304,0.19585034251213074,0.10746025294065475,0.06052699685096741,0.19829756021499634,0.1581416130065918,0.06473886221647263,0.21424970030784607,0.10668560862541199,0.11831994354724884
0.22140108048915863,0.32640308141708374,0.306660532951355,0.023137543350458145,0.0533393919467926,0.11176769435405731,0.08353883773088455,0.10630766302347183,0.28184056282043457,0.18194742500782013,0.1813199520111084
0.1527719795703888,0.051105186343193054,0.04131549969315529,0.24483565986156464,0.12962374091148376,0.09360212087631226,0.1389312893152237,0.13020575046539307,0.1059427484869957,0.046451229602098465,0.26513347029685974
0.15842263400554657,0.19154109060764313,0.07589515298604965,0.010561035014688969,0.030516549944877625,0.05931509658694267,0.17486439645290375,0.06930513679981232,0.03571810573339462,0.15419232845306396,0.1393084079027176
0.2657889127731323,0.2415747195482254,0.31479865312576294,0.15924541652202606,0.10846082866191864,0.11718962341547012,0.09039801359176636,0.29955583810806274,0.30183470249176025,0.14716555178165436,0.36171281337738037
0.1855517029762268,0.064091257750988,0.10081040114164352,0.1308373659849167,0.05950372666120529,0.09468332678079605,0.08790014684200287,0.16706161201000214,0.1332448422908783,0.056816425174474716,0.18832261860370636
0.22322769463062286,0.09702752530574799,0.17946137487888336,0.057977911084890366,0.0221235491335392,0.17062954604625702,0.10543660819530487,0.40988674759864807,0.16987727582454681,0.108222596347332,0.1732161045074463
0.3611666262149811,0.09694940596818924,0.04599573835730553,0.07241467386484146,0.018624519929289818,0.07004325836896896,0.0929003581404686,0.3527308404445648,0.07278061658143997,0.07180825620889664,0.2760458290576935
0.32486507296562195,0.15567061305046082,0.35253533720970154,0.1329674869775772,0.024942928925156593,0.14039306342601776,0.03426540642976761,0.3848623037338257,0.38879069685935974,0.037421684712171555,0.3611295819282532
0.14823976159095764,0.05835947021842003,0.19789355993270874,0.11726608127355576,0.09787613153457642,0.19990786910057068,0.09547289460897446,0.06790906935930252,0.20800979435443878,0.09785357117652893,0.1295892894268036
0.1559271663427353,0.09891430288553238,0.12120780348777771,0.14584816992282867,0.09134034067392349,0.1569809764623642,0.12748363614082336,0.18536947667598724,0.14234910905361176,0.10999365895986557,0.1980651468038559
0.16516059637069702,0.0974116176366806,0.08600709587335587,0.13655996322631836,0.08902300149202347,0.14899742603302002,0.14640547335147858,0.19126464426517487,0.10283268243074417,0.11666438728570938,0.20785123109817505
0.12656588852405548,0.04890380799770355,0.16422554850578308,0.1492665857076645,0.06266758590936661,0.25586411356925964,0.0586593896150589,0.18341314792633057,0.2138766348361969,0.06924416869878769,0.16192284226417542
0.13139885663986206,0.07748177647590637,0.1405479907989502,0.14739595353603363,0.09395767748355865,0.19624273478984833,0.13879118859767914,0.19558191299438477,0.15825670957565308,0.11335179209709167,0.17900264263153076
0.1351248174905777,0.09400179982185364,0.10006313771009445,0.2917846143245697,0.47629034519195557,0.058668334037065506,0.12502849102020264,0.08856415748596191,0.09116512537002563,0.3208957612514496,0.282183974981308
0.22055530548095703,0.16522981226444244,0.32089346647262573,0.0675639659166336,0.03235238417983055,0.17693839967250824,0.07704849541187286,0.19138823449611664,0.3303713798522949,0.08006852120161057,0.1590733528137207
0.11860308051109314,0.12094974517822266,0.1654161810874939,0.06287304311990738,0.035034239292144775,0.1296771913766861,0.12902866303920746,0.04996303841471672,0.16206806898117065,0.09296881407499313,0.09149251133203506
0.09936893731355667,0.10824816673994064,0.13566888868808746,0.06845706701278687,0.03252174332737923,0.1615985631942749,0.14845232665538788,0.0721522867679596,0.15025313198566437,0.1025305688381195,0.09809009730815887
0.15571831166744232,0.10997505486011505,0.20086537301540375,0.14403797686100006,0.05830485001206398,0.1253141611814499,0.08849425613880157,0.1724216341972351,0.2014899104833603,0.05797053501009941,0.17281517386436462
0.1536368727684021,0.06761649250984192,0.027749216184020042,0.17905159294605255,0.1021496132016182,0.20505481958389282,0.1551857441663742,0.1943611055612564,0.08222703635692596,0.10269377380609512,0.28514212369918823
0.18032708764076233,0.12641170620918274,0.1511530578136444,0.12876412272453308,0.08128537237644196,0.15012654662132263,0.12745951116085052,0.20052768290042877,0.16153569519519806,0.11806175857782364,0.21375823020935059
0.1441837102174759,0.06876830011606216,0.09830327332019806,0.19062121212482452,0.10635319352149963,0.1682327389717102,0.1387610286474228,0.20156623423099518,0.13119295239448547,0.09255068004131317,0.20345543324947357
0.16209769248962402,0.09369971603155136,0.093014657497406,0.1435132771730423,0.09198084473609924,0.1516454815864563,0.13927695155143738,0.18773527443408966,0.1131519228219986,0.11231926083564758,0.2058144211769104
0.08156256377696991,0.17387495934963226,0.10643327236175537,0.05088507756590843,0.04554221034049988,0.19275113940238953,0.25337162613868713,0.15359079837799072,0.0795910581946373,0.233596533536911,0.14809902012348175
0.15591062605381012,0.10418867319822311,0.1470819115638733,0.1436239629983902,0.09069371968507767,0.15426194667816162,0.11766382306814194,0.18654729425907135,0.16359880566596985,0.10795345902442932,0.194635808467865
0.370091050863266,0.1707155853509903,0.08886392414569855,0.0845029205083847,0.006063772831112146,0.014739305712282658,0.07736648619174957,0.2807096540927887,0.11047004163265228,0.05689869448542595,0.34322792291641235
0.1804962456226349,0.12682794034481049,0.1528342217206955,0.129584401845932,0.08297773450613022,0.14967694878578186,0.1267310082912445,0.1981891542673111,0.16259394586086273,0.11896592378616333,0.213460773229599
0.15936557948589325,0.11980372667312622,0.17743629217147827,0.13912147283554077,0.08831045776605606,0.15321338176727295,0.11176564544439316,0.18497024476528168,0.18795311450958252,0.11066080629825592,0.1946253925561905
0.18546681106090546,0.1540166735649109,0.128183051943779,0.015096135437488556,0.023374581709504128,0.14303778111934662,0.12891623377799988,0.15995708107948303,0.10758351534605026,0.10746890306472778,0.1669188141822815
0.41803017258644104,0.2426893562078476,0.3978345990180969,0.023094933480024338,0.0011117181275039911,0.12619534134864807,0.07458194345235825,0.3423282504081726,0.4332011044025421,0.04332796111702919,0.37461474537849426
0.1281656175851822,0.11540256440639496,0.1243552714586258,0.03749771788716316,0.04650695249438286,0.11352448910474777,0.13773901760578156,0.057494331151247025,0.09137506783008575,0.11880612373352051,0.09984365850687027
0.2034791111946106,0.0661526545882225,0.033366113901138306,0.07496092468500137,0.06131131574511528,0.10796267539262772,0.12487167865037918,0.08728167414665222,0.06126510351896286,0.07725172489881516,0.19222120940685272
0.16751417517662048,0.12964394688606262,0.05022665113210678,0.08918943256139755,0.07413916289806366,0.1270551085472107,0.18553654849529266,0.1427857130765915,0.05141228809952736,0.15185768902301788,0.23131200671195984
0.14836998283863068,0.09944464266300201,0.08334537595510483,0.04274527356028557,0.034375786781311035,0.1507834643125534,0.18158318102359772,0.19759558141231537,0.0676504448056221,0.146677166223526,0.11971795558929443
0.14382891356945038,0.18710829317569733,0.31031033396720886,0.08543447405099869,0.028866052627563477,0.2212330847978592,0.06634395569562912,0.11087892204523087,0.34388530254364014,0.07727932929992676,0.08507483452558517
0.17814727127552032,0.04848320409655571,0.06239699944853783,0.09341856837272644,0.059070564806461334,0.25512123107910156,0.16453182697296143,0.27367109060287476,0.06678600609302521,0.12115389108657837,0.18499493598937988
0.17701923847198486,0.09286826103925705,0.27504926919937134,0.045101527124643326,0.02785126492381096,0.25083255767822266,0.05168154090642929,0.21942093968391418,0.2936836779117584,0.08195343613624573,0.13457408547401428
0.20050671696662903,0.200231671333313,0.3109503984451294,0.1285920888185501,0.08415675163269043,0.15531539916992188,0.087525375187397,0.1886465847492218,0.3130572438240051,0.1189664825797081,0.2270887941122055
0.08163538575172424,0.04774075746536255,0.09897299855947495,0.19317486882209778,0.10468954592943192,0.26115939021110535,0.14432352781295776,0.17820779979228973,0.142037495970726,0.09147848188877106,0.18045775592327118
0.17204202711582184,0.03308382257819176,0.07305300235748291,0.12414934486150742,0.05956507474184036,0.2597939074039459,0.07135704904794693,0.2705135643482208,0.13280388712882996,0.06861604750156403,0.23317842185497284
0.28373172879219055,0.05561448633670807,0.03954318165779114,0.18575718998908997,0.09069305658340454,0.14555270969867706,0.08898278325796127,0.2857955992221832,0.08801374584436417,0.0418173149228096,0.359481543302536
0.16926707327365875,0.2125435620546341,0.23257748782634735,0.029868388548493385,0.034195855259895325,0.14023520052433014,0.10691327601671219,0.1423368901014328,0.2060987651348114,0.14113259315490723,0.1568424254655838
0.1897345930337906,0.11328041553497314,0.1428733766078949,0.08886244893074036,0.05458376929163933,0.17832094430923462,0.12036792188882828,0.21783447265625,0.15436851978302002,0.09939704090356827,0.1955350935459137
0.47905099391937256,0.18275713920593262,0.34553787112236023,0.22498956322669983,0.011762057431042194,0.09832946956157684,0.017992816865444183,0.5738017559051514,0.3734520673751831,0.0528978668153286,0.61512690782547
0.18451720476150513,0.154694065451622,0.13767936825752258,0.193491593003273,0.13790123164653778,0.03850926458835602,0.05836688354611397,0.18566374480724335,0.14828653633594513,0.11899924278259277,0.25970375537872314
0.21738480031490326,0.1038949191570282,0.06930108368396759,0.08862369507551193,0.06621827185153961,0.11956488341093063,0.13008542358875275,0.21822665631771088,0.06444090604782104,0.11020534485578537,0.21064789593219757
0.15514883399009705,0.12494688481092453,0.050806112587451935,0.08942534774541855,0.07774533331394196,0.12339366227388382,0.19117408990859985,0.10151216387748718,0.05609569326043129,0.14825399219989777,0.19890014827251434
0.17466378211975098,0.08365926891565323,0.08432143926620483,0.14235202968120575,0.090132936835289,0.14849433302879333,0.08681128174066544,0.20745739340782166,0.11562566459178925,0.08006409555673599,0.24252966046333313
0.12015591561794281,0.030751947313547134,0.09787390381097794,0.12314477562904358,0.057738952338695526,0.27622342109680176,0.07811947166919708,0.153042271733284,0.1671789586544037,0.07263517379760742,0.15843196213245392
0.12174302339553833,0.12917010486125946,0.1645974963903427,0.11817988753318787,0.10898327082395554,0.13230450451374054,0.15681849420070648,0.05769243836402893,0.1641484647989273,0.14120079576969147,0.1381131410598755
0.1490391492843628,0.13701367378234863,0.15819649398326874,0.09703140705823898,0.06955403834581375,0.046635329723358154,0.0835132896900177,0.05783040076494217,0.15124866366386414,0.08343665301799774,0.12142226845026016
0.208566352725029,0.1781473308801651,0.07180973142385483,0.07823061943054199,0.053458236157894135,0.08127761632204056,0.1812509447336197,0.20688548684120178,0.05821754038333893,0.16221289336681366,0.2174733579158783
0.23120546340942383,0.101706862449646,0.1796814203262329,0.14017923176288605,0.05320053920149803,0.1704127937555313,0.05160702019929886,0.3370012938976288,0.208608940243721,0.0671551525592804,0.26666367053985596
0.16326157748699188,0.0598202683031559,0.04226274788379669,0.028043417260050774,0.031502529978752136,0.23965582251548767,0.1398351788520813,0.19350293278694153,0.049574606120586395,0.09547166526317596,0.18563173711299896
0.07933554798364639,0.11662103980779648,0.13822098076343536,0.14631108939647675,0.10586155205965042,0.17112450301647186,0.186540424823761,0.08728194981813431,0.1483485847711563,0.1453646719455719,0.15040281414985657
0.16199840605258942,0.10935847461223602,0.1629331260919571,0.1506797820329666,0.10859518498182297,0.09601541608572006,0.10850994288921356,0.17891427874565125,0.16742897033691406,0.1165844053030014,0.19527065753936768
0.1806342452764511,0.1262042075395584,0.1517334133386612,0.12872761487960815,0.08275055885314941,0.1504405438899994,0.1269371062517166,0.19941897690296173,0.16250495612621307,0.11848584562540054,0.21302305161952972
0.17930489778518677,0.12577605247497559,0.15178824961185455,0.1266137659549713,0.08069813251495361,0.1510661393404007,0.1287563592195511,0.19830995798110962,0.16137968003749847,0.1180843710899353,0.21036338806152344
0.2664375305175781,0.16807502508163452,0.16179296374320984,0.016326403245329857,0.010857661254703999,0.09350728243589401,0.1086026057600975,0.23596730828285217,0.15132436156272888,0.08092864602804184,0.21849922835826874
0.45997682213783264,0.2877918779850006,0.37843385338783264,0.050529446452856064,0.00031937399762682617,0.04852567985653877,0.07621542364358902,0.4160202741622925,0.4165727496147156,0.05404052138328552,0.505195677280426
0.5640519261360168,0.14349167048931122,0.3747437596321106,0.1470487117767334,0.008580546826124191,0.11393572390079498,0.014720780774950981,0.6197375059127808,0.3935268223285675,0.04208066314458847,0.5990445613861084
0.11732817441225052,0.08742283284664154,0.18630345165729523,0.08296287804841995,0.041412338614463806,0.15653762221336365,0.12652550637722015,0.1107030138373375,0.18575739860534668,0.08839789777994156,0.08558158576488495
0.1958560198545456,0.11338672041893005,0.06293637305498123,0.09905115514993668,0.06666060537099838,0.14006733894348145,0.16286346316337585,0.21716094017028809,0.06313767284154892,0.13709713518619537,0.2107239067554474
0.2909078598022461,0.11998969316482544,0.38840460777282715,0.17218632996082306,0.02908414416015148,0.17210952937602997,0.008249079808592796,0.37126848101615906,0.4191361963748932,0.04162032902240753,0.3193303942680359
0.25761809945106506,0.15828964114189148,0.22357410192489624,0.02722306363284588,0.01593627780675888,0.10940954834222794,0.11096247285604477,0.3576754033565521,0.19831408560276031,0.10326724499464035,0.21307240426540375
0.13986565172672272,0.06423050910234451,0.07427114993333817,0.11019892245531082,0.10619092732667923,0.13793107867240906,0.17385460436344147,0.06196488440036774,0.08080947399139404,0.1168675646185875,0.15491561591625214
0.18611522018909454,0.07104282826185226,0.10738778859376907,0.1493827998638153,0.05812716856598854,0.13166916370391846,0.08586763590574265,0.18081672489643097,0.1495702564716339,0.05184150114655495,0.2011423259973526
0.1382853388786316,0.07931514829397202,0.012127491645514965,0.1913684904575348,0.11571628600358963,0.19524157047271729,0.27891042828559875,0.12300169467926025,0.036064352840185165,0.18829268217086792,0.2992122173309326
0.13553296029567719,0.05300623178482056,0.07582492381334305,0.17936921119689941,0.10540745407342911,0.17213952541351318,0.1461496502161026,0.12090626358985901,0.12173759192228317,0.08488567918539047,0.20596732199192047
0.08721040934324265,0.06350582093000412,0.04812752082943916,0.17771215736865997,0.09876931458711624,0.2385123074054718,0.15497826039791107,0.1880502700805664,0.10308089107275009,0.10346479713916779,0.22201409935951233
0.18007595837116241,0.12656132876873016,0.15380506217479706,0.12938907742500305,0.08328109234571457,0.15038323402404785,0.12687601149082184,0.19742469489574432,0.16387830674648285,0.1185615137219429,0.21295371651649475
0.1821177452802658,0.125740647315979,0.15364740788936615,0.16994647681713104,0.1280607283115387,0.1497768610715866,0.12608449161052704,0.20890182256698608,0.16297712922096252,0.13856396079063416,0.24529817700386047
0.19300086796283722,0.1659245640039444,0.14421257376670837,0.019908005371689796,0.025058316066861153,0.13299943506717682,0.12262648344039917,0.17551642656326294,0.12683826684951782,0.1135440543293953,0.1830674260854721
0.21724356710910797,0.22119128704071045,0.254001647233963,0.10434553027153015,0.06492899358272552,0.056154973804950714,0.08520297706127167,0.1985149383544922,0.24662737548351288,0.11796067655086517,0.2485596388578415
0.1726827770471573,0.1276477426290512,0.13873668015003204,0.1288222074508667,0.0758073702454567,0.16241799294948578,0.11732160300016403,0.19828511774539948,0.15767590701580048,0.11054939776659012,0.23592418432235718
0.1775900423526764,0.12613734602928162,0.16157369315624237,0.12867675721645355,0.0871419608592987,0.11755697429180145,0.12786239385604858,0.19917607307434082,0.16345453262329102,0.12190355360507965,0.20149412751197815
0.3461078405380249,0.11717987805604935,0.24732308089733124,0.023414190858602524,0.013335165567696095,0.11978605389595032,0.10480010509490967,0.46625062823295593,0.23175367712974548,0.098119355738163,0.22649803757667542
0.07887541502714157,0.10474489629268646,0.12381444871425629,0.1796751320362091,0.0950523167848587,0.2355564534664154,0.16251622140407562,0.19718477129936218,0.14382170140743256,0.12453766167163849,0.19652149081230164
0.1612282693386078,0.07599473744630814,0.06969655305147171,0.1389971226453781,0.06956467032432556,0.14019328355789185,0.14315511286258698,0.1738162636756897,0.0940985381603241,0.07732175290584564,0.19851785898208618
0.1245480328798294,0.08171748369932175,0.1784190535545349,0.20826171338558197,0.11605984717607498,0.14765116572380066,0.06236513704061508,0.18474987149238586,0.19394363462924957,0.07383891940116882,0.19154280424118042
0.21783539652824402,0.05445992574095726,0.09048255532979965,0.13962283730506897,0.07022134959697723,0.15495698153972626,0.06462915241718292,0.27489352226257324,0.11659973859786987,0.07133670151233673,0.21768228709697723
0.1646491289138794,0.2518719434738159,0.13766944408416748,0.08819124102592468,0.05503912642598152,0.06716827303171158,0.17615103721618652,0.1846809834241867,0.10226527601480484,0.19552989304065704,0.23080161213874817
0.16757477819919586,0.1939108818769455,0.053305670619010925,0.12073636054992676,0.09730703383684158,0.12558674812316895,0.2389560341835022,0.22834928333759308,0.03188638016581535,0.29215580224990845,0.24474844336509705
0.16793042421340942,0.12577790021896362,0.05056053027510643,0.09096495807170868,0.07344406843185425,0.12905217707157135,0.18198612332344055,0.1433010995388031,0.054673511534929276,0.14324037730693817,0.22757673263549805
0.2105635702610016,0.186852365732193,0.19989627599716187,0.10949572920799255,0.0774846076965332,0.09817471355199814,0.13335077464580536,0.21118566393852234,0.1895626038312912,0.13795806467533112,0.2310892641544342
0.2033993899822235,0.08185692876577377,0.04270154610276222,0.11849790811538696,0.06325273215770721,0.16059793531894684,0.1346844732761383,0.3044818341732025,0.059015437960624695,0.10973265767097473,0.24345937371253967
0.1470460295677185,0.05595659092068672,0.19596435129642487,0.11947817355394363,0.11122835427522659,0.1972855180501938,0.10360037535429001,0.061428043991327286,0.20229791104793549,0.1027686819434166,0.12976638972759247
0.15805181860923767,0.09509465843439102,0.11075335741043091,0.14620722830295563,0.09017466008663177,0.15833254158496857,0.12903480231761932,0.1890057772397995,0.13272041082382202,0.1072007268667221,0.20233486592769623
0.21857330203056335,0.0436861552298069,0.06514991074800491,0.05203159898519516,0.02347230166196823,0.16984030604362488,0.09057775884866714,0.22998717427253723,0.0919564738869667,0.07459136843681335,0.17086255550384521
0.14856019616127014,0.10692409425973892,0.20532511174678802,0.146452397108078,0.10756559669971466,0.1547876000404358,0.11735043674707413,0.1777622103691101,0.20603543519973755,0.1218830943107605,0.1825007200241089
0.11844640225172043,0.07925670593976974,0.18387433886528015,0.1404503583908081,0.07076652348041534,0.18392492830753326,0.14021572470664978,0.05021229013800621,0.20389443635940552,0.047152478247880936,0.12308809906244278
0.13731041550636292,0.10466893017292023,0.24611012637615204,0.09511377662420273,0.04424193501472473,0.1735871434211731,0.09917176514863968,0.11868879199028015,0.24905021488666534,0.0811040848493576,0.10751036554574966
0.2258351892232895,0.24664486944675446,0.3260084092617035,0.11542888730764389,0.0781782940030098,0.11328630149364471,0.09723653644323349,0.19830062985420227,0.3233831226825714,0.1233973577618599,0.25877127051353455
0.32735469937324524,0.29432350397109985,0.33425745368003845,0.04137583076953888,0.02883230522274971,0.08478409796953201,0.08239063620567322,0.2950911521911621,0.3448345363140106,0.10861977934837341,0.34447169303894043
0.09982933104038239,0.029845017939805984,0.07085051387548447,0.1394582986831665,0.0893285870552063,0.2605673670768738,0.14814358949661255,0.11209851503372192,0.12258142232894897,0.08923415094614029,0.17338551580905914
0.08798342943191528,0.07521942257881165,0.037285152822732925,0.17330926656723022,0.08784935623407364,0.23306840658187866,0.19486190378665924,0.16503652930259705,0.09670689702033997,0.11701513826847076,0.2037428766489029
0.15297077596187592,0.0759560614824295,0.11966966837644577,0.24789683520793915,0.1840205043554306,0.23514574766159058,0.16270942986011505,0.24462850391864777,0.12419551610946655,0.1374482959508896,0.30440372228622437
0.16465304791927338,0.04927614703774452,0.09974122047424316,0.14873215556144714,0.0813073143362999,0.20426560938358307,0.11068779975175858,0.21195265650749207,0.13673602044582367,0.0835152193903923,0.20255115628242493
0.14144720137119293,0.0709846019744873,0.1468115597963333,0.14310428500175476,0.08124636113643646,0.2904168367385864,0.1379028707742691,0.20519334077835083,0.1735852211713791,0.10899244248867035,0.18812625110149384
0.1619265377521515,0.13339383900165558,0.3922804892063141,0.29247552156448364,0.492269903421402,0.20292772352695465,0.1597767025232315,0.06470339000225067,0.30143097043037415,0.3933858573436737,0.2878376245498657
0.04710466042160988,0.08412400633096695,0.08679033815860748,0.5625017285346985,0.2085636407136917,0.2794701159000397,0.07743868976831436,0.5389528274536133,0.13109628856182098,0.024921339005231857,0.3247072100639343
0.16219761967658997,0.13798841834068298,0.2937731444835663,0.10333925485610962,0.07599833607673645,0.2986789643764496,0.10571489483118057,0.19459550082683563,0.29742681980133057,0.12438929826021194,0.16218987107276917
0.1728290617465973,0.057771939784288406,0.043023400008678436,0.2179122418165207,0.12265418469905853,0.16223189234733582,0.11250369250774384,0.2262360006570816,0.10978332161903381,0.08122043311595917,0.2606276869773865
0.10855576395988464,0.12744906544685364,0.16636590659618378,0.09689410775899887,0.08219897001981735,0.12465651333332062,0.14689448475837708,0.1179916113615036,0.14805534482002258,0.13878744840621948,0.1189490407705307
0.11619270592927933,0.06712782382965088,0.10815033316612244,0.2592719793319702,0.42717424035072327,0.14225246012210846,0.2021666169166565,0.036231208592653275,0.09654243290424347,0.2793700397014618,0.23778414726257324
0.17783959209918976,0.17140480875968933,0.26228415966033936,0.13267631828784943,0.09006685763597488,0.15069234371185303,0.09769120067358017,0.18356846272945404,0.2612793743610382,0.12348867207765579,0.2121257185935974
0.17798933386802673,0.12567806243896484,0.15201471745967865,0.1279091238975525,0.08137375861406326,0.15116696059703827,0.12691126763820648,0.19879163801670074,0.16160033643245697,0.11876773834228516,0.20943030714988708
0.1066565066576004,0.09024228900671005,0.1496002972126007,0.1774558275938034,0.07990416884422302,0.18280859291553497,0.11801640689373016,0.14995558559894562,0.1799643337726593,0.06538206338882446,0.1708158254623413
0.2131013423204422,0.21017682552337646,0.2144578993320465,0.09925267845392227,0.06576487421989441,0.09595830738544464,0.13283011317253113,0.20865638554096222,0.2038734257221222,0.1386820524930954,0.23547330498695374
0.16384193301200867,0.09303247183561325,0.08793769776821136,0.13969717919826508,0.09088966995477676,0.1525242179632187,0.14258766174316406,0.19220125675201416,0.10612861812114716,0.1141580119729042,0.20646405220031738
0.19030065834522247,0.08827973902225494,0.11545209586620331,0.054850563406944275,0.022767234593629837,0.13906940817832947,0.09915994852781296,0.21000564098358154,0.12226155400276184,0.08579456806182861,0.14765022695064545
0.10269604623317719,0.1302577704191208,0.176517516374588,0.17759916186332703,0.13421766459941864,0.15146256983280182,0.19156712293624878,0.05913384631276131,0.20070478320121765,0.08954483270645142,0.16456615924835205
0.1533687710762024,0.1192162036895752,0.15518136322498322,0.09152412414550781,0.05368964001536369,0.1565515100955963,0.1312091052532196,0.15672409534454346,0.16304261982440948,0.11092332750558853,0.14475277066230774
0.13213443756103516,0.08355017006397247,0.11116497218608856,0.23662248253822327,0.14928607642650604,0.15311428904533386,0.14490807056427002,0.17997092008590698,0.15003053843975067,0.11687172204256058,0.2346765100955963
0.13188348710536957,0.1456792950630188,0.17572854459285736,0.13260900974273682,0.10839156806468964,0.16214971244335175,0.16656382381916046,0.2041470855474472,0.15677453577518463,0.1613416224718094,0.19020923972129822
0.17008057236671448,0.18059059977531433,0.12036710977554321,0.12577396631240845,0.08434882014989853,0.03431921824812889,0.1500566005706787,0.12893632054328918,0.12483623623847961,0.14113473892211914,0.23272942006587982
0.24216891825199127,0.14061546325683594,0.23109112679958344,0.01881984993815422,0.01620292291045189,0.13694941997528076,0.09620358049869537,0.3049590587615967,0.2040916383266449,0.09903254359960556,0.17790532112121582
0.15256747603416443,0.10207259654998779,0.173939049243927,0.07753210514783859,0.033984895795583725,0.15872429311275482,0.09313874691724777,0.13152708113193512,0.19147981703281403,0.07241169363260269,0.1228187158703804
0.3007048964500427,0.08495521545410156,0.28774213790893555,0.1325395256280899,0.025168370455503464,0.12690375745296478,0.025805793702602386,0.4313142001628876,0.30791908502578735,0.04541056975722313,0.29182398319244385
0.12929603457450867,0.08075226843357086,0.08059059828519821,0.07685273885726929,0.05714701861143112,0.2073708474636078,0.10506368428468704,0.19050869345664978,0.10171180963516235,0.10142481327056885,0.15135033428668976
0.4737171232700348,0.18490208685398102,0.34865981340408325,0.2294865846633911,0.012983029708266258,0.09853986650705338,0.018121665343642235,0.5706652998924255,0.37725386023521423,0.052019644528627396,0.6167282462120056
0.16578549146652222,0.09468558430671692,0.08659373223781586,0.13851557672023773,0.09050905704498291,0.1460293084383011,0.14158809185028076,0.19375236332416534,0.1046115979552269,0.11496488004922867,0.20805715024471283
0.18679499626159668,0.16481466591358185,0.10480053722858429,0.014247971586883068,0.024640532210469246,0.10899535566568375,0.14387637376785278,0.14098110795021057,0.07694630324840546,0.11257562041282654,0.17477306723594666
0.2812061309814453,0.06158948317170143,0.07269930094480515,0.09781678020954132,0.05001392588019371,0.1736036092042923,0.09106986969709396,0.3354119062423706,0.06790155172348022,0.09303844720125198,0.23094478249549866
0.14117418229579926,0.1292225569486618,0.1423988938331604,0.126032292842865,0.09787125140428543,0.14166265726089478,0.1440802812576294,0.09321402758359909,0.1540466547012329,0.12921735644340515,0.1762370467185974
0.17237667739391327,0.12270146608352661,0.1776515543460846,0.12700189650058746,0.07841089367866516,0.17132048308849335,0.09248054027557373,0.19939567148685455,0.19252529740333557,0.08749710023403168,0.21268723905086517
0.13583283126354218,0.10584728419780731,0.10274793207645416,0.11543270945549011,0.06651090085506439,0.1517154723405838,0.11928364634513855,0.17102289199829102,0.11578314006328583,0.10796310007572174,0.17642547190189362
0.16353739798069,0.09210000932216644,0.08603966981172562,0.1392517238855362,0.09091581404209137,0.15504488348960876,0.14439837634563446,0.194008469581604,0.10379578173160553,0.11545155942440033,0.20662006735801697
0.17088574171066284,0.03175658360123634,0.13182848691940308,0.12573200464248657,0.054660338908433914,0.41948404908180237,0.05310007557272911,0.2670646905899048,0.20278294384479523,0.07800699025392532,0.1900612711906433
0.11450430005788803,0.1545938104391098,0.12234129756689072,0.1856096386909485,0.16955892741680145,0.14274007081985474,0.2030571699142456,0.11375010758638382,0.11997374147176743,0.20162780582904816,0.24283643066883087
0.1856718212366104,0.06439553201198578,0.10077597945928574,0.1253666877746582,0.05696829408407211,0.09352178126573563,0.08796022087335587,0.16287142038345337,0.13327980041503906,0.05715576559305191,0.1841193437576294
0.19282393157482147,0.06475009769201279,0.15475378930568695,0.02720242366194725,0.021972717717289925,0.2071378231048584,0.1035592257976532,0.3869348466396332,0.12187372148036957,0.11736338585615158,0.10712435841560364
0.18873651325702667,0.13862864673137665,0.08212345093488693,0.01678823120892048,0.024981165304780006,0.10621120035648346,0.14967425167560577,0.15866228938102722,0.057596784085035324,0.11387473344802856,0.1584518402814865
0.09742514044046402,0.1004113256931305,0.11093166470527649,0.2041083723306656,0.11899624764919281,0.20800529420375824,0.14452867209911346,0.2128853052854538,0.13505765795707703,0.1178457960486412,0.2310284674167633
0.1412598341703415,0.12271877378225327,0.19701261818408966,0.43916943669319153,0.15523576736450195,0.3552442491054535,0.0970132127404213,0.5327708125114441,0.20308513939380646,0.06406183540821075,0.3491736948490143
0.16523106396198273,0.0946364551782608,0.08737611770629883,0.13754040002822876,0.09061181545257568,0.14710792899131775,0.14153389632701874,0.1940372884273529,0.10491351783275604,0.11542214453220367,0.20679396390914917
0.19765356183052063,0.19327707588672638,0.30142199993133545,0.13044874370098114,0.08852829039096832,0.1556399166584015,0.09016744792461395,0.19008608162403107,0.30216145515441895,0.1228824183344841,0.22699770331382751
0.33112800121307373,0.2572547495365143,0.35501110553741455,0.13617044687271118,0.07392894476652145,0.12281246483325958,0.10335716605186462,0.3875613510608673,0.35833901166915894,0.10713901370763779,0.40793636441230774
0.18436458706855774,0.1322111040353775,0.18830518424510956,0.318202406167984,0.11681044846773148,0.09824231266975403,0.0784994587302208,0.3796476423740387,0.18568935990333557,0.10265226662158966,0.31491410732269287
0.10060090571641922,0.051387324929237366,0.07529721409082413,0.05026387795805931,0.022974930703639984,0.21251539885997772,0.12425883114337921,0.1316118687391281,0.10556391626596451,0.09029699862003326,0.08648796379566193
0.059570424258708954,0.10621149092912674,0.1677055060863495,0.12266714870929718,0.08753564953804016,0.1947532296180725,0.2085767388343811,0.06798889487981796,0.16892102360725403,0.14809580147266388,0.11240222305059433
0.3900090157985687,0.21711787581443787,0.3652334213256836,0.017246540635824203,0.0024854771327227354,0.13406400382518768,0.07762701064348221,0.3925548791885376,0.39389747381210327,0.05706862360239029,0.36658114194869995
0.1390407234430313,0.03390558436512947,0.12644852697849274,0.07388782501220703,0.02511332929134369,0.24868528544902802,0.04888388141989708,0.20509232580661774,0.18230316042900085,0.07034914195537567,0.11668922752141953
0.15284237265586853,0.14336159825325012,0.13800829648971558,0.09789970517158508,0.04559257626533508,0.164982870221138,0.14873982965946198,0.17925773561000824,0.14926642179489136,0.13734328746795654,0.18074408173561096
0.1002257764339447,0.05373852327466011,0.029285738244652748,0.3719581961631775,0.2319674789905548,0.28110331296920776,0.21000100672245026,0.1632619947195053,0.06745485216379166,0.10453137010335922,0.3411465287208557
0.17993395030498505,0.13153599202632904,0.14284105598926544,0.11939826607704163,0.0878928080201149,0.12983109056949615,0.12887008488178253,0.19040672481060028,0.1404968798160553,0.11765705794095993,0.2082376927137375
0.13208524882793427,0.2092440277338028,0.1794111430644989,0.23283641040325165,0.17056165635585785,0.0496659018099308,0.11798056960105896,0.1876564621925354,0.16216804087162018,0.1954103261232376,0.30147650837898254
0.15498995780944824,0.09701009094715118,0.1122095137834549,0.14368723332881927,0.08946909755468369,0.15325221419334412,0.13278493285179138,0.18676155805587769,0.1318318247795105,0.10963162034749985,0.19735537469387054
0.18030278384685516,0.12622348964214325,0.15267205238342285,0.1295328587293625,0.08313913643360138,0.1530826985836029,0.12747924029827118,0.19902268052101135,0.16271670162677765,0.11804185062646866,0.21374866366386414
0.18127204477787018,0.1474461406469345,0.1754060983657837,0.0289941243827343,0.031504783779382706,0.13675294816493988,0.10928694903850555,0.18191829323768616,0.14964306354522705,0.12005100399255753,0.14846086502075195
0.1778968721628189,0.09947730600833893,0.07313372194766998,0.12184972316026688,0.080579973757267,0.14536643028259277,0.1530485451221466,0.2027617245912552,0.08361085504293442,0.12190711498260498,0.2093498408794403
0.1505938023328781,0.14072933793067932,0.10534877330064774,0.051426034420728683,0.04584871605038643,0.14167924225330353,0.19476927816867828,0.1851067841053009,0.09446097165346146,0.15918780863285065,0.16543328762054443
0.09591526538133621,0.11057738959789276,0.12203288078308105,0.1641034185886383,0.11049570143222809,0.19129501283168793,0.16538383066654205,0.13219839334487915,0.1405303031206131,0.13586437702178955,0.19255469739437103
0.1152321845293045,0.09519120305776596,0.20009367167949677,0.07085828483104706,0.036150507628917694,0.18874992430210114,0.10314571112394333,0.10580849647521973,0.21289677917957306,0.08860047906637192,0.08423828333616257
0.45748192071914673,0.19566048681735992,0.356796532869339,0.0679292231798172,0.003756821621209383,0.08935588598251343,0.07106459140777588,0.5151285529136658,0.3825594186782837,0.06103232130408287,0.45805615186691284
0.15402139723300934,0.100707046687603,0.12306947261095047,0.14599665999412537,0.0907992497086525,0.1568567305803299,0.12703809142112732,0.18479180335998535,0.1429041624069214,0.10993947833776474,0.19711071252822876
0.16962449252605438,0.13508257269859314,0.0708053708076477,0.010103671811521053,0.02253391593694687,0.0985175222158432,0.1509227603673935,0.11698536574840546,0.04248976334929466,0.10624809563159943,0.14959931373596191
0.24982403218746185,0.1373624950647354,0.0639265701174736,0.04313179850578308,0.03547821193933487,0.10647118836641312,0.14830592274665833,0.1924976110458374,0.06638359278440475,0.09371622651815414,0.25202351808547974
0.08940938115119934,0.1416197568178177,0.06390930712223053,0.14057756960391998,0.08217322826385498,0.24632176756858826,0.2922207713127136,0.13357070088386536,0.07931780815124512,0.19912230968475342,0.21704551577568054
0.26343873143196106,0.14079909026622772,0.11178264766931534,0.1830616593360901,0.07942566275596619,0.1452140510082245,0.11727478355169296,0.309671550989151,0.14123088121414185,0.09752550721168518,0.3847426176071167
0.28636109828948975,0.14344464242458344,0.12971952557563782,0.09750626981258392,0.03228888660669327,0.03313080221414566,0.08524949103593826,0.22085125744342804,0.15024115145206451,0.060350146144628525,0.264120489358902
0.14940311014652252,0.12665748596191406,0.1547061949968338,0.0597209557890892,0.046230144798755646,0.12797608971595764,0.11459946632385254,0.06874192506074905,0.16246062517166138,0.10209141671657562,0.12333119660615921
0.20574484765529633,0.1026637852191925,0.04950539395213127,0.20144183933734894,0.13203862309455872,0.14079882204532623,0.14228758215904236,0.2508137822151184,0.07105991244316101,0.12015330791473389,0.31146520376205444
0.15725602209568024,0.10744639486074448,0.11828754842281342,0.136343851685524,0.09765579551458359,0.13484865427017212,0.13452525436878204,0.18651361763477325,0.12400714308023453,0.11163659393787384,0.2005649209022522
0.1408451944589615,0.04718261957168579,0.08573977649211884,0.13477922976016998,0.09307360649108887,0.18918469548225403,0.14260807633399963,0.09931354224681854,0.12273331731557846,0.08987731486558914,0.18495160341262817
0.13127067685127258,0.13286122679710388,0.32042479515075684,0.35853156447410583,0.43910732865333557,0.1778726875782013,0.12469906359910965,0.18104933202266693,0.23940175771713257,0.2880347669124603,0.32042834162712097
0.26552122831344604,0.12986357510089874,0.05724267289042473,0.03733925148844719,0.030079718679189682,0.10702098906040192,0.14615537226200104,0.21995878219604492,0.05913279205560684,0.10020811855792999,0.253802627325058
0.22175443172454834,0.15411576628684998,0.28609585762023926,0.17539525032043457,0.050819966942071915,0.1541861742734909,0.0581359900534153,0.28379949927330017,0.32037073373794556,0.04374423250555992,0.25946512818336487
0.15974697470664978,0.15869936347007751,0.2277878373861313,0.3507962226867676,0.1666237860918045,0.1142103299498558,0.09200906753540039,0.363058477640152,0.20919129252433777,0.13631321489810944,0.36298680305480957
0.17234458029270172,0.18839627504348755,0.16201463341712952,0.029512621462345123,0.033097364008426666,0.1274554282426834,0.12343966215848923,0.12624339759349823,0.14859573543071747,0.13206635415554047,0.17281797528266907
0.18530666828155518,0.08445003628730774,0.12481982260942459,0.0405428446829319,0.025586673989892006,0.14448367059230804,0.13007031381130219,0.23590032756328583,0.10522785782814026,0.0998314768075943,0.12752093374729156
0.27950429916381836,0.17096368968486786,0.06884758919477463,0.046886563301086426,0.02304881252348423,0.03533042594790459,0.1360912173986435,0.19060373306274414,0.07068818062543869,0.10367687791585922,0.27733224630355835
0.3859325647354126,0.15793032944202423,0.29828718304634094,0.05769658088684082,0.00982977356761694,0.09523234516382217,0.07829368114471436,0.47806456685066223,0.30227649211883545,0.07502724230289459,0.34622806310653687
0.17618246376514435,0.1254246085882187,0.14011810719966888,0.12206115573644638,0.07271000742912292,0.16093690693378448,0.10850301384925842,0.22054900228977203,0.1564660221338272,0.11549732834100723,0.23895172774791718
0.24501977860927582,0.15065042674541473,0.1504056304693222,0.18432782590389252,0.10437420755624771,0.14041830599308014,0.11748412251472473,0.28727439045906067,0.16954486072063446,0.11320754885673523,0.3501831591129303
0.16951607167720795,0.06256698071956635,0.13092054426670074,0.0682809129357338,0.022858312353491783,0.127627432346344,0.06462769210338593,0.09129165858030319,0.15463657677173615,0.05892268195748329,0.10967111587524414
0.3005712032318115,0.1474565863609314,0.18294936418533325,0.06355052441358566,0.013972405344247818,0.09707856178283691,0.08247244358062744,0.27877312898635864,0.19601096212863922,0.06901369988918304,0.2515956163406372
0.11059992760419846,0.08340775966644287,0.11939539015293121,0.0724969208240509,0.03631329536437988,0.2385304868221283,0.11821740120649338,0.17996719479560852,0.14896854758262634,0.10719706118106842,0.13410817086696625
0.17619387805461884,0.07398073375225067,0.25610995292663574,0.12032079696655273,0.0379975400865078,0.24642840027809143,0.021057385951280594,0.24113814532756805,0.3012353479862213,0.05922846123576164,0.17998889088630676
0.07516910880804062,0.020976653322577477,0.07617741823196411,0.41788673400878906,0.22997477650642395,0.5404168963432312,0.2281384915113449,0.15884067118167877,0.11109375208616257,0.08645552396774292,0.3362393081188202
0.2492048442363739,0.04192190244793892,0.2172953337430954,0.018590185791254044,0.022269267588853836,0.20686256885528564,0.09272585809230804,0.45654311776161194,0.17402051389217377,0.11744795739650726,0.10245928168296814
0.1290600746870041,0.02344750426709652,0.06597672402858734,0.07800415903329849,0.03266427293419838,0.16603191196918488,0.09450257569551468,0.11657844483852386,0.11490713059902191,0.058461032807826996,0.1241784393787384
0.22066086530685425,0.09899164736270905,0.23025371134281158,0.19922082126140594,0.05791495367884636,0.1551809012889862,0.03511562943458557,0.30439522862434387,0.2687462568283081,0.042338673025369644,0.2618219554424286
