0,1,2,3,4,5,6,7
0.4308597147464752,-0.009785293601453304,0.4720223844051361,0.42401495575904846,0.2463168501853943,0.43961653113365173,0.6672941446304321,0.11359748989343643
0.1740511953830719,0.3515954315662384,0.5843060612678528,0.48200997710227966,0.12971188127994537,0.586958110332489,0.3964475095272064,0.1000458374619484
0.21777552366256714,0.45990559458732605,0.005219019018113613,0.6255692839622498,0.05432320386171341,0.4248768389225006,0.5699412822723389,0.061326589435338974
0.8357201218605042,0.3246500790119171,-0.010359525680541992,0.1309790164232254,0.9374961256980896,0.14180755615234375,0.6143608093261719,0.104860819876194
0.16811436414718628,0.41330236196517944,0.6020007729530334,0.6129485368728638,0.20357297360897064,0.27938956022262573,0.4179913401603699,0.03478105738759041
0.3823818266391754,0.431727796792984,0.028139082714915276,0.5458012223243713,0.09519698470830917,0.4702128767967224,0.5155881643295288,0.08509103208780289
0.1977376639842987,0.14797109365463257,0.6101297736167908,0.1841515600681305,0.3350343704223633,0.7609924674034119,0.5029355883598328,0.1280186027288437
0.38697749376296997,-0.009107030928134918,0.5949757695198059,0.3233213424682617,0.2815796434879303,0.7199484705924988,0.463609904050827,0.10726810991764069
0.7650492787361145,0.48953551054000854,-0.02839503437280655,0.5555620193481445,0.3055085837841034,0.19763469696044922,0.2847852110862732,0.09443993121385574
0.4682673215866089,0.41171130537986755,0.04594016447663307,0.4705701470375061,0.22355002164840698,0.3780075013637543,0.5543809533119202,0.04096187278628349
0.755137026309967,0.002167030470445752,-0.004071436822414398,0.5328282713890076,0.08481086045503616,0.5384332537651062,0.5030155181884766,0.04270923137664795
0.3152324855327606,0.3235132098197937,0.0023462248500436544,0.5857141017913818,-0.026677483692765236,0.394610732793808,0.6393615007400513,0.18091735243797302
0.4887843132019043,0.005649174563586712,0.0005195281701162457,0.6078289747238159,-0.024518264457583427,0.49050575494766235,0.591996431350708,0.345765620470047
0.2752736210823059,0.38663679361343384,0.0004532399179879576,0.669641375541687,-0.032452188432216644,0.4758778214454651,0.4854808449745178,0.22902964055538177
0.20696251094341278,0.11704432219266891,0.6102399826049805,0.40521979331970215,0.26791447401046753,0.6551826596260071,0.48082345724105835,0.08681757748126984
0.2234174609184265,0.37492838501930237,0.5850909948348999,0.5052881240844727,0.3264269232749939,0.3769853711128235,0.42733925580978394,0.03144143894314766
0.4610854387283325,-0.006847678683698177,0.5646173357963562,0.4950823187828064,0.21942326426506042,0.5876672267913818,0.3959238529205322,0.12507742643356323
0.49672403931617737,0.014575581066310406,-7.023719081189483e-05,0.6266065239906311,-0.0284988172352314,0.49149999022483826,0.5907903909683228,0.3455231189727783
0.4357573986053467,0.33840370178222656,-0.002111300127580762,0.8890920877456665,-0.015506146475672722,0.3740418255329132,0.1816982924938202,0.4213678240776062
0.6201741695404053,0.25565436482429504,-0.007509337272495031,0.035259850323200226,0.6697105169296265,0.1420275717973709,0.9991200566291809,0.11715490370988846
0.33200374245643616,0.31122368574142456,0.473860502243042,0.5926610231399536,0.1987706422805786,0.3444207012653351,0.4394020438194275,0.046166129410266876
0.23614579439163208,0.009101515635848045,0.8629598617553711,0.29915478825569153,0.292948842048645,0.7230021953582764,0.45591604709625244,0.1098407581448555
0.7325060367584229,0.05864029750227928,0.651633620262146,0.45665377378463745,0.23194356262683868,0.2939015328884125,0.3899373412132263,0.0768933892250061
0.19565315544605255,0.5048131346702576,0.6131111979484558,0.5152744650840759,0.41804149746894836,0.38205793499946594,0.29894310235977173,0.035870444029569626
0.25723278522491455,0.3887367248535156,0.0025695678777992725,0.5931978821754456,-0.02640639804303646,0.49575215578079224,0.5412201881408691,0.21069782972335815
0.9003641605377197,0.022175727412104607,0.0031850580126047134,0.6373757123947144,-0.022855881601572037,0.9322822690010071,0.05136613920331001,0.3104567527770996
0.22610719501972198,0.5789139270782471,-0.013045097701251507,0.5729396343231201,-0.02380903996527195,0.7056705355644226,0.5321395993232727,0.2834804356098175
0.7801236510276794,0.06309455633163452,0.607316255569458,0.3427777886390686,0.3235037624835968,0.47568145394325256,0.2970697581768036,0.05070772022008896
0.09605157375335693,0.41574999690055847,0.6791840195655823,0.5457308292388916,0.2474859356880188,0.285249263048172,0.4500844180583954,0.04089118167757988
0.8298404812812805,0.05982867255806923,0.11463624984025955,0.4248810112476349,0.20967869460582733,0.5755434632301331,0.3890724778175354,0.08312636613845825
0.4629157483577728,0.24200917780399323,0.004737394396215677,0.559801459312439,0.0842459499835968,0.44101235270500183,0.5926103591918945,0.04942493140697479
0.5004439353942871,0.02636704407632351,0.6527486443519592,0.608386754989624,0.25472292304039,0.3313794434070587,0.4810488522052765,0.07883765548467636
0.369899183511734,0.34445440769195557,0.46337035298347473,0.6234004497528076,0.1617012470960617,0.33783218264579773,0.35126635432243347,0.05085611343383789
0.46652457118034363,-0.003515473799780011,0.5515977144241333,0.6188911199569702,0.27079421281814575,0.4004541337490082,0.5154908895492554,0.0609939768910408
0.7802899479866028,0.06288110464811325,0.6085601449012756,0.3455866873264313,0.3253714144229889,0.4720328450202942,0.3007170557975769,0.04973102733492851
0.49389708042144775,9.546240471536294e-05,0.019436191767454147,0.5331072211265564,-0.0023896924685686827,0.8386699557304382,0.48524290323257446,0.05427928641438484
0.6473230123519897,0.04939723014831543,0.4638499915599823,0.29041048884391785,0.39823129773139954,0.3861103057861328,0.6311823725700378,0.08547936379909515
0.46216025948524475,0.027659380808472633,0.5186138153076172,0.5669689178466797,0.2601344585418701,0.40021008253097534,0.5261043906211853,0.0679607167840004
0.5549913644790649,0.006372776813805103,-0.0007906359387561679,0.583796501159668,-0.02190750651061535,0.7125942707061768,0.5361772775650024,0.2744236886501312
0.24766211211681366,0.14938563108444214,0.6029694676399231,0.40505725145339966,0.2596663534641266,0.60943603515625,0.46739041805267334,0.11962172389030457
0.15243126451969147,0.10889473557472229,0.6122719049453735,0.32410168647766113,0.29431119561195374,0.7936693429946899,0.510731041431427,0.11326877772808075
0.6390718817710876,0.2442382574081421,-0.0005212852265685797,0.8982596397399902,-0.0232342891395092,0.37404894828796387,0.009677099995315075,0.5446380972862244
0.6358001232147217,0.04579799622297287,0.46304410696029663,0.31415534019470215,0.375101238489151,0.3868161737918854,0.6287046074867249,0.09338638931512833
0.14257614314556122,0.11021003872156143,0.8089221715927124,0.3360215127468109,0.26961109042167664,0.7351782321929932,0.4665815830230713,0.13515852391719818
0.9036797881126404,0.009144295006990433,-0.0012258373899385333,0.6541655659675598,-0.015604169107973576,0.9387116432189941,0.044087253510951996,0.38117700815200806
0.16867776215076447,-0.0066232518292963505,0.8168765306472778,0.4356157183647156,0.20632266998291016,0.7342050075531006,0.4614737629890442,0.15210172533988953
0.14359331130981445,0.4818885028362274,0.7142912745475769,0.646074116230011,0.21914981305599213,0.15853916108608246,0.3170703649520874,0.04263637587428093
0.3455553352832794,0.6716629862785339,0.0013136625057086349,0.4440104067325592,0.30228352546691895,0.6543785333633423,0.28492462635040283,0.02487407810986042
0.5373774766921997,0.027926109731197357,0.0017520891269668937,0.6662374138832092,-0.024669673293828964,0.496855765581131,0.4720630347728729,0.24483342468738556
0.32244932651519775,0.6600425839424133,-0.0010755269322544336,0.4432523846626282,0.32432976365089417,0.629631757736206,0.33014342188835144,0.030539313331246376
0.16713155806064606,0.6402791738510132,-0.0026569014880806208,0.6021358370780945,-0.02105584926903248,0.4352794587612152,0.45475128293037415,0.12206730991601944
0.2065057009458542,-0.015106216073036194,0.6155322194099426,0.35824018716812134,0.22647236287593842,0.8188099265098572,0.5273670554161072,0.11144011467695236
0.5639747381210327,0.10746805369853973,0.03251293674111366,0.5474463105201721,0.008243763819336891,0.7467254400253296,0.3867011070251465,0.07552985846996307
0.480179101228714,0.043413493782281876,-0.001043585129082203,0.6080743670463562,-0.027167057618498802,0.4724965989589691,0.5828186869621277,0.43195101618766785
0.785452127456665,0.3092130124568939,-0.0017697273287922144,0.4899335503578186,0.2617154121398926,0.2274124026298523,0.4614204168319702,0.1252729743719101
0.37159889936447144,0.5018985867500305,-0.0074126883409917355,0.8941755890846252,-0.009849405847489834,0.36913472414016724,0.07628679275512695,0.42151200771331787
0.5983567237854004,0.00036359851947054267,0.04243035241961479,0.6051322221755981,0.017117811366915703,0.6155455112457275,0.4843915104866028,0.09309646487236023
0.503471851348877,0.006426132749766111,0.0024786966387182474,0.637549877166748,-0.03337469696998596,0.48942989110946655,0.5337445735931396,0.3652556538581848
0.3627878427505493,-0.005549960304051638,0.4644709527492523,0.5477084517478943,0.18684081733226776,0.42634424567222595,0.6360806822776794,0.12446971982717514
0.24862073361873627,-0.0032765099313110113,0.8663334846496582,0.3160380721092224,0.3214738070964813,0.7035692930221558,0.44937872886657715,0.11135759949684143
0.3421938121318817,0.322574645280838,0.4739355742931366,0.49122244119644165,0.24591413140296936,0.3763536214828491,0.5319241881370544,0.04038441553711891
0.28893497586250305,0.5257295370101929,-0.005890798754990101,0.5348606109619141,-0.01689862832427025,0.7052789330482483,0.39697855710983276,0.06879036873579025
0.9283913969993591,0.02478605881333351,-0.0054666390642523766,0.40673527121543884,0.17607548832893372,0.4632524251937866,0.43398091197013855,0.07715529203414917
0.7741221189498901,0.006894840393215418,-0.003012859495356679,0.6331121921539307,0.0021122826728969812,0.4414745271205902,0.37086302042007446,0.18847951292991638
0.5886724591255188,0.030294176191091537,-0.0005077736568637192,0.6219651103019714,-0.01635725051164627,0.5207358598709106,0.48852264881134033,0.14889822900295258
0.5292211771011353,0.03257783129811287,0.0013732070801779628,0.6666784286499023,-0.02833065390586853,0.4997047483921051,0.48195958137512207,0.31879934668540955
0.3922102451324463,0.3330994248390198,0.4762648046016693,0.6024514436721802,0.21041129529476166,0.3316211700439453,0.3934740722179413,0.045960452407598495
0.184082493185997,0.6413703560829163,-0.004016293212771416,0.5913485884666443,-0.01872384361922741,0.4432866871356964,0.4608902931213379,0.08779487013816833
0.2807602882385254,-0.003478395752608776,0.4753577709197998,0.5624626874923706,0.117889404296875,0.46003371477127075,0.6861290335655212,0.14174754917621613
0.13735546171665192,-0.005815924610942602,0.7114139199256897,0.31924426555633545,0.2604468762874603,0.5833052396774292,0.7689144611358643,0.144690603017807
0.97314453125,0.11180679500102997,-0.0035503883846104145,0.16641052067279816,0.7979298830032349,0.1405920535326004,0.743492603302002,0.22969967126846313
0.9775462746620178,-0.002206654753535986,0.0009978980524465442,0.4986620545387268,0.07262768596410751,0.9314577579498291,0.06464161723852158,0.07549060136079788
0.4856753647327423,0.0030023716390132904,0.6002544164657593,0.5874499678611755,0.29510697722435,0.391832172870636,0.49388444423675537,0.06845877319574356
0.43364188075065613,0.28216415643692017,0.5039050579071045,0.38366448879241943,0.3510359227657318,0.39352670311927795,0.5039447546005249,0.037623584270477295
0.5983961224555969,0.2239176332950592,0.0004167502047494054,0.8992746472358704,-0.027121642604470253,0.3717501163482666,0.09731695801019669,0.5692727565765381
0.13829831779003143,0.35417917370796204,0.6205028891563416,0.44656455516815186,0.20923303067684174,0.5869302153587341,0.3821936845779419,0.09738072752952576
0.4495628774166107,0.572144627571106,0.07737725228071213,0.6854469776153564,0.02427486702799797,0.5079070329666138,0.15043118596076965,0.12087134271860123
0.32976990938186646,0.6710145473480225,0.03143928945064545,0.6867882013320923,0.018174687400460243,0.48445096611976624,0.19502286612987518,0.09820559620857239
0.5101591348648071,0.0008493027416989207,-0.0023403866216540337,0.603359580039978,-0.022977478802204132,0.5014474987983704,0.5857999920845032,0.22592787444591522
0.51446133852005,0.26993587613105774,0.0027060708962380886,0.8970504403114319,-0.028266459703445435,0.3807166516780853,0.1267135739326477,0.5553490519523621
0.2767256200313568,0.30588293075561523,-0.007361723110079765,0.5854307413101196,0.017258787527680397,0.260042279958725,0.8486464619636536,0.07403311878442764
0.34984320402145386,0.0024182333145290613,0.4884721636772156,0.2774156928062439,0.3518783152103424,0.5270769000053406,0.7448243498802185,0.11119429022073746
0.15553615987300873,0.12988072633743286,0.8584443926811218,0.3624981939792633,0.1733061969280243,0.5864034295082092,0.49553653597831726,0.1049581840634346
0.23323290050029755,0.8391393423080444,-0.0028673347551375628,0.6906263828277588,-0.03014189936220646,0.4735788106918335,0.09017127752304077,0.14874760806560516
0.7798049449920654,0.06300204247236252,0.6074339747428894,0.34355610609054565,0.32339176535606384,0.4754265546798706,0.2969818115234375,0.04879849776625633
0.6125047206878662,0.1799575835466385,-0.0007110848091542721,0.8902716040611267,-0.032233741134405136,0.3828313946723938,0.13976936042308807,0.5218179821968079
0.30703845620155334,0.5661935806274414,-0.0033818536903709173,0.6768991947174072,-0.023818304762244225,0.47855421900749207,0.3188249468803406,0.1189560741186142
0.46256405115127563,0.07050594687461853,0.04264362156391144,0.5387511253356934,0.024003606289625168,0.7799345850944519,0.49460265040397644,0.09287301450967789
0.5094277262687683,0.014493416994810104,0.0010750902583822608,0.6496864557266235,-0.03372946009039879,0.49380171298980713,0.5173144936561584,0.3194851577281952
0.5845732092857361,0.051686059683561325,0.6988583207130432,0.2757704257965088,0.3017100393772125,0.400470107793808,0.5170707106590271,0.07683741301298141
0.45877623558044434,-0.0008554693777114153,0.054233014583587646,0.5295401215553284,0.015326635912060738,0.8540982604026794,0.4865179657936096,0.053650494664907455
0.7798479795455933,0.06321818381547928,0.6079110503196716,0.341146856546402,0.3240801692008972,0.47491535544395447,0.29724177718162537,0.04944344609975815
0.21808305382728577,-0.013443981297314167,0.6139694452285767,0.3457602262496948,0.24474821984767914,0.8118771314620972,0.5247849822044373,0.1143217459321022
0.8310326337814331,0.05376632511615753,0.2551858723163605,0.5975776314735413,0.12464034557342529,0.423269122838974,0.3223831355571747,0.11131641268730164
0.9766623973846436,0.003318685805425048,-0.0033987427596002817,0.5781655311584473,-0.026114732027053833,0.9425724744796753,0.046189941465854645,0.26066702604293823
0.29234644770622253,0.3721676468849182,0.5087599158287048,0.6125602126121521,0.21030069887638092,0.26730602979660034,0.4307311177253723,0.03330294415354729
0.12740717828273773,0.40067827701568604,0.6731202006340027,0.5904904007911682,0.23182429373264313,0.28651660680770874,0.40777504444122314,0.04302218183875084
0.495893269777298,0.45038124918937683,-0.0030278617050498724,0.39915168285369873,0.254520446062088,0.40414801239967346,0.5314264297485352,0.050689294934272766
0.4464270770549774,-0.0018027412006631494,0.5871829390525818,0.6222776174545288,0.2937009930610657,0.4194256663322449,0.5018762946128845,0.06209252402186394
0.5447880029678345,0.398458331823349,0.032298486679792404,0.4541778564453125,0.2173997163772583,0.6905658841133118,0.2503337860107422,0.04542157053947449
0.4823417663574219,0.011120811104774475,-0.00037457674625329673,0.6040584444999695,-0.021027227863669395,0.4806229770183563,0.6407269239425659,0.38921651244163513
0.6463751792907715,0.04641498252749443,0.4642783999443054,0.2850151062011719,0.3976123332977295,0.3803136348724365,0.6327689290046692,0.09061331301927567
0.941447913646698,0.019662752747535706,0.1965775340795517,0.13127131760120392,0.676125168800354,0.45571252703666687,0.7509592771530151,0.2610713839530945
0.4481678307056427,0.3011752963066101,0.6189218163490295,0.7623932957649231,0.18766038119792938,0.4400082230567932,0.10428696870803833,0.04869059473276138
0.4343475103378296,0.3368217945098877,-0.0016272823559120297,0.894439697265625,-0.0300927571952343,0.3791689872741699,0.15349268913269043,0.48795974254608154
0.48833245038986206,0.5834744572639465,-0.008993414230644703,0.26800739765167236,0.39885419607162476,0.1664576679468155,0.714282214641571,0.12485263496637344
0.18867728114128113,0.3876144587993622,-0.0030297364573925734,0.5881796479225159,-0.02163739502429962,0.24448420107364655,0.8319742679595947,0.10032442957162857
0.40693414211273193,-0.001005765050649643,0.48650485277175903,0.2337740957736969,0.3728974163532257,0.5269493460655212,0.7442324161529541,0.11792324483394623
0.8729462027549744,0.04962731525301933,-0.00786440446972847,0.3681551516056061,0.20156453549861908,0.4155086278915405,0.5418937802314758,0.07246030867099762
0.49466514587402344,0.005256957840174437,0.5626014471054077,0.5893352627754211,0.26821738481521606,0.3677290678024292,0.5068804621696472,0.06894920021295547
0.8505896329879761,0.01678396761417389,0.003997328225523233,0.9006410837173462,-0.03786693513393402,0.3958910405635834,0.0066886721178889275,0.5085093379020691
0.8506028652191162,0.015735622495412827,0.0022069402039051056,0.8994433879852295,-0.03332799673080444,0.402104914188385,0.010219709016382694,0.4624278247356415
0.12652412056922913,0.019968301057815552,0.8674984574317932,0.3419506847858429,0.3423181474208832,0.5861473679542542,0.6178257465362549,0.08379600197076797
0.5941559672355652,0.5216444134712219,-0.0013099426869302988,0.358072429895401,0.3202386200428009,0.40429577231407166,0.4075070917606354,0.13576312363147736
0.41390296816825867,0.3620365560054779,0.5479622483253479,0.4223348796367645,0.3453221619129181,0.3680133819580078,0.31754907965660095,0.04842769354581833
0.538041889667511,0.043903544545173645,0.12026654183864594,0.6571850180625916,0.030475078150629997,0.4643138349056244,0.4755759537220001,0.2000093311071396
0.21953079104423523,0.596774697303772,0.24188393354415894,0.6752039194107056,0.056667789816856384,0.40275636315345764,0.28473877906799316,0.06358630210161209
0.333137184381485,-0.008340423926711082,0.49046051502227783,0.2500968277454376,0.3486752212047577,0.5716201663017273,0.7678360342979431,0.12837953865528107
0.32852306962013245,0.4704091548919678,-0.004574921913444996,0.8838729858398438,-0.030855979770421982,0.3809642493724823,0.1448415219783783,0.4244866669178009
0.43178799748420715,0.04707072675228119,0.04396100714802742,0.5341949462890625,0.019520491361618042,0.8369318842887878,0.47763195633888245,0.05260712653398514
0.5544602870941162,0.5226883888244629,-0.0007370694656856358,0.44087865948677063,0.26426607370376587,0.3943072259426117,0.400052934885025,0.0821102038025856
0.555461049079895,0.09364966303110123,0.11349277943372726,0.5486642718315125,0.053704556077718735,0.6522814631462097,0.44711464643478394,0.0716477632522583
0.3545738160610199,0.4267120063304901,-0.0064142062328755856,0.5325068235397339,-0.01163320429623127,0.7384489178657532,0.37474703788757324,0.023867983371019363
0.2586963474750519,0.51224285364151,0.009415975771844387,0.5728775262832642,0.1810273379087448,0.35203590989112854,0.5993492007255554,0.03322909027338028
0.5848513841629028,0.03628275915980339,0.4742165803909302,0.301318883895874,0.3988613188266754,0.4128754734992981,0.6503640413284302,0.08818889409303665
0.8520124554634094,0.04056629166007042,0.4543862044811249,0.6020551919937134,0.14766226708889008,0.30912256240844727,0.2995623052120209,0.10071476548910141
0.4835461378097534,0.07205373048782349,-0.0054074740037322044,0.5272970199584961,-0.00043825304601341486,0.8221820592880249,0.48057451844215393,0.035357531160116196
0.24072298407554626,0.6935457587242126,0.000488594698254019,0.541106641292572,-0.030969899147748947,0.561557412147522,0.31697651743888855,0.03822115436196327
0.7340948581695557,0.2930419147014618,-0.00200273166410625,0.24190475046634674,0.523266077041626,0.3878817558288574,0.524036169052124,0.19562603533267975
0.593919575214386,0.5217427611351013,-0.0016195930074900389,0.35808756947517395,0.320036917924881,0.40414682030677795,0.4074251353740692,0.1361924558877945
0.13553257286548615,0.3513408303260803,0.6218743920326233,0.4470936357975006,0.21580681204795837,0.5857938528060913,0.3837173283100128,0.09133691340684891
0.7788485884666443,0.06136363372206688,0.6044933199882507,0.35324952006340027,0.3183753490447998,0.4750392436981201,0.30083218216896057,0.051311150193214417
0.5862078070640564,0.07202157378196716,0.1430232971906662,0.5630283355712891,0.09977155923843384,0.48318037390708923,0.5188610553741455,0.08004492521286011
0.19338589906692505,0.12787006795406342,0.6141904592514038,0.39164358377456665,0.29397904872894287,0.669606626033783,0.4926097095012665,0.07273904234170914
0.4180321991443634,0.307044118642807,0.6133952140808105,0.7609221935272217,0.18928776681423187,0.3841744363307953,0.18398931622505188,0.046750180423259735
0.3482496440410614,0.4234365224838257,0.015405023470520973,0.5675554871559143,0.12502309679985046,0.40446150302886963,0.5721901655197144,0.03684036433696747
0.3679197430610657,0.5385200381278992,-0.0032704127952456474,0.5491881370544434,-0.026225155219435692,0.6104205250740051,0.3320980668067932,0.08106514811515808
0.11181826144456863,0.3689348101615906,0.5442820191383362,0.48331648111343384,0.21080312132835388,0.38026490807533264,0.6019079685211182,0.04587612301111221
0.4754689037799835,0.42760995030403137,-0.0027287770062685013,0.4310714602470398,0.2332431674003601,0.3979121148586273,0.5640327334403992,0.040709733963012695
0.5544314384460449,0.0013740846188738942,0.003159572370350361,0.66339510679245,-0.01965274289250374,0.5180625319480896,0.4901270866394043,0.22501376271247864
0.15126550197601318,0.30212604999542236,0.8004196882247925,0.6330077052116394,0.233852356672287,0.30711987614631653,0.41944438219070435,0.04281580448150635
0.8463208079338074,0.11159966140985489,-0.003271542489528656,0.3912355899810791,0.21291537582874298,0.5740671157836914,0.3985997140407562,0.07496636360883713
0.5428577661514282,0.10032361000776291,0.07635826617479324,0.6596604585647583,0.020400453358888626,0.48825085163116455,0.4243565499782562,0.26485130190849304
0.48769333958625793,0.041800133883953094,0.82131427526474,0.4170689284801483,0.4400194585323334,0.501491904258728,0.4497847259044647,0.06258326768875122
0.19735760986804962,0.42703381180763245,0.6290881037712097,0.6220011711120605,0.2579183578491211,0.24104101955890656,0.4026758074760437,0.031339943408966064
0.5063024163246155,0.01985350251197815,0.005873270332813263,0.5375487804412842,-0.020988870412111282,0.8324848413467407,0.4792792797088623,0.05752180889248848
0.2672535479068756,-0.009529486298561096,0.5977767705917358,0.45231086015701294,0.19584284722805023,0.737617015838623,0.4748387038707733,0.12360728532075882
0.8819326758384705,0.06978703290224075,0.6127104759216309,0.7082404494285583,0.0934273824095726,0.16735093295574188,0.26550835371017456,0.08758583664894104
0.3219376504421234,0.5519582629203796,0.02994569018483162,0.5097512602806091,0.2755201458930969,0.3580344319343567,0.5423700213432312,0.03893135115504265
0.1753741055727005,0.35350501537323,0.5840312242507935,0.4857631325721741,0.13158275187015533,0.5884090065956116,0.3905833065509796,0.10220369696617126
0.4135274291038513,0.5843639969825745,0.021047934889793396,0.6827055215835571,0.0013988567516207695,0.5028125047683716,0.20651496946811676,0.20881593227386475
0.4742492139339447,0.422748327255249,0.006285776849836111,0.4549994468688965,0.22988919913768768,0.37779662013053894,0.56686931848526,0.046449918299913406
0.5373280048370361,0.16149702668190002,-0.004600112792104483,0.5531194806098938,0.0006036781123839319,0.7165921330451965,0.395944744348526,0.05669562891125679
0.5505939722061157,0.10863927751779556,-0.005276486277580261,0.5527210235595703,0.017312344163656235,0.6988150477409363,0.4599955379962921,0.0700145810842514
0.24552713334560394,0.009773395024240017,0.5977182984352112,0.4818679988384247,0.19113948941230774,0.7289873957633972,0.4644189476966858,0.13023222982883453
0.34498101472854614,-0.011348655447363853,0.48708656430244446,0.30006617307662964,0.3449566960334778,0.5267037153244019,0.7419542670249939,0.11158210784196854
0.15871956944465637,0.03281167149543762,0.8713601231575012,0.5156370997428894,0.3421471118927002,0.5434174537658691,0.5232805609703064,0.059742521494627
0.5942297577857971,0.522197425365448,-0.0010504997335374355,0.35481345653533936,0.3187159299850464,0.40447887778282166,0.4053560495376587,0.12945346534252167
0.519027829170227,0.3355182409286499,-4.045031528221443e-05,0.8964638113975525,-0.024034271016716957,0.39158427715301514,0.023964442312717438,0.5405254364013672
0.2593817412853241,0.4639188349246979,0.0010203541023656726,0.5729910135269165,0.06897416710853577,0.44910064339637756,0.5577226281166077,0.05190437659621239
0.25316542387008667,0.2680836617946625,0.11185621470212936,0.5055178999900818,0.17886267602443695,0.7548626661300659,0.48021095991134644,0.08443493396043777
0.2500447928905487,0.6114078164100647,-0.0006894816178828478,0.5379049181938171,-0.028820592910051346,0.6175663471221924,0.3524555563926697,0.039475999772548676
0.5388082265853882,0.0883331224322319,-0.005567563232034445,0.554359495639801,0.00041516494820825756,0.7295138835906982,0.46775907278060913,0.06937616318464279
0.15414488315582275,0.1306609958410263,0.8583493232727051,0.3628120422363281,0.17220249772071838,0.586050808429718,0.49519556760787964,0.10546638816595078
0.4323718547821045,0.32629722356796265,-0.0008598038111813366,0.8953989148139954,-0.032991308718919754,0.3861578404903412,0.14499691128730774,0.5201970338821411
0.770796537399292,0.3029120862483978,-0.0009821972344070673,0.510658860206604,0.2535768449306488,0.2312586009502411,0.4629499018192291,0.13300646841526031
0.29537269473075867,-0.0042640771716833115,0.5796177983283997,0.6121053099632263,0.14685024321079254,0.6545209884643555,0.4088534116744995,0.13168394565582275
0.2481100708246231,-0.007280533667653799,0.8648712038993835,0.29970285296440125,0.3100073039531708,0.7179328799247742,0.45509201288223267,0.109044648706913
0.32327544689178467,-0.0055003403685987,0.46988117694854736,0.591440737247467,0.13275429606437683,0.4282628297805786,0.6572199463844299,0.13851289451122284
0.4284330904483795,-0.008026188239455223,0.47408008575439453,0.3905871510505676,0.25959500670433044,0.4497351050376892,0.6771926879882812,0.1120978370308876
0.12043295800685883,0.46163541078567505,-0.00045437293010763824,0.5868639945983887,-0.02386205829679966,0.3246419429779053,0.7210603356361389,0.14025139808654785
0.5937000513076782,0.5222418308258057,-0.0012921569868922234,0.35302120447158813,0.3195394277572632,0.4057563841342926,0.4074426293373108,0.12795789539813995
0.3568643629550934,0.007127571385353804,0.4871019721031189,0.27686744928359985,0.3567471504211426,0.5272729396820068,0.7437770366668701,0.11207716166973114
0.34150829911231995,-0.010578418150544167,0.48834624886512756,0.30000483989715576,0.3345581889152527,0.5276135802268982,0.7392319440841675,0.10639697313308716
0.22710026800632477,-0.006722431629896164,0.4960786700248718,0.3407573997974396,0.23455990850925446,0.5884226560592651,0.7789792418479919,0.12058890610933304
0.4230270981788635,0.06043606251478195,0.5247359275817871,0.5555837750434875,0.29054540395736694,0.4157615005970001,0.5636016130447388,0.05587262287735939
0.49603748321533203,0.024361494928598404,0.011119727976620197,0.542943000793457,-0.02152690477669239,0.823940098285675,0.4707486033439636,0.06136438995599747
0.3224933445453644,0.2793452739715576,-0.005583473015576601,0.5883824825286865,0.09160622954368591,0.2602655291557312,0.859118640422821,0.06936990469694138
0.4343671500682831,0.4485623836517334,0.03609772026538849,0.5487216114997864,0.1429934948682785,0.4386986792087555,0.46047332882881165,0.07231874018907547
0.5920332670211792,0.00022443162743002176,0.009104393422603607,0.599511981010437,-0.0019258115207776427,0.505721390247345,0.5570400953292847,0.11375626176595688
0.19117309153079987,0.14607658982276917,0.6100439429283142,0.1630621999502182,0.3324086368083954,0.781964123249054,0.49999457597732544,0.12764617800712585
0.442391961812973,0.3586876392364502,-0.0026579410769045353,0.892898678779602,-0.0032734989654272795,0.3734474778175354,0.1599569022655487,0.4572942852973938
0.32859840989112854,0.505757749080658,-0.0024115515407174826,0.5339841246604919,0.23512399196624756,0.38305479288101196,0.5531057119369507,0.0323675274848938
0.3588070273399353,0.49238958954811096,0.2084777057170868,0.5546368956565857,0.23011472821235657,0.45415884256362915,0.3601321876049042,0.03066982328891754
0.5288576483726501,0.13573044538497925,0.004883811343461275,0.5389444828033447,0.03343383967876434,0.7340062260627747,0.43307074904441833,0.04261120781302452
0.9763927459716797,0.10701381415128708,-0.004140045028179884,0.1687428206205368,0.7999303936958313,0.1399390697479248,0.7483136653900146,0.2516794800758362
0.21359068155288696,-0.0067296880297362804,0.495236873626709,0.36044034361839294,0.2144501805305481,0.5846730470657349,0.781354546546936,0.12252850830554962
0.28410109877586365,0.396006315946579,-6.764902354916558e-05,0.6675115823745728,-0.031861066818237305,0.4791046977043152,0.4687323570251465,0.22352665662765503
0.5738371014595032,0.021746568381786346,-0.002031276235356927,0.6051884293556213,-0.023545239120721817,0.5891854166984558,0.49506521224975586,0.1497020125389099
0.5030723810195923,0.001505851629190147,-0.00046582394861616194,0.5257831811904907,-0.01745760813355446,0.8626537322998047,0.502075731754303,0.047471750527620316
0.6549131870269775,0.269732803106308,-0.008269249461591244,0.28393450379371643,0.33052635192871094,0.23207707703113556,0.8187476396560669,0.12374468892812729
0.25904005765914917,0.36762771010398865,0.6427521705627441,0.7155761122703552,0.2555183470249176,0.346420556306839,0.29376935958862305,0.05092725157737732
0.5189040899276733,0.006993553601205349,0.011519378051161766,0.5887451171875,-0.022140175104141235,0.5849862694740295,0.5752889513969421,0.17286178469657898
0.17257173359394073,0.058017224073410034,0.8272000551223755,0.3727170526981354,0.21789801120758057,0.7284072637557983,0.46065619587898254,0.13214796781539917
0.1973845213651657,0.39276665449142456,0.6146588325500488,0.6406590342521667,0.2538820803165436,0.33832651376724243,0.3694538176059723,0.031200464814901352
0.6213960647583008,0.2449394017457962,0.0006296798819676042,0.8992673754692078,-0.031102441251277924,0.3826700747013092,0.019958483055233955,0.5552605986595154
0.48592767119407654,0.006473952438682318,-0.00214556441642344,0.593393862247467,-0.028958221897482872,0.507863461971283,0.6013692617416382,0.14496548473834991
0.34851977229118347,0.5124613642692566,-0.0035244107712060213,0.5385861396789551,-0.025712672621011734,0.6542834639549255,0.3416198492050171,0.055431775748729706
0.3509661853313446,0.14954841136932373,0.10560054332017899,0.5890889167785645,0.08691170811653137,0.4642442464828491,0.6759634613990784,0.04646608978509903
0.1375569850206375,0.35101816058158875,0.6217615604400635,0.44633814692497253,0.21524569392204285,0.5858466625213623,0.3807380497455597,0.0908556804060936
0.36216142773628235,0.43269282579421997,-0.0037812385708093643,0.5881029367446899,0.012144416570663452,0.5078333616256714,0.4320085048675537,0.05547734349966049
0.19039802253246307,0.14775821566581726,0.6100582480430603,0.1631290316581726,0.33425575494766235,0.7811994552612305,0.5001465678215027,0.12704339623451233
0.2089746594429016,0.025178011506795883,0.6122353076934814,0.3410413861274719,0.25907254219055176,0.7972111701965332,0.5139771699905396,0.11563973128795624
0.4277186989784241,-0.008357580751180649,0.4742066562175751,0.3933621942996979,0.2581879794597626,0.45033392310142517,0.6765913367271423,0.11216408759355545
0.6407459378242493,0.04502754285931587,0.4619329869747162,0.2957679331302643,0.38326960802078247,0.3874177932739258,0.6322378516197205,0.09715072810649872
0.5843671560287476,0.05100107565522194,0.6996362805366516,0.2748953104019165,0.30179762840270996,0.4005753993988037,0.5176195502281189,0.07757661491632462
