0,1,2,3,4,5,6,7,8,9,10
0.22200483083724976,0.08856066316366196,0.2010214626789093,0.012840170413255692,0.07534874975681305,0.045992687344551086,0.1482250839471817,0.0654415488243103,0.46990707516670227,0.3358328938484192,0.5667720437049866
0.3592873811721802,0.19452299177646637,0.23055577278137207,0.20124660432338715,0.13347187638282776,0.10402565449476242,0.34636569023132324,0.21867765486240387,0.3501547873020172,0.3459361791610718,0.18708734214305878
0.2782418429851532,0.21521396934986115,0.2084837406873703,0.20665843784809113,0.12400969862937927,0.1556389182806015,0.4037169814109802,0.21233788132667542,0.38759443163871765,0.32897940278053284,0.17884746193885803
0.3934948444366455,0.15844009816646576,0.21565769612789154,0.09044396132230759,0.1191379725933075,0.0713479295372963,0.2637876272201538,0.16488751769065857,0.3831177055835724,0.30761224031448364,0.26482918858528137
0.3193381428718567,0.3285033106803894,0.18121029436588287,0.04289659857749939,0.18721657991409302,0.046244341880083084,0.2613503634929657,0.14124730229377747,0.3263866901397705,0.21416161954402924,0.20558862388134003
0.27735742926597595,0.1145809069275856,0.17664630711078644,0.15004628896713257,0.11013036966323853,0.1169329285621643,0.27419114112854004,0.17420491576194763,0.438772052526474,0.3029990792274475,0.278506338596344
0.21803666651248932,0.16966702044010162,0.1564720869064331,0.2601349949836731,0.11885731667280197,0.14281494915485382,0.3512789011001587,0.23096367716789246,0.41204729676246643,0.2941117286682129,0.15770426392555237
0.1963162124156952,0.17484571039676666,0.1428842395544052,0.2387467324733734,0.1134415715932846,0.14096854627132416,0.33654168248176575,0.22020556032657623,0.466596394777298,0.2771422564983368,0.16420936584472656
0.36779335141181946,0.22839610278606415,0.26616227626800537,0.04841462895274162,0.08143915235996246,0.16059334576129913,0.3628574013710022,0.08992952108383179,0.36278319358825684,0.3161032795906067,0.6687719821929932
0.17693735659122467,0.3620440363883972,0.13438957929611206,0.02759745717048645,0.061807673424482346,0.08869321644306183,0.23066601157188416,0.04206784442067146,0.6025880575180054,0.38677096366882324,0.8551430106163025
0.23305100202560425,0.19377562403678894,0.20448432862758636,0.027071915566921234,0.07643228024244308,0.0715174525976181,0.21758519113063812,0.07084611058235168,0.536443293094635,0.37974926829338074,0.6490628719329834
0.42625871300697327,0.1671251505613327,0.25233426690101624,0.010509366169571877,0.09532735496759415,0.08091133087873459,0.2374914437532425,0.10188683122396469,0.2907663881778717,0.25417080521583557,0.4573444128036499
0.2741124927997589,0.24384990334510803,0.17241401970386505,0.08724188804626465,0.13801340758800507,0.057584427297115326,0.27348819375038147,0.15486110746860504,0.37426578998565674,0.22025156021118164,0.18378621339797974
0.4449460208415985,0.20647048950195312,0.24557888507843018,0.08541964739561081,0.05708751082420349,0.0346565917134285,0.15632343292236328,0.11400144547224045,0.20535315573215485,0.16644077003002167,0.5412823557853699
0.2748829424381256,0.16809292137622833,0.22135885059833527,0.024571586400270462,0.07551691681146622,0.08846811205148697,0.2192048877477646,0.06835571676492691,0.4528161883354187,0.35385313630104065,0.6655547618865967
0.22218559682369232,0.28689074516296387,0.2030026763677597,0.20601144433021545,0.07479751110076904,0.13430817425251007,0.29242971539497375,0.14815856516361237,0.5225886702537537,0.3262380063533783,0.6621578335762024
0.20636101067066193,0.19225789606571198,0.21483999490737915,0.02491793967783451,0.07481785863637924,0.08549818396568298,0.2268541306257248,0.06936652958393097,0.6069725155830383,0.43592214584350586,0.6660544872283936
0.30850014090538025,0.15908585488796234,0.1977367401123047,0.07198110967874527,0.11101831495761871,0.06743770837783813,0.2509538233280182,0.1412188559770584,0.5177281498908997,0.40222904086112976,0.3563544750213623
0.3123050928115845,0.24033081531524658,0.21282324194908142,0.24729710817337036,0.12720488011837006,0.17368540167808533,0.42421287298202515,0.23211568593978882,0.3686208724975586,0.3664844036102295,0.20183591544628143
0.31297826766967773,0.186801940202713,0.1921781450510025,0.020992565900087357,0.07341324537992477,0.057188112288713455,0.18195876479148865,0.07224554568529129,0.3410322368144989,0.21093924343585968,0.59565669298172
0.3222738206386566,0.17437395453453064,0.24225452542304993,0.2142823338508606,0.1240428239107132,0.17949779331684113,0.42220646142959595,0.21889600157737732,0.32712864875793457,0.30542123317718506,0.17302002012729645
0.21785247325897217,0.20564571022987366,0.16629157960414886,0.15498803555965424,0.11294445395469666,0.17727576196193695,0.4069266617298126,0.17726120352745056,0.5108945965766907,0.30596211552619934,0.26037243008613586
0.29274603724479675,0.22693046927452087,0.2333441972732544,0.11714812368154526,0.14697395265102386,0.1813363879919052,0.42862647771835327,0.17319142818450928,0.40860122442245483,0.32052528858184814,0.20264731347560883
0.24693068861961365,0.1378108263015747,0.20546093583106995,0.05527272820472717,0.07831832766532898,0.09837619215250015,0.24376904964447021,0.09250088781118393,0.4658883213996887,0.30032020807266235,0.5276371240615845
0.3037407398223877,0.1712324619293213,0.24456468224525452,0.010133852250874043,0.08580261468887329,0.08965394645929337,0.21312427520751953,0.06244857236742973,0.3870772421360016,0.30981260538101196,0.6717671155929565
0.2623477280139923,0.13890340924263,0.20198862254619598,0.07682952284812927,0.11065275967121124,0.17322732508182526,0.3891560137271881,0.13931742310523987,0.5430728793144226,0.3905661404132843,0.3585332930088043
0.2505161464214325,0.11508356034755707,0.2240941971540451,0.012700241059064865,0.08783978223800659,0.11874552071094513,0.25718140602111816,0.0773746594786644,0.5129474401473999,0.4160715639591217,0.5544211864471436
0.2278883308172226,0.13400745391845703,0.16341698169708252,0.245305597782135,0.10982219874858856,0.1390334665775299,0.3027057945728302,0.22926577925682068,0.44659361243247986,0.2488003671169281,0.14813905954360962
0.3393324613571167,0.15648287534713745,0.2384854555130005,0.21290740370750427,0.12668251991271973,0.17216584086418152,0.40264689922332764,0.2215864211320877,0.3476763963699341,0.32464468479156494,0.18179337680339813
0.3227323293685913,0.1632782369852066,0.20209407806396484,0.014473536051809788,0.12152053415775299,0.05218994989991188,0.2282055765390396,0.12272845953702927,0.5302907228469849,0.4170869290828705,0.33386099338531494
0.2537563145160675,0.28767386078834534,0.25230899453163147,0.09616678208112717,0.2734895944595337,0.18993601202964783,0.4276597201824188,0.15952962636947632,0.3671054244041443,0.2545875906944275,0.20686869323253632
0.3927522897720337,0.1394542008638382,0.2782920002937317,0.19672149419784546,0.13089269399642944,0.1519612967967987,0.37667542695999146,0.2311108559370041,0.439055472612381,0.45562103390693665,0.16905127465724945
0.3832234740257263,0.1513570100069046,0.22127537429332733,0.195003941655159,0.1140606552362442,0.10991440713405609,0.2940482497215271,0.20886142551898956,0.37126922607421875,0.3464706242084503,0.2809227406978607
0.4530666172504425,0.2181718945503235,0.24521708488464355,0.010317090898752213,0.08462321013212204,0.04858782887458801,0.17849715054035187,0.09782936424016953,0.25200995802879333,0.2034490406513214,0.5134143233299255
0.19577808678150177,0.14542676508426666,0.13469505310058594,0.24549172818660736,0.11145342141389847,0.10876534134149551,0.28469690680503845,0.22300143539905548,0.48170599341392517,0.27027010917663574,0.16716690361499786
0.2962902784347534,0.20251047611236572,0.22214096784591675,0.2133762538433075,0.13077294826507568,0.13765980303287506,0.3875069320201874,0.21454674005508423,0.30474185943603516,0.2844783365726471,0.16247572004795074
0.275698721408844,0.14738953113555908,0.23005834221839905,0.17850328981876373,0.12517206370830536,0.17704680562019348,0.4068049192428589,0.2054821401834488,0.5947815775871277,0.43083852529525757,0.2556144595146179
0.38316044211387634,0.2180355191230774,0.23237402737140656,0.15366609394550323,0.1255316138267517,0.10797611624002457,0.35937127470970154,0.2021433264017105,0.4514996409416199,0.41162946820259094,0.24476942420005798
0.3084550201892853,0.18594293296337128,0.22940108180046082,0.06862618774175644,0.0665239617228508,0.11450401693582535,0.26351314783096313,0.0857311338186264,0.36730584502220154,0.2902163565158844,0.647635281085968
0.4016290605068207,0.1474737972021103,0.24256543815135956,0.014868061058223248,0.12929105758666992,0.06430254131555557,0.2564278542995453,0.1292911022901535,0.4280506372451782,0.3912024199962616,0.3176705539226532
0.28032439947128296,0.109030582010746,0.2112753689289093,0.015954304486513138,0.08882497251033783,0.07675488293170929,0.20892827212810516,0.08906984329223633,0.4642352759838104,0.3507768511772156,0.47273343801498413
0.30436843633651733,0.3034530282020569,0.22616806626319885,0.17291048169136047,0.12374866008758545,0.19420264661312103,0.45476946234703064,0.19571366906166077,0.3448264002799988,0.31589317321777344,0.1929205060005188
0.31362220644950867,0.18132130801677704,0.22188030183315277,0.06729327142238617,0.11935003846883774,0.21302394568920135,0.4637060761451721,0.14217326045036316,0.49916699528694153,0.37171828746795654,0.36319130659103394
0.36168956756591797,0.16560353338718414,0.23273175954818726,0.01073549035936594,0.09106045961380005,0.06425938010215759,0.19959768652915955,0.08485949784517288,0.33097949624061584,0.2637176811695099,0.5364668369293213
0.3297543227672577,0.22967347502708435,0.22158655524253845,0.19194960594177246,0.1215377151966095,0.17259199917316437,0.41768738627433777,0.20652103424072266,0.363635390996933,0.3352305293083191,0.21709872782230377
0.24413326382637024,0.18071381747722626,0.18700899183750153,0.09024767577648163,0.12670642137527466,0.15785372257232666,0.39473843574523926,0.1515549123287201,0.4305860102176666,0.26990920305252075,0.22607222199440002
0.3543458878993988,0.1598229706287384,0.24646081030368805,0.09392621368169785,0.13038483262062073,0.17027968168258667,0.3776231110095978,0.16348956525325775,0.33258143067359924,0.23734305799007416,0.214799165725708
0.23413659632205963,0.11129366606473923,0.203684464097023,0.009764399379491806,0.08685759454965591,0.10806146264076233,0.23740580677986145,0.07572244852781296,0.49674004316329956,0.29718783497810364,0.5000103712081909
0.3870784044265747,0.17943017184734344,0.24556942284107208,0.15500786900520325,0.11868810653686523,0.1602083444595337,0.3843861222267151,0.1970968097448349,0.37546461820602417,0.3354736864566803,0.2369534820318222
0.299613356590271,0.2516770660877228,0.17027917504310608,0.048128891736269,0.05797555297613144,0.04179874435067177,0.16908837854862213,0.05255971848964691,0.33876240253448486,0.3277946412563324,0.8020802736282349
0.3504052758216858,0.23427708446979523,0.23651568591594696,0.1782977133989334,0.1322333961725235,0.10213441401720047,0.35271692276000977,0.20422570407390594,0.32663270831108093,0.32081180810928345,0.19272303581237793
0.21111561357975006,0.12660987675189972,0.20326316356658936,0.01772819645702839,0.08723603934049606,0.07600555568933487,0.21888893842697144,0.08597389608621597,0.6133562922477722,0.43583744764328003,0.5119032263755798
0.28658512234687805,0.2914127707481384,0.17145612835884094,0.06595181673765182,0.16299211978912354,0.05357647314667702,0.2895738184452057,0.14804190397262573,0.4259551167488098,0.28223884105682373,0.2306458055973053
0.22169052064418793,0.2354283630847931,0.17592772841453552,0.09987349063158035,0.10365703701972961,0.1181207150220871,0.35039427876472473,0.14225023984909058,0.6226683259010315,0.3864865303039551,0.4093446731567383
0.21105818450450897,0.2242000550031662,0.22815661132335663,0.14120391011238098,0.10704031586647034,0.1693786382675171,0.41605812311172485,0.15617291629314423,0.6292687654495239,0.40511032938957214,0.44771847128868103
0.23570343852043152,0.19389508664608002,0.20009279251098633,0.08750977367162704,0.11121305078268051,0.1544792354106903,0.3836735486984253,0.13468830287456512,0.5336306691169739,0.3520275354385376,0.3895626962184906
0.3092493414878845,0.2736675441265106,0.25311169028282166,0.16563458740711212,0.15754573047161102,0.1348251849412918,0.38694775104522705,0.1969929188489914,0.3208319842815399,0.2786010205745697,0.15474286675453186
0.2595178484916687,0.19009189307689667,0.20184195041656494,0.2254028171300888,0.12335111200809479,0.1519278883934021,0.40321505069732666,0.21690022945404053,0.36338016390800476,0.3150997459888458,0.17257362604141235
0.3551636040210724,0.16437141597270966,0.2234826236963272,0.011518518440425396,0.06514611095190048,0.1397169530391693,0.25231143832206726,0.05213173106312752,0.2635827958583832,0.23864516615867615,0.7300271987915039
0.2723124623298645,0.23123668134212494,0.23630382120609283,0.06681711226701736,0.07678461819887161,0.12863962352275848,0.32286229729652405,0.08876845985651016,0.481240838766098,0.35442960262298584,0.6685484051704407
0.3081868588924408,0.16998426616191864,0.2289842665195465,0.008454976603388786,0.07555723935365677,0.0907348245382309,0.2067686766386032,0.051737941801548004,0.32760706543922424,0.22745950520038605,0.7081212401390076
0.23577874898910522,0.20208436250686646,0.14698432385921478,0.22115644812583923,0.09750524163246155,0.07792755961418152,0.24899522960186005,0.1804305762052536,0.4710608422756195,0.26834550499916077,0.43448561429977417
0.23987257480621338,0.17470307648181915,0.2059668004512787,0.026542291045188904,0.08593080937862396,0.18231740593910217,0.36399126052856445,0.07672419399023056,0.4872758388519287,0.33176496624946594,0.5865519046783447
0.27279040217399597,0.17052961885929108,0.26433634757995605,0.010829636827111244,0.2218775898218155,0.1307961493730545,0.3156340718269348,0.12148571014404297,0.4469580054283142,0.3449428677558899,0.23398655652999878
0.2849723994731903,0.13099651038646698,0.2129497230052948,0.05463992804288864,0.0740295797586441,0.15276023745536804,0.3027164340019226,0.08894573152065277,0.35907813906669617,0.2577580213546753,0.542351484298706
0.2091788351535797,0.24388860166072845,0.21860752999782562,0.047752004116773605,0.09156191349029541,0.11804380267858505,0.35798439383506775,0.09732719510793686,0.6701646447181702,0.4331618845462799,0.6045301556587219
0.3725643455982208,0.24389757215976715,0.20884238183498383,0.07394099980592728,0.11143741011619568,0.07437225431203842,0.2965412437915802,0.14291301369667053,0.3988579511642456,0.29878464341163635,0.3666728436946869
0.2200300097465515,0.09554187208414078,0.20906250178813934,0.008715332485735416,0.10573364794254303,0.07714652270078659,0.22479864954948425,0.0963541716337204,0.5901200771331787,0.3655175566673279,0.3539648950099945
0.34165284037590027,0.10880222916603088,0.24057729542255402,0.010315293446183205,0.08340800553560257,0.09119006991386414,0.20706140995025635,0.07332079112529755,0.32011276483535767,0.3267248868942261,0.5815215110778809
0.3743394911289215,0.15962575376033783,0.2677464485168457,0.02194923907518387,0.12899762392044067,0.15158109366893768,0.34569379687309265,0.11380908638238907,0.3722437620162964,0.37000155448913574,0.43266594409942627
0.147708922624588,0.1430172324180603,0.16808323562145233,0.012274854816496372,0.07587383687496185,0.2175751030445099,0.3612693250179291,0.07256769388914108,0.6956040859222412,0.41982337832450867,0.575433611869812
0.4580483138561249,0.38799402117729187,0.2555486559867859,0.21462008357048035,0.12484110891819,0.14375214278697968,0.4462934732437134,0.23754176497459412,0.33085501194000244,0.45608577132225037,0.2622973322868347
0.2110244184732437,0.23607397079467773,0.1682731807231903,0.08495588600635529,0.11836282163858414,0.15958118438720703,0.4012749493122101,0.13433606922626495,0.546169638633728,0.3407609760761261,0.37163421511650085
0.19994457066059113,0.2521202862262726,0.2429213672876358,0.052002765238285065,0.30339905619621277,0.18735302984714508,0.41435545682907104,0.13693170249462128,0.413661926984787,0.24154488742351532,0.22596892714500427
0.12765473127365112,0.3899354636669159,0.10205164551734924,0.06309323757886887,0.061623960733413696,0.11879288405179977,0.2980921268463135,0.07105039060115814,0.6676080226898193,0.26879292726516724,0.7064961791038513
0.3184293806552887,0.15303435921669006,0.18997901678085327,0.10963393747806549,0.12332674860954285,0.06588814407587051,0.2585914731025696,0.16864332556724548,0.44505879282951355,0.32588571310043335,0.23756152391433716
0.2775290012359619,0.23130451142787933,0.21836967766284943,0.022732120007276535,0.10293511301279068,0.10142401605844498,0.2913861870765686,0.08514798432588577,0.4867649972438812,0.3316221833229065,0.5705528259277344
0.2540539503097534,0.15065579116344452,0.19861772656440735,0.08161899447441101,0.10193043202161789,0.16743844747543335,0.3746189773082733,0.13147923350334167,0.5076519846916199,0.3411232829093933,0.3966140151023865
0.22219952940940857,0.26140695810317993,0.17150235176086426,0.0390017107129097,0.06380590796470642,0.08396264910697937,0.21918845176696777,0.05444629117846489,0.47571492195129395,0.23622013628482819,0.7370134592056274
0.3319131135940552,0.14546607434749603,0.268280953168869,0.20287522673606873,0.13429464399814606,0.1497536152601242,0.38098835945129395,0.21304599940776825,0.258826345205307,0.2556232810020447,0.14796994626522064
0.24001380801200867,0.185034841299057,0.1641383171081543,0.010815635323524475,0.12131844460964203,0.15482038259506226,0.357523113489151,0.10769732296466827,0.5036849975585938,0.335487961769104,0.30702540278434753
0.39436066150665283,0.21153461933135986,0.2278464436531067,0.04424629360437393,0.09202618151903152,0.06787183880805969,0.24286110699176788,0.1118774488568306,0.3247583508491516,0.2487003058195114,0.47219663858413696
0.36118826270103455,0.2442372441291809,0.2760743796825409,0.2025267481803894,0.13531537353992462,0.1652936488389969,0.41792455315589905,0.22061696648597717,0.31988322734832764,0.3806897699832916,0.16785605251789093
0.2333553433418274,0.28858068585395813,0.19000321626663208,0.14088718593120575,0.12314914911985397,0.17737771570682526,0.463059663772583,0.18062622845172882,0.4684985876083374,0.31667399406433105,0.1956695020198822
0.33158963918685913,0.16893340647220612,0.21324694156646729,0.11859817802906036,0.11281489580869675,0.14715048670768738,0.35943201184272766,0.16529421508312225,0.3777484595775604,0.27821239829063416,0.27466854453086853
0.31563103199005127,0.2551177740097046,0.18725140392780304,0.014178714714944363,0.0930306613445282,0.06046704202890396,0.216631680727005,0.09019050002098083,0.42488211393356323,0.25657883286476135,0.5151088833808899
0.33326900005340576,0.17107868194580078,0.20448921620845795,0.014107427559792995,0.10877128690481186,0.13685186207294464,0.32735878229141235,0.1060677319765091,0.4003586769104004,0.3025623559951782,0.3895323872566223
0.3196907639503479,0.19547438621520996,0.21338455379009247,0.28972622752189636,0.16957229375839233,0.13813531398773193,0.39013341069221497,0.25448518991470337,0.30402490496635437,0.3748508393764496,0.18086931109428406
0.2501620352268219,0.3287237286567688,0.19459569454193115,0.13899147510528564,0.18171490728855133,0.10189449787139893,0.42127835750579834,0.18783031404018402,0.5722264647483826,0.4608374536037445,0.23185016214847565
0.30866819620132446,0.3877772092819214,0.23980605602264404,0.0470687672495842,0.11621363461017609,0.05709122121334076,0.26368212699890137,0.08224276453256607,0.4909084439277649,0.39426857233047485,0.7580602765083313
0.3293626606464386,0.14990712702274323,0.210051491856575,0.014299334026873112,0.12811242043972015,0.15163066983222961,0.3630979061126709,0.1254766583442688,0.46801847219467163,0.3750973641872406,0.29825359582901
0.20919685065746307,0.16956323385238647,0.18435055017471313,0.01317987684160471,0.08200005441904068,0.09951554983854294,0.2411942481994629,0.07396368682384491,0.5641851425170898,0.33607789874076843,0.5626603364944458
0.3440553843975067,0.1972503364086151,0.2141846865415573,0.08033250272274017,0.11062981933355331,0.08803926408290863,0.28754758834838867,0.14331422746181488,0.4492124319076538,0.3601384460926056,0.3807419240474701
0.3835531771183014,0.3390566408634186,0.263276606798172,0.16292127966880798,0.27151617407798767,0.1104520633816719,0.41227883100509644,0.20469847321510315,0.2547946274280548,0.4122750461101532,0.2008606642484665
0.352822870016098,0.22323854267597198,0.2049102485179901,0.01388768944889307,0.10784072428941727,0.0735536590218544,0.24725936353206635,0.10427812486886978,0.384945809841156,0.27921703457832336,0.4252328872680664
0.2980971932411194,0.21034586429595947,0.1959810107946396,0.02185063809156418,0.06863809376955032,0.08711095154285431,0.21662317216396332,0.05312834680080414,0.3619861304759979,0.2556595206260681,0.7380073666572571
0.3288220167160034,0.17883720993995667,0.24422335624694824,0.009396987967193127,0.156193807721138,0.07360916584730148,0.25652244687080383,0.12129106372594833,0.33977237343788147,0.2354525327682495,0.20219439268112183
0.37902969121932983,0.19802019000053406,0.20624400675296783,0.16698713600635529,0.12037245184183121,0.08421897143125534,0.2918448746204376,0.19964280724525452,0.3622986376285553,0.2726927101612091,0.22808249294757843
0.25642380118370056,0.21332071721553802,0.21216176450252533,0.014694830402731895,0.1646815538406372,0.09205520153045654,0.31194791197776794,0.11819105595350266,0.5801290273666382,0.42735809087753296,0.3389657437801361
0.29721489548683167,0.24785123765468597,0.22322139143943787,0.1664874404668808,0.12486634403467178,0.18718183040618896,0.45170366764068604,0.19537754356861115,0.41782379150390625,0.35327208042144775,0.2131546586751938
0.35844966769218445,0.28811168670654297,0.19749292731285095,0.00985324289649725,0.08227437734603882,0.049228135496377945,0.1840267926454544,0.06661029160022736,0.3091255724430084,0.17554128170013428,0.6732396483421326
0.2856401801109314,0.23261286318302155,0.21562820672988892,0.1660599559545517,0.12020126730203629,0.17892737686634064,0.4388224184513092,0.19291676580905914,0.42687273025512695,0.35399574041366577,0.21951431035995483
0.24164238572120667,0.13359832763671875,0.21834947168827057,0.04686294496059418,0.11657246202230453,0.16049130260944366,0.38596415519714355,0.13071493804454803,0.6342632174491882,0.4538588225841522,0.357958048582077
0.4558580219745636,0.17908793687820435,0.2874699831008911,0.24757501482963562,0.13047517836093903,0.1826048642396927,0.437664657831192,0.2600783109664917,0.35891440510749817,0.4618470370769501,0.2002619057893753
0.2572077810764313,0.13929350674152374,0.18620653450489044,0.13510248064994812,0.0847492441534996,0.09180063009262085,0.2316032201051712,0.13654285669326782,0.42978623509407043,0.2742690145969391,0.4598178267478943
0.4479174315929413,0.22905027866363525,0.2504291236400604,0.09974783658981323,0.08296142518520355,0.06481131166219711,0.24101532995700836,0.14570525288581848,0.29083672165870667,0.2483789175748825,0.4357433617115021
0.38660508394241333,0.16105861961841583,0.23459333181381226,0.035616446286439896,0.10092700272798538,0.06668763607740402,0.22202570736408234,0.11229664087295532,0.33882737159729004,0.3024122714996338,0.4305143654346466
0.2604537904262543,0.24967902898788452,0.18642616271972656,0.132501021027565,0.12950089573860168,0.17801423370838165,0.42898982763290405,0.17392666637897491,0.4301997721195221,0.3157899081707001,0.22324371337890625
0.2468598335981369,0.33924758434295654,0.19104929268360138,0.018056325614452362,0.07495902478694916,0.060226235538721085,0.18749362230300903,0.05282672122120857,0.49576371908187866,0.3436102867126465,0.7815097570419312
0.22853481769561768,0.35373732447624207,0.05999121814966202,0.005909064784646034,0.1062188595533371,0.036607638001441956,0.18816784024238586,0.10635893791913986,0.43235859274864197,0.1708105206489563,0.24100881814956665
0.24599339067935944,0.38012802600860596,0.0947299525141716,0.010911920107901096,0.12672413885593414,0.06938835233449936,0.266853392124176,0.10619540512561798,0.46873998641967773,0.22185640037059784,0.3122134804725647
0.2720101475715637,0.36004599928855896,0.10412445664405823,0.005425949580967426,0.07384394109249115,0.03919323533773422,0.18749718368053436,0.06612453609704971,0.34229010343551636,0.10800088196992874,0.573757529258728
0.3296434283256531,0.27179908752441406,0.18538804352283478,0.0985039547085762,0.12286432087421417,0.09682498872280121,0.3447452485561371,0.16021312773227692,0.45595502853393555,0.34119826555252075,0.30739837884902954
0.3273535668849945,0.2010708600282669,0.24481984972953796,0.25637397170066833,0.13125842809677124,0.1718423217535019,0.42755794525146484,0.23968550562858582,0.3316435217857361,0.3567908704280853,0.18126758933067322
0.18055720627307892,0.16735677421092987,0.1413351148366928,0.06810017675161362,0.09558767825365067,0.057151734828948975,0.24523915350437164,0.13790227472782135,0.7035658359527588,0.3428325951099396,0.3196451663970947
0.34608715772628784,0.1325707733631134,0.280830442905426,0.010834755375981331,0.11874029040336609,0.08508842438459396,0.23180918395519257,0.0858767107129097,0.3880573809146881,0.38019582629203796,0.5356135368347168
0.22639840841293335,0.21236787736415863,0.20869845151901245,0.00835367664694786,0.18499994277954102,0.1374153047800064,0.3171810209751129,0.09826382994651794,0.4744618237018585,0.3061522841453552,0.32344573736190796
0.2343294471502304,0.10154387354850769,0.15604917705059052,0.1251225769519806,0.11138876527547836,0.09683700650930405,0.2627688944339752,0.167013481259346,0.4692341387271881,0.23018310964107513,0.21102005243301392
0.21568457782268524,0.12004894018173218,0.17081397771835327,0.07968941330909729,0.10948941111564636,0.09689885377883911,0.29439544677734375,0.1475186049938202,0.6192784309387207,0.3205665051937103,0.27954092621803284
0.4099540710449219,0.18618564307689667,0.2337639033794403,0.01578892581164837,0.07845485955476761,0.064991295337677,0.1996639519929886,0.08745792508125305,0.2809695601463318,0.23862841725349426,0.5637755990028381
0.40274885296821594,0.23582704365253448,0.26593106985092163,0.25817379355430603,0.12508895993232727,0.16628813743591309,0.4348212480545044,0.24946370720863342,0.2724798619747162,0.4269063174724579,0.1849878877401352
0.29593104124069214,0.10634318739175797,0.2034408450126648,0.21189434826374054,0.12302712351083755,0.12226363271474838,0.32972103357315063,0.21069179475307465,0.27898386120796204,0.22749130427837372,0.16470500826835632
0.21260467171669006,0.14422455430030823,0.20550291240215302,0.00933642778545618,0.06373598426580429,0.09255657345056534,0.19229674339294434,0.03346344828605652,0.4399452805519104,0.3007415235042572,0.7858437299728394
0.2402673065662384,0.31601759791374207,0.12242115288972855,0.08270100504159927,0.10434070229530334,0.049281902611255646,0.2463548630475998,0.14005303382873535,0.5457899570465088,0.29949405789375305,0.3201340138912201
0.3637975752353668,0.14505033195018768,0.2503189444541931,0.009153980761766434,0.08019554615020752,0.0830717459321022,0.1996067464351654,0.06365875899791718,0.2782706022262573,0.26974156498908997,0.662404477596283
0.32554614543914795,0.24724788963794708,0.18685981631278992,0.054780688136816025,0.0963820293545723,0.07903368771076202,0.2625780403614044,0.11453423649072647,0.391487181186676,0.25815361738204956,0.43700289726257324
0.3293931186199188,0.1270376443862915,0.22544895112514496,0.014854690991342068,0.08525912463665009,0.06751437485218048,0.19127680361270905,0.08074288815259933,0.373140811920166,0.3700791895389557,0.5592698454856873
0.2624830901622772,0.1784645915031433,0.1907399445772171,0.167026549577713,0.08911454677581787,0.16935670375823975,0.32238131761550903,0.15432272851467133,0.4109577536582947,0.24958114326000214,0.4518027603626251
0.28683069348335266,0.2383269965648651,0.20476344227790833,0.18385256826877594,0.11918974667787552,0.19464221596717834,0.44079917669296265,0.19685858488082886,0.3856041729450226,0.3133384585380554,0.22024165093898773
0.3349052667617798,0.2280968874692917,0.18809190392494202,0.06949649006128311,0.1329209804534912,0.052425798028707504,0.2743384838104248,0.1557750701904297,0.41102445125579834,0.2855592966079712,0.22302593290805817
0.3271615505218506,0.10828544199466705,0.23370280861854553,0.010556251741945744,0.0942821353673935,0.07342541217803955,0.2081356942653656,0.08662678301334381,0.3713383376598358,0.3080020844936371,0.47414520382881165
0.23571905493736267,0.1534402221441269,0.2238921821117401,0.11115145683288574,0.12251326441764832,0.15739329159259796,0.41532161831855774,0.17209358513355255,0.689579963684082,0.439570814371109,0.292167991399765
0.2578184902667999,0.2263863980770111,0.1853443682193756,0.009683685377240181,0.1514967828989029,0.15536199510097504,0.3624507784843445,0.1151915118098259,0.4006141424179077,0.2712152898311615,0.234365776181221
0.2253483235836029,0.22783438861370087,0.15899667143821716,0.06298073381185532,0.08337105810642242,0.0859716534614563,0.24360834062099457,0.09757540374994278,0.4942777454853058,0.25208809971809387,0.5230196118354797
0.24340616166591644,0.2108967900276184,0.1894640475511551,0.13603916764259338,0.11957263946533203,0.15559227764606476,0.40220680832862854,0.17559389770030975,0.4163288176059723,0.27859988808631897,0.19013157486915588
0.2813435196876526,0.25969645380973816,0.19329513609409332,0.11529366672039032,0.07793094962835312,0.12279253453016281,0.28801944851875305,0.11742182075977325,0.4058184027671814,0.23461489379405975,0.5637879967689514
0.40931057929992676,0.3235647678375244,0.22618666291236877,0.07310772687196732,0.09575746953487396,0.06020753085613251,0.2580054998397827,0.12419280409812927,0.3428002893924713,0.28500884771347046,0.5202161073684692
0.2106127291917801,0.11027827113866806,0.19653499126434326,0.010042679496109486,0.08251418173313141,0.16468249261379242,0.29060134291648865,0.07035975158214569,0.5268937945365906,0.362087607383728,0.5417557954788208
0.22920681536197662,0.12479527294635773,0.2055281549692154,0.03542991355061531,0.07109631597995758,0.0772663801908493,0.20407763123512268,0.07103461027145386,0.4762347936630249,0.2901533246040344,0.6002002358436584
0.2353479564189911,0.22906053066253662,0.206446573138237,0.10019342601299286,0.14287778735160828,0.18371737003326416,0.4461371600627899,0.1597428321838379,0.4481942057609558,0.3035695254802704,0.20864982903003693
0.22134548425674438,0.15058128535747528,0.20267701148986816,0.00816674716770649,0.06715410202741623,0.07724937051534653,0.18693770468235016,0.04462394118309021,0.4496234655380249,0.22905361652374268,0.7053759098052979
0.29807692766189575,0.17913562059402466,0.1959601491689682,0.0662512481212616,0.08669568598270416,0.08167603611946106,0.23032885789871216,0.1066732332110405,0.3960915803909302,0.25349733233451843,0.4919898211956024
0.3377950191497803,0.12230657786130905,0.217681884765625,0.012715172953903675,0.12102818489074707,0.10196536779403687,0.29206714034080505,0.12114100903272629,0.49490973353385925,0.40589019656181335,0.31481894850730896
0.25467756390571594,0.11993635445833206,0.2089594155550003,0.010743278078734875,0.11327189952135086,0.08391038328409195,0.24530868232250214,0.1034398302435875,0.572978138923645,0.40228453278541565,0.372017502784729
0.2516828179359436,0.1786441206932068,0.2387407422065735,0.012101983651518822,0.06685826182365417,0.11071334779262543,0.2110849767923355,0.04480331391096115,0.445496529340744,0.3376413583755493,0.7728150486946106
0.34719493985176086,0.17017503082752228,0.24927674233913422,0.010710318572819233,0.09976991266012192,0.06700960546731949,0.20609290897846222,0.08231417089700699,0.3660210371017456,0.3124522268772125,0.5695423483848572
0.23889587819576263,0.2040654420852661,0.18085919320583344,0.19388994574546814,0.1195962205529213,0.1630331128835678,0.40484559535980225,0.2032429426908493,0.4436933696269989,0.30827993154525757,0.1862190216779709
0.27582108974456787,0.2210695594549179,0.23349279165267944,0.11836148053407669,0.14728949964046478,0.18204188346862793,0.42583101987838745,0.17058101296424866,0.3909934163093567,0.3035750091075897,0.19179831445217133
0.2984749674797058,0.10210977494716644,0.21251849830150604,0.013077051378786564,0.07130465656518936,0.08309444785118103,0.18653175234794617,0.057160407304763794,0.3375806510448456,0.34517940878868103,0.6649535298347473
0.19242528080940247,0.3398597836494446,0.06972301751375198,0.03128490597009659,0.09953262656927109,0.04808986186981201,0.22806690633296967,0.12140937894582748,0.5584475994110107,0.212398961186409,0.233636736869812
0.36821097135543823,0.21459859609603882,0.23359286785125732,0.2825852930545807,0.1516353040933609,0.1611860990524292,0.4027960002422333,0.2600944936275482,0.34103912115097046,0.42319753766059875,0.20744022727012634
0.25326913595199585,0.28653544187545776,0.16303423047065735,0.03252336010336876,0.06319961696863174,0.0529845654964447,0.1872229427099228,0.045187387615442276,0.42381787300109863,0.3000163733959198,0.8093801140785217
0.38883280754089355,0.17815850675106049,0.2797445058822632,0.030965594574809074,0.11258748918771744,0.08910892903804779,0.26341646909713745,0.10119525343179703,0.37409356236457825,0.40822580456733704,0.5606544613838196
0.15958662331104279,0.08521905541419983,0.20375114679336548,0.009197143837809563,0.07551401853561401,0.11359833180904388,0.20223739743232727,0.05754103884100914,0.6000469326972961,0.383245050907135,0.6089354157447815
0.3586611747741699,0.28180545568466187,0.30604466795921326,0.171481654047966,0.19664517045021057,0.17082567512989044,0.39263805747032166,0.20254625380039215,0.24368101358413696,0.3125337064266205,0.15137426555156708
0.23121938109397888,0.13990838825702667,0.17771367728710175,0.01047531794756651,0.09018553793430328,0.11452546715736389,0.25957703590393066,0.08354957401752472,0.5038550496101379,0.2874736487865448,0.45590680837631226
0.20551931858062744,0.10757073014974594,0.19561432301998138,0.008625277318060398,0.07564819604158401,0.051230981945991516,0.15961414575576782,0.06666720658540726,0.5213110446929932,0.27787327766418457,0.5491467118263245
0.3702849745750427,0.2376481145620346,0.24571262300014496,0.11537276208400726,0.11401437222957611,0.18764778971672058,0.43914794921875,0.16735483705997467,0.4066815972328186,0.3410761058330536,0.3472827076911926
0.33685094118118286,0.22033441066741943,0.20939187705516815,0.012412520125508308,0.1179678812623024,0.07556992769241333,0.25959980487823486,0.10375667363405228,0.4187237024307251,0.2854885160923004,0.42401769757270813
0.3111552894115448,0.14387303590774536,0.22516107559204102,0.18962016701698303,0.12635521590709686,0.17506299912929535,0.39594653248786926,0.21383589506149292,0.48302268981933594,0.3787568509578705,0.2080334573984146
0.341890811920166,0.1598162204027176,0.2427104115486145,0.1926959902048111,0.12640799582004547,0.1803123652935028,0.4167799651622772,0.2154827117919922,0.3903539776802063,0.3550356328487396,0.1857132911682129
0.3753918409347534,0.2036622017621994,0.28374233841896057,0.18115556240081787,0.11650864779949188,0.1850634664297104,0.413636714220047,0.21061865985393524,0.3076249659061432,0.31798848509788513,0.1597232073545456
0.20867052674293518,0.22452783584594727,0.19822140038013458,0.020889630541205406,0.06767960637807846,0.14086708426475525,0.26750388741493225,0.0511767603456974,0.5379607081413269,0.3316272795200348,0.7536725401878357
0.2999087870121002,0.269012451171875,0.23186427354812622,0.020942481234669685,0.12224509567022324,0.1923784613609314,0.4357384443283081,0.10438328981399536,0.48494088649749756,0.3594415783882141,0.49180421233177185
0.2754332423210144,0.23912915587425232,0.19173087179660797,0.16861844062805176,0.12422381341457367,0.1134236678481102,0.35112544894218445,0.1934908777475357,0.3740091025829315,0.2618098556995392,0.1733863651752472
0.24494041502475739,0.26300865411758423,0.18556201457977295,0.06126413121819496,0.0645613744854927,0.09425898641347885,0.23256412148475647,0.06439610570669174,0.4317181706428528,0.24926601350307465,0.7334783673286438
0.20825296640396118,0.24922272562980652,0.19700902700424194,0.025050371885299683,0.06845632195472717,0.17441728711128235,0.3277333676815033,0.05470242351293564,0.5437003970146179,0.3168628513813019,0.7455340623855591
0.322435200214386,0.2720853388309479,0.2004096508026123,0.13379323482513428,0.06668689101934433,0.06257470697164536,0.20601800084114075,0.11204104870557785,0.3507198095321655,0.2834388017654419,0.670612096786499
0.19453908503055573,0.21929802000522614,0.17230063676834106,0.012113308534026146,0.0690447986125946,0.05248921737074852,0.17777180671691895,0.05883096531033516,0.560429573059082,0.24885457754135132,0.6531324982643127
0.22878387570381165,0.12153102457523346,0.21681584417819977,0.014117944985628128,0.07800938934087753,0.18231533467769623,0.31239622831344604,0.06404738873243332,0.5018958449363708,0.4215988516807556,0.6343741416931152
0.25428110361099243,0.17433933913707733,0.20497141778469086,0.011884829960763454,0.07194966822862625,0.18898074328899384,0.3063405752182007,0.05005350708961487,0.41864490509033203,0.2889620363712311,0.7156307101249695
0.3196360170841217,0.12888509035110474,0.21740663051605225,0.1365029662847519,0.12129008024930954,0.14555343985557556,0.35012760758399963,0.17947684228420258,0.4004766047000885,0.32418957352638245,0.24160072207450867
0.27310439944267273,0.18425527215003967,0.1791996955871582,0.1493968665599823,0.08635330945253372,0.11636967957019806,0.2672220468521118,0.1487271636724472,0.40373656153678894,0.23349571228027344,0.4289454221725464
0.29656150937080383,0.22172565758228302,0.20207373797893524,0.09691854566335678,0.13237634301185608,0.15017741918563843,0.3896045684814453,0.15886005759239197,0.3947756886482239,0.28084540367126465,0.23049421608448029
0.3476315140724182,0.13749076426029205,0.23920710384845734,0.0114212641492486,0.08797967433929443,0.09844861179590225,0.22904689610004425,0.07678448408842087,0.3368234634399414,0.3154057264328003,0.5828918814659119
0.27202388644218445,0.20763972401618958,0.20485460758209229,0.01315858494490385,0.10903189331293106,0.06946561485528946,0.2336982935667038,0.09242121875286102,0.5175506472587585,0.3416711390018463,0.4886951744556427
0.3657843768596649,0.24938932061195374,0.2583043873310089,0.22111529111862183,0.12379541248083115,0.17128577828407288,0.42515480518341064,0.22532807290554047,0.2878102958202362,0.34918227791786194,0.18217547237873077
0.3619705140590668,0.1902189999818802,0.20901192724704742,0.08315731585025787,0.11035705357789993,0.08704692125320435,0.2981265187263489,0.14850449562072754,0.41078412532806396,0.3078673481941223,0.33774787187576294
0.4316532611846924,0.1637295037508011,0.25171348452568054,0.12688374519348145,0.07161743193864822,0.08535287529230118,0.23102645576000214,0.14814698696136475,0.21870392560958862,0.17608416080474854,0.4305933117866516
0.34257641434669495,0.13661296665668488,0.27540478110313416,0.20427986979484558,0.13368596136569977,0.14758579432964325,0.3788462281227112,0.21445606648921967,0.24280144274234772,0.24312998354434967,0.1430995762348175
0.3166193962097168,0.1065637618303299,0.19124621152877808,0.025307392701506615,0.08985020220279694,0.07156671583652496,0.21228399872779846,0.09978996962308884,0.38148075342178345,0.2757202684879303,0.40870729088783264
0.3237377405166626,0.133765310049057,0.24787871539592743,0.2038709670305252,0.12982895970344543,0.1481200009584427,0.3709128201007843,0.2122194766998291,0.2655145227909088,0.24236507713794708,0.15286502242088318
0.3430800139904022,0.24256014823913574,0.2351481318473816,0.06063398718833923,0.0717453882098198,0.08853291720151901,0.24728746712207794,0.08444079011678696,0.3752334713935852,0.3361203372478485,0.6997193694114685
0.2172897458076477,0.3587545156478882,0.09906401485204697,0.017717270180583,0.10949639230966568,0.04134588688611984,0.21875637769699097,0.10433351993560791,0.5788097977638245,0.2834395468235016,0.3740016520023346
0.3001019060611725,0.1442335546016693,0.20128881931304932,0.08988112956285477,0.091176338493824,0.06950727105140686,0.22942645847797394,0.12760141491889954,0.4069385528564453,0.2728129029273987,0.41341787576675415
0.2741185128688812,0.2610219419002533,0.20597083866596222,0.09060408920049667,0.062069304287433624,0.07025736570358276,0.2094154804944992,0.08052370697259903,0.4360288381576538,0.3872658610343933,0.756089448928833
0.23324079811573029,0.11182694882154465,0.2173229306936264,0.008516263216733932,0.0708213746547699,0.08122154325246811,0.183283731341362,0.05183512344956398,0.4397871196269989,0.2778065502643585,0.6590100526809692
0.33248037099838257,0.16217929124832153,0.19851452112197876,0.2845136523246765,0.1327376812696457,0.13456253707408905,0.3637947142124176,0.25596463680267334,0.32098388671875,0.30776071548461914,0.16323643922805786
0.35956597328186035,0.18038620054721832,0.24902386963367462,0.13871228694915771,0.10515498369932175,0.1649087816476822,0.38735678791999817,0.17158225178718567,0.4263671338558197,0.3818930387496948,0.38275042176246643
0.35743799805641174,0.30683910846710205,0.32358670234680176,0.22107841074466705,0.08180230110883713,0.14525693655014038,0.36590948700904846,0.18322084844112396,0.4541773498058319,0.3931443691253662,0.6271849870681763
0.232001394033432,0.17022982239723206,0.1480952799320221,0.1659366488456726,0.1166834831237793,0.11015316098928452,0.30856582522392273,0.1875133216381073,0.507570743560791,0.27572008967399597,0.22066108882427216
0.22236013412475586,0.20582352578639984,0.1867539882659912,0.01675725355744362,0.06877017766237259,0.08335398882627487,0.204130619764328,0.04628530889749527,0.4690348207950592,0.2745892405509949,0.7458713054656982
0.28769561648368835,0.2179870903491974,0.22107183933258057,0.1830424815416336,0.12278582900762558,0.1632428616285324,0.4119166135787964,0.20049001276493073,0.3563154935836792,0.3096003532409668,0.1791067123413086
0.3654404580593109,0.12398765981197357,0.2495621293783188,0.011924193240702152,0.09517375379800797,0.06478691101074219,0.19468095898628235,0.08828067779541016,0.3427564799785614,0.3655044138431549,0.5223074555397034
0.23671308159828186,0.1652703732252121,0.17234262824058533,0.11266348510980606,0.11728990077972412,0.14203046262264252,0.36709144711494446,0.16403701901435852,0.4736838638782501,0.2737838625907898,0.21571676433086395
0.18819572031497955,0.28009408712387085,0.1700097918510437,0.0452895350754261,0.06515296548604965,0.07199282944202423,0.22108687460422516,0.06294134259223938,0.5816009044647217,0.3289045989513397,0.7286778092384338
0.34053149819374084,0.1825317144393921,0.2306390404701233,0.09651529043912888,0.10745658725500107,0.16958990693092346,0.3878025412559509,0.1476270705461502,0.4324318468570709,0.3569324016571045,0.40360209345817566
0.29625144600868225,0.2967199981212616,0.15503263473510742,0.021462397649884224,0.06710609048604965,0.06529165804386139,0.20363672077655792,0.038591597229242325,0.3309711217880249,0.2426460087299347,0.8294915556907654
0.34096667170524597,0.126898854970932,0.2476138025522232,0.22971883416175842,0.13389040529727936,0.1749817281961441,0.38432905077934265,0.23999077081680298,0.44932353496551514,0.4061713218688965,0.17105147242546082
0.39101076126098633,0.13027547299861908,0.2501412332057953,0.012764009647071362,0.11554409563541412,0.06938622891902924,0.23437818884849548,0.11215319484472275,0.39016422629356384,0.38900935649871826,0.3969708979129791
0.2524733543395996,0.1433994621038437,0.18169546127319336,0.010331581346690655,0.12833571434020996,0.10429305583238602,0.3031911253929138,0.12032639235258102,0.4956463873386383,0.3005846440792084,0.2227029949426651
0.22326666116714478,0.2703728675842285,0.153823584318161,0.00890994630753994,0.15205053985118866,0.07853621244430542,0.27847999334335327,0.11155456304550171,0.5154508352279663,0.2800511121749878,0.2515285015106201
0.29921233654022217,0.23635801672935486,0.2451518476009369,0.23559142649173737,0.13311472535133362,0.1521577090024948,0.4257417619228363,0.22668758034706116,0.31375718116760254,0.3428833782672882,0.1585376262664795
0.1938224881887436,0.19532349705696106,0.16262152791023254,0.053468089550733566,0.09499596804380417,0.158033087849617,0.37908077239990234,0.10884620994329453,0.5743678212165833,0.30147984623908997,0.43293651938438416
0.2602061629295349,0.19403274357318878,0.2200668305158615,0.013524612411856651,0.08955316990613937,0.05896088108420372,0.18845151364803314,0.07347273081541061,0.506210446357727,0.3921871483325958,0.6232300400733948
0.27807965874671936,0.3056783974170685,0.17967571318149567,0.03914542496204376,0.06987525522708893,0.09181377291679382,0.2316424548625946,0.05610145255923271,0.4024907946586609,0.2586289942264557,0.7750343680381775
0.3266623914241791,0.28218042850494385,0.26398804783821106,0.028787005692720413,0.14628562331199646,0.06484271585941315,0.302432656288147,0.10659528523683548,0.5421029329299927,0.4389592409133911,0.5745405554771423
0.23281393945217133,0.24270124733448029,0.1687944084405899,0.010065245442092419,0.150190070271492,0.08673427253961563,0.30039820075035095,0.1186237633228302,0.5126671195030212,0.30806806683540344,0.22789153456687927
0.295319527387619,0.22066932916641235,0.18920870125293732,0.12030477076768875,0.12968826293945312,0.060768719762563705,0.2798154056072235,0.17121334373950958,0.3351198434829712,0.22447212040424347,0.1722286343574524
0.21318945288658142,0.21610264480113983,0.1859137862920761,0.017938924953341484,0.07452403008937836,0.10340789705514908,0.2435712069272995,0.06193069368600845,0.5526944398880005,0.3373368978500366,0.6758652925491333
0.21647146344184875,0.1315528154373169,0.21082434058189392,0.021443091332912445,0.08235275745391846,0.08931146562099457,0.22626237571239471,0.07981133460998535,0.579319179058075,0.4195687472820282,0.5587325692176819
0.2637200355529785,0.20544995367527008,0.2008770853281021,0.13841044902801514,0.12110771983861923,0.12954965233802795,0.37663155794143677,0.17770005762577057,0.3840697407722473,0.2807392477989197,0.18176531791687012
0.19909170269966125,0.10292236506938934,0.139473095536232,0.08390028774738312,0.09889016300439835,0.08271640539169312,0.24002432823181152,0.13976341485977173,0.5193658471107483,0.19740235805511475,0.24255234003067017
0.40002429485321045,0.3276425004005432,0.22083957493305206,0.2677181661128998,0.10647160559892654,0.10588234663009644,0.328828901052475,0.2331223040819168,0.34827136993408203,0.31578296422958374,0.43368759751319885
0.37621912360191345,0.2117607146501541,0.23651430010795593,0.1542237251996994,0.11559686809778214,0.16634933650493622,0.39909589290618896,0.19132770597934723,0.36264780163764954,0.3170474171638489,0.2583824694156647
0.2614282965660095,0.14471684396266937,0.18451927602291107,0.16956646740436554,0.10739368200302124,0.16074898838996887,0.3387959599494934,0.1784237027168274,0.4202498197555542,0.25505727529525757,0.2917618751525879
0.27378952503204346,0.23096881806850433,0.19753791391849518,0.11398570984601974,0.12744350731372833,0.12487034499645233,0.39281025528907776,0.17232078313827515,0.565191388130188,0.41242122650146484,0.2719123661518097
0.3028213381767273,0.2522951662540436,0.20786406099796295,0.08521565794944763,0.07725327461957932,0.09458648413419724,0.2556954622268677,0.09650029242038727,0.38857853412628174,0.2756218910217285,0.6413367986679077
0.3593204915523529,0.16916640102863312,0.21961377561092377,0.0682230293750763,0.13385316729545593,0.057365067303180695,0.27726319432258606,0.1572190225124359,0.49880388379096985,0.4458564519882202,0.2947883605957031
0.44211703538894653,0.20760522782802582,0.2399715632200241,0.01390068605542183,0.13037243485450745,0.06211892515420914,0.27125656604766846,0.1412864476442337,0.38561543822288513,0.33432936668395996,0.2710021734237671
0.3233260214328766,0.12471920996904373,0.20533914864063263,0.010033777914941311,0.10364674776792526,0.18329520523548126,0.35090866684913635,0.09929172694683075,0.38338950276374817,0.3338552713394165,0.38598453998565674
0.3029998242855072,0.18388833105564117,0.20664119720458984,0.008524165488779545,0.07506190240383148,0.041415147483348846,0.15310703217983246,0.05806972458958626,0.3436870872974396,0.24474649131298065,0.6668986678123474
0.2968580722808838,0.13729676604270935,0.23798541724681854,0.18737931549549103,0.11603324115276337,0.19939753413200378,0.4032494127750397,0.19555045664310455,0.4899909198284149,0.407351553440094,0.3207422196865082
0.24944144487380981,0.2945210337638855,0.14917030930519104,0.08933497965335846,0.09338734298944473,0.08470731228590012,0.273255854845047,0.11993518471717834,0.47908392548561096,0.2780987620353699,0.47012075781822205
0.26486507058143616,0.18982669711112976,0.16951324045658112,0.0273093543946743,0.12770017981529236,0.09492490440607071,0.3184356093406677,0.12941309809684753,0.460698664188385,0.2722468078136444,0.2303762137889862
0.3405930995941162,0.23439908027648926,0.24882017076015472,0.20778809487819672,0.12957879900932312,0.16098114848136902,0.4119584858417511,0.215377077460289,0.2940281927585602,0.32311925292015076,0.17994292080402374
0.23981612920761108,0.2545558214187622,0.17731784284114838,0.19385160505771637,0.11882039159536362,0.17386186122894287,0.42810726165771484,0.2015426754951477,0.4196223020553589,0.30364540219306946,0.18512992560863495
0.20087473094463348,0.1614675372838974,0.1865967959165573,0.011072074063122272,0.08554526418447495,0.18190108239650726,0.3531503975391388,0.07571468502283096,0.5664730668067932,0.3530590832233429,0.5361180305480957
0.22394195199012756,0.1652543842792511,0.1772157996892929,0.0124965850263834,0.1330932378768921,0.126355841755867,0.34508365392684937,0.11926241219043732,0.5408003330230713,0.3396585285663605,0.24504591524600983
0.19770407676696777,0.15650591254234314,0.14891818165779114,0.23900333046913147,0.11227766424417496,0.14141398668289185,0.3308805227279663,0.22067129611968994,0.4609341621398926,0.27049514651298523,0.15967342257499695
0.3130836486816406,0.17447315156459808,0.2048240453004837,0.014427210204303265,0.1122656837105751,0.07154636830091476,0.25336313247680664,0.1109113022685051,0.4925319254398346,0.3585965633392334,0.38368460536003113
0.19526974856853485,0.22762475907802582,0.23373831808567047,0.008204318583011627,0.2690173387527466,0.18151812255382538,0.3479194641113281,0.10535744577646255,0.3959016799926758,0.2507362961769104,0.24412693083286285
0.36606210470199585,0.21785518527030945,0.2258269339799881,0.10498793423175812,0.06961310654878616,0.11480482667684555,0.27050212025642395,0.11763237416744232,0.2904531955718994,0.19340740144252777,0.5544045567512512
0.29018664360046387,0.1963513046503067,0.22862417995929718,0.21971330046653748,0.12365932017564774,0.17035600543022156,0.4276876449584961,0.21686488389968872,0.3440321981906891,0.32718679308891296,0.17755748331546783
0.3835279941558838,0.21961387991905212,0.223798006772995,0.08287131041288376,0.10402078926563263,0.09655161947011948,0.2923599183559418,0.14115308225154877,0.379911333322525,0.3066675662994385,0.4167533814907074
0.3715333640575409,0.16595634818077087,0.22579967975616455,0.013863272964954376,0.12578149139881134,0.0686073899269104,0.2599516808986664,0.12531635165214539,0.45706605911254883,0.3883160352706909,0.3323712944984436
0.28923919796943665,0.23666322231292725,0.20214731991291046,0.1472315490245819,0.07681430876255035,0.1525813788175583,0.30460959672927856,0.1299716979265213,0.3674442172050476,0.21530552208423615,0.5678317546844482
0.23825736343860626,0.21567381918430328,0.17330917716026306,0.011282633990049362,0.14541450142860413,0.11373969912528992,0.33534708619117737,0.11946969479322433,0.5158047080039978,0.3292560875415802,0.24414221942424774
0.25294938683509827,0.2927953004837036,0.1423114836215973,0.00822482816874981,0.14469940960407257,0.045968879014253616,0.22623597085475922,0.11654433608055115,0.41635608673095703,0.2081628441810608,0.1994788497686386
0.21768872439861298,0.26977086067199707,0.1975528448820114,0.011404545977711678,0.22414781153202057,0.11850027740001678,0.3230524957180023,0.11583857983350754,0.43148502707481384,0.24551095068454742,0.22534891963005066
0.2344663292169571,0.31272435188293457,0.12860122323036194,0.05344347283244133,0.1333654522895813,0.061444010585546494,0.29508066177368164,0.1393507868051529,0.4989238381385803,0.26160728931427,0.21636460721492767
0.24981354176998138,0.17264975607395172,0.19000962376594543,0.01343216747045517,0.0748724415898323,0.08397508412599564,0.208465114235878,0.061921656131744385,0.4265744388103485,0.22405917942523956,0.6149889230728149
0.3594750165939331,0.17656256258487701,0.21590152382850647,0.024528201669454575,0.13428902626037598,0.1038525253534317,0.33778372406959534,0.13762803375720978,0.45057323575019836,0.3641926348209381,0.2845366299152374
0.28713297843933105,0.12584559619426727,0.21193231642246246,0.04632009565830231,0.09201657772064209,0.1061733216047287,0.25726690888404846,0.1051589846611023,0.45081669092178345,0.3393666446208954,0.4593571722507477
0.17054235935211182,0.21787574887275696,0.17134733498096466,0.010538722388446331,0.06356631964445114,0.11692174524068832,0.23399074375629425,0.04453045874834061,0.5846264958381653,0.19591717422008514,0.7222109436988831
0.4110894799232483,0.1893235743045807,0.23663762211799622,0.006415038835257292,0.06653359532356262,0.1416550874710083,0.28528425097465515,0.07262039184570312,0.23320573568344116,0.16208694875240326,0.6141380667686462
0.19375909864902496,0.2549547255039215,0.1738690584897995,0.019826477393507957,0.06474354863166809,0.09647635370492935,0.22077128291130066,0.04298730939626694,0.542136549949646,0.31343552470207214,0.7928839325904846
0.29700982570648193,0.17037388682365417,0.19454625248908997,0.008915896527469158,0.07425826787948608,0.05820909142494202,0.17651332914829254,0.06463675200939178,0.35979294776916504,0.21857580542564392,0.6126123666763306
0.2193130999803543,0.2317526489496231,0.18959353864192963,0.017912425100803375,0.07093612849712372,0.07208307832479477,0.19779901206493378,0.05046264827251434,0.5027169585227966,0.32039549946784973,0.7452654242515564
0.42863717675209045,0.2876613736152649,0.281122624874115,0.228958398103714,0.1311856061220169,0.15349620580673218,0.4281243085861206,0.24253973364830017,0.2762235999107361,0.4500984847545624,0.17817483842372894
0.26224881410598755,0.28305113315582275,0.19052521884441376,0.05435832962393761,0.06755105406045914,0.10847988724708557,0.25361180305480957,0.06606349349021912,0.4333766996860504,0.26519083976745605,0.7398077845573425
0.26378530263900757,0.2301858365535736,0.22164206206798553,0.13293567299842834,0.13326306641101837,0.17707793414592743,0.4353240430355072,0.17733678221702576,0.41180717945098877,0.31980523467063904,0.19095277786254883
0.2814089059829712,0.1419907808303833,0.18955035507678986,0.10762336105108261,0.09417544305324554,0.08295933902263641,0.2419966757297516,0.1385674923658371,0.4281359016895294,0.2685088515281677,0.38401123881340027
0.32587549090385437,0.20359502732753754,0.22036917507648468,0.16812016069889069,0.12038196623325348,0.176642045378685,0.4116899073123932,0.1950308084487915,0.3930039405822754,0.3376062512397766,0.23505300283432007
0.5149619579315186,0.24957378208637238,0.2876838445663452,0.1714257001876831,0.10899101942777634,0.1176278218626976,0.3709249794483185,0.2167624980211258,0.3004516065120697,0.4024932384490967,0.3068356513977051
0.3399924337863922,0.24987144768238068,0.23159745335578918,0.14476722478866577,0.1329226940870285,0.17617107927799225,0.4182352125644684,0.18463732302188873,0.36164411902427673,0.32619112730026245,0.2389177829027176
0.3775731027126312,0.20120830833911896,0.24786299467086792,0.11066499352455139,0.11001595854759216,0.1833251714706421,0.416875958442688,0.1652604043483734,0.3916741907596588,0.3305761516094208,0.3380981683731079
0.4590679407119751,0.15107017755508423,0.2564857602119446,0.008758943527936935,0.07408509403467178,0.07379673421382904,0.19624611735343933,0.08836516737937927,0.19915372133255005,0.20381660759449005,0.5390583276748657
0.28229331970214844,0.28967493772506714,0.21131284534931183,0.03578615188598633,0.07330290973186493,0.07321333140134811,0.21854452788829803,0.06477928161621094,0.46296554803848267,0.3621869683265686,0.7563480734825134
0.31370991468429565,0.14343826472759247,0.18976673483848572,0.012217181734740734,0.11031067371368408,0.13543476164340973,0.3138580918312073,0.10881702601909637,0.4130711257457733,0.3065316379070282,0.32799476385116577
0.2698401212692261,0.23946136236190796,0.21960006654262543,0.11433899402618408,0.14317305386066437,0.17825911939144135,0.42958319187164307,0.16651295125484467,0.40086209774017334,0.301331102848053,0.2107391655445099
0.2304975539445877,0.26558762788772583,0.21364741027355194,0.05543561652302742,0.22748154401779175,0.169016495347023,0.41783666610717773,0.1403038203716278,0.42874211072921753,0.30302533507347107,0.23297296464443207
0.39317023754119873,0.3406238257884979,0.28856101632118225,0.17155064642429352,0.29484474658966064,0.1063309982419014,0.3931952118873596,0.20923055708408356,0.2296767383813858,0.333300918340683,0.1836274415254593
0.19123190641403198,0.2659156024456024,0.17703934013843536,0.006824443582445383,0.10105733573436737,0.054860517382621765,0.1834961175918579,0.06286325305700302,0.5325878262519836,0.19119925796985626,0.5844153165817261
0.3246556520462036,0.21191485226154327,0.19157788157463074,0.0712851881980896,0.10934461653232574,0.11200147867202759,0.33157649636268616,0.13774065673351288,0.43333855271339417,0.2937380373477936,0.3525180220603943
0.300886332988739,0.23809358477592468,0.20615118741989136,0.12212266772985458,0.13131126761436462,0.10203506797552109,0.3404396176338196,0.16720548272132874,0.41182616353034973,0.32439085841178894,0.2730318605899811
0.2852998971939087,0.17785108089447021,0.1885654479265213,0.24861574172973633,0.12409516423940659,0.17117254436016083,0.3753513991832733,0.23708856105804443,0.5000516176223755,0.36905017495155334,0.2157568782567978
0.27819910645484924,0.13863280415534973,0.20138098299503326,0.10558273643255234,0.12173429876565933,0.16554103791713715,0.39280468225479126,0.16634653508663177,0.5093473196029663,0.3450564444065094,0.25280383229255676
0.2939252555370331,0.18191035091876984,0.18612420558929443,0.03811473026871681,0.12462006509304047,0.06681443005800247,0.29131582379341125,0.13423897325992584,0.571004331111908,0.41575753688812256,0.3287477493286133
0.316495418548584,0.1853352189064026,0.20979592204093933,0.16020165383815765,0.12034931033849716,0.1981615126132965,0.42392435669898987,0.18643826246261597,0.38714373111724854,0.3048402667045593,0.2515229880809784
0.3137684762477875,0.26249322295188904,0.18166165053844452,0.2787880003452301,0.1711478978395462,0.06606081128120422,0.3052940368652344,0.24594353139400482,0.28343096375465393,0.27350088953971863,0.16934709250926971
0.48787108063697815,0.1829424798488617,0.2599172592163086,0.022768869996070862,0.13345813751220703,0.06124070659279823,0.2879467010498047,0.1544288992881775,0.38251805305480957,0.4188113212585449,0.2898477017879486
0.2690514624118805,0.1143493726849556,0.18490031361579895,0.012298084795475006,0.10864947736263275,0.07447507977485657,0.24163947999477386,0.11452522873878479,0.5591244101524353,0.378526508808136,0.30185630917549133
0.3128487467765808,0.2079581767320633,0.21202804148197174,0.12097948044538498,0.1290559023618698,0.12665139138698578,0.3687451481819153,0.1744062602519989,0.4036347568035126,0.311095267534256,0.21549521386623383
0.40208640694618225,0.15988780558109283,0.2426968365907669,0.27869999408721924,0.13581964373588562,0.12296523153781891,0.36847060918807983,0.26800537109375,0.3504039943218231,0.41443657875061035,0.1740751713514328
0.29334384202957153,0.2759542465209961,0.2448137253522873,0.14975835382938385,0.21023797988891602,0.06647031009197235,0.3031277358531952,0.183600515127182,0.29098162055015564,0.23811718821525574,0.16011327505111694
0.30427026748657227,0.2168736457824707,0.19457575678825378,0.010211793705821037,0.10529577732086182,0.07841114699840546,0.2321152538061142,0.08848774433135986,0.39506828784942627,0.2310594618320465,0.4696175158023834
0.3480950891971588,0.25165191292762756,0.21684081852436066,0.010579055175185204,0.08869326859712601,0.06643562018871307,0.2158251255750656,0.07319929450750351,0.3424692749977112,0.2079060673713684,0.6322581768035889
0.39848512411117554,0.1143903061747551,0.22902171313762665,0.006011800840497017,0.06834515184164047,0.11030476540327072,0.2213718593120575,0.07439687848091125,0.20768816769123077,0.1920938789844513,0.5447092056274414
0.23103241622447968,0.32385724782943726,0.10479866713285446,0.007388278376311064,0.13026845455169678,0.06792804598808289,0.2486664354801178,0.10775745660066605,0.446707159280777,0.2000415027141571,0.24288184940814972
0.2543570399284363,0.21106557548046112,0.20539452135562897,0.132278710603714,0.11986169219017029,0.17700985074043274,0.4236413836479187,0.17417816817760468,0.3941013514995575,0.2726285457611084,0.18808245658874512
0.2648722529411316,0.0948680117726326,0.16784228384494781,0.11058638989925385,0.09949423372745514,0.06395822018384933,0.2117842584848404,0.14726708829402924,0.4397021532058716,0.23743465542793274,0.3014377951622009
0.2548128366470337,0.1506989598274231,0.24864985048770905,0.014234550297260284,0.08176647871732712,0.18807604908943176,0.36003756523132324,0.07109777629375458,0.5229709148406982,0.43793052434921265,0.6423250436782837
0.3541070222854614,0.2158500850200653,0.23238113522529602,0.13266941905021667,0.07863029837608337,0.16569431126117706,0.34268760681152344,0.13973253965377808,0.3072760999202728,0.2224825620651245,0.49521100521087646
0.272413045167923,0.11804769933223724,0.1763070970773697,0.06435421109199524,0.1067063957452774,0.1470881998538971,0.33343636989593506,0.13154824078083038,0.44066840410232544,0.26071897149086,0.3039203882217407
0.3172191083431244,0.23506160080432892,0.1743174046278,0.0620228610932827,0.11429756134748459,0.06609994918107986,0.26549285650253296,0.13790781795978546,0.38672733306884766,0.23612746596336365,0.27948006987571716
0.2600491940975189,0.17576587200164795,0.19074882566928864,0.011841620318591595,0.1218184307217598,0.15536409616470337,0.35031381249427795,0.10093013942241669,0.48384368419647217,0.344709575176239,0.3806362450122833
0.3139578104019165,0.2243024706840515,0.18273665010929108,0.26159781217575073,0.09239865839481354,0.13083404302597046,0.29566651582717896,0.20352284610271454,0.3524971604347229,0.23740999400615692,0.4891664385795593
0.24207855761051178,0.21994397044181824,0.182094007730484,0.017580671235919,0.06941764056682587,0.05698639526963234,0.18378181755542755,0.056152597069740295,0.471679151058197,0.29396331310272217,0.7058987617492676
0.2613314092159271,0.24762952327728271,0.18241778016090393,0.02891087345778942,0.07158822566270828,0.08039187639951706,0.21755282580852509,0.06134243309497833,0.42958059906959534,0.24308323860168457,0.6975018382072449
0.3000984191894531,0.16561639308929443,0.1902817189693451,0.17202672362327576,0.11413346976041794,0.13981738686561584,0.3292243778705597,0.18953385949134827,0.45880255103111267,0.34141263365745544,0.2941262125968933
0.3274326026439667,0.09310014545917511,0.23213030397891998,0.011009256355464458,0.09825862944126129,0.10419182479381561,0.2363189309835434,0.08852527290582657,0.3862166404724121,0.40171295404434204,0.47350892424583435
0.29549920558929443,0.19605620205402374,0.22162368893623352,0.13524620234966278,0.08782218396663666,0.11169672757387161,0.288753867149353,0.1440715789794922,0.46445319056510925,0.3715791404247284,0.4994261860847473
0.17320223152637482,0.20636746287345886,0.1801319271326065,0.008252395316958427,0.05746055766940117,0.06794169545173645,0.18062807619571686,0.034224215894937515,0.5443149209022522,0.22463493049144745,0.7745233178138733
0.17542049288749695,0.259481281042099,0.18132384121418,0.04889194294810295,0.0696544498205185,0.0797051191329956,0.25055432319641113,0.08086460083723068,0.6692559719085693,0.3843856751918793,0.6531691551208496
0.28453701734542847,0.2588786482810974,0.19333288073539734,0.12204993516206741,0.11656127125024796,0.17169559001922607,0.4346718490123749,0.1610168218612671,0.4854750335216522,0.35158881545066833,0.3444410562515259
0.22902417182922363,0.13194888830184937,0.21824854612350464,0.015034392476081848,0.077267125248909,0.1830812394618988,0.3210667371749878,0.06420321762561798,0.5119753479957581,0.4118487238883972,0.6468775868415833
0.34113502502441406,0.10876422375440598,0.22809651494026184,0.012821625918149948,0.10095592588186264,0.07685304433107376,0.22132623195648193,0.09838764369487762,0.4053354263305664,0.3862571120262146,0.4362845718860626
0.3102334141731262,0.2795671224594116,0.22723470628261566,0.15149405598640442,0.13479088246822357,0.18931083381175995,0.45902687311172485,0.1885514259338379,0.3870198428630829,0.3551297187805176,0.213368758559227
0.2287246137857437,0.16506463289260864,0.17559625208377838,0.16553616523742676,0.092756487429142,0.1613798439502716,0.3141810894012451,0.15544049441814423,0.4597334861755371,0.25162264704704285,0.42267653346061707
0.39743945002555847,0.37986814975738525,0.2105061113834381,0.100508913397789,0.07200929522514343,0.05547229200601578,0.22218210995197296,0.11334720999002457,0.33546096086502075,0.26865360140800476,0.6461732387542725
0.3145068287849426,0.15140300989151,0.2085912972688675,0.16700638830661774,0.09533954411745071,0.1778140664100647,0.3460453748703003,0.1688843071460724,0.36330050230026245,0.3059593737125397,0.3921319842338562
0.3806951940059662,0.17894378304481506,0.27491495013237,0.03437890484929085,0.10951506346464157,0.12927184998989105,0.32591310143470764,0.104953832924366,0.3822271227836609,0.3671513497829437,0.5335143208503723
0.3468128740787506,0.21936021745204926,0.29025623202323914,0.1823139488697052,0.12062367796897888,0.20335356891155243,0.42931878566741943,0.2046390175819397,0.2673152685165405,0.26132872700691223,0.14809386432170868
0.27222296595573425,0.28111305832862854,0.18548157811164856,0.054665908217430115,0.06524474173784256,0.05629313364624977,0.19077345728874207,0.06464080512523651,0.42160657048225403,0.3329854905605316,0.760511577129364
0.43379634618759155,0.12017472833395004,0.2549496293067932,0.010924124158918858,0.09456732869148254,0.06825482100248337,0.21473905444145203,0.10724987089633942,0.2792638838291168,0.2734580636024475,0.39384180307388306
0.2534603774547577,0.2694591283798218,0.16880068182945251,0.04128194972872734,0.08417755365371704,0.08708113431930542,0.2623685896396637,0.09134026616811752,0.48663485050201416,0.26675674319267273,0.5362693667411804
0.25329914689064026,0.10540542751550674,0.19783440232276917,0.07063522934913635,0.08159387111663818,0.08503878861665726,0.21300047636032104,0.10420151054859161,0.4375862777233124,0.32353031635284424,0.4757675230503082
0.20485617220401764,0.22167378664016724,0.16244563460350037,0.13345082104206085,0.0789647176861763,0.08961297571659088,0.23680657148361206,0.12006456404924393,0.4989283084869385,0.2422444075345993,0.5493721961975098
0.21961921453475952,0.18175841867923737,0.1408984661102295,0.04645638167858124,0.11787642538547516,0.06908802688121796,0.2766297161579132,0.13788488507270813,0.5207099914550781,0.2525058090686798,0.20010706782341003
0.24486486613750458,0.1790543496608734,0.19225376844406128,0.024049866944551468,0.06915730237960815,0.05293489620089531,0.17901304364204407,0.05919395759701729,0.4550023078918457,0.30051493644714355,0.6838490962982178
0.27807220816612244,0.2822851240634918,0.22464527189731598,0.12118292599916458,0.21119466423988342,0.06992191076278687,0.3206053078174591,0.1711355447769165,0.34916460514068604,0.279789537191391,0.18236508965492249
0.30685219168663025,0.1212443932890892,0.20371539890766144,0.012499858625233173,0.08693209290504456,0.033368900418281555,0.14027398824691772,0.08777780830860138,0.40476539731025696,0.36704567074775696,0.48791149258613586
0.3604188859462738,0.16888542473316193,0.26071295142173767,0.0612153559923172,0.11873620003461838,0.14155712723731995,0.3883969485759735,0.1393531858921051,0.4874550700187683,0.4284306764602661,0.4211829900741577
0.23222728073596954,0.25776296854019165,0.20765964686870575,0.1564333736896515,0.07249795645475388,0.07492243498563766,0.22859667241573334,0.12687772512435913,0.5306341648101807,0.39797332882881165,0.6447139978408813
0.25734618306159973,0.22934561967849731,0.16078989207744598,0.22201098501682281,0.12696096301078796,0.13609428703784943,0.36567485332489014,0.21319067478179932,0.3404730260372162,0.27768704295158386,0.16839919984340668
0.16296644508838654,0.22902308404445648,0.13621452450752258,0.010953603312373161,0.08884401619434357,0.05457829684019089,0.19878433644771576,0.09071751683950424,0.6797164082527161,0.294106125831604,0.4182198643684387
0.2842446267604828,0.1753183901309967,0.18630607426166534,0.18745513260364532,0.11820428818464279,0.19083382189273834,0.39584097266197205,0.1949234902858734,0.4167918562889099,0.2969023883342743,0.2576102912425995
0.24584586918354034,0.26122158765792847,0.17480310797691345,0.014801115728914738,0.0965929701924324,0.08886759728193283,0.2573876678943634,0.07796502113342285,0.49278169870376587,0.2897607386112213,0.5618478059768677
0.23658587038516998,0.2759065628051758,0.1545487642288208,0.1296909600496292,0.1165926456451416,0.13423801958560944,0.3824445307254791,0.17139552533626556,0.47252756357192993,0.29551494121551514,0.21585583686828613
0.5034315586090088,0.17666423320770264,0.27629390358924866,0.014334909617900848,0.13300256431102753,0.06046764925122261,0.2638440430164337,0.14954520761966705,0.3512394428253174,0.3847700357437134,0.2722013592720032
0.22890102863311768,0.2175450176000595,0.1682564616203308,0.14976423978805542,0.09026128053665161,0.07895854115486145,0.24096976220607758,0.14392349123954773,0.5093206763267517,0.31898635625839233,0.47473400831222534
0.25184065103530884,0.21516576409339905,0.20803658664226532,0.02611573226749897,0.07359593361616135,0.09353938698768616,0.22464406490325928,0.05912424996495247,0.47559434175491333,0.35096481442451477,0.7312597632408142
0.3151993155479431,0.249415785074234,0.22111670672893524,0.07309563457965851,0.07733520120382309,0.09755794703960419,0.25952836871147156,0.09111176431179047,0.40533462166786194,0.3179306983947754,0.6797964572906494
0.23311376571655273,0.18422237038612366,0.19940370321273804,0.01862684078514576,0.07336419075727463,0.08008242398500443,0.2049926370382309,0.059266313910484314,0.4818502962589264,0.31635230779647827,0.6770811080932617
0.3270553946495056,0.2784355878829956,0.22059427201747894,0.07633782923221588,0.0713101327419281,0.07915137708187103,0.2373012751340866,0.0879969596862793,0.39470723271369934,0.3372541069984436,0.7125564813613892
0.4230133295059204,0.2480539083480835,0.26966285705566406,0.2044486105442047,0.11643143743276596,0.1821087896823883,0.4346723258495331,0.2279747873544693,0.32392168045043945,0.39671751856803894,0.20672880113124847
0.30298423767089844,0.20988638699054718,0.2586008608341217,0.19082239270210266,0.11987791955471039,0.18452534079551697,0.43974387645721436,0.20656448602676392,0.3017156720161438,0.2639966905117035,0.14898711442947388
0.3652614951133728,0.2895241379737854,0.30418938398361206,0.17466476559638977,0.20675696432590485,0.17595447599887848,0.4004645347595215,0.20523986220359802,0.24483388662338257,0.3472242057323456,0.15653258562088013
0.2912440896034241,0.16831909120082855,0.2530057728290558,0.01417994312942028,0.11647289246320724,0.1197347640991211,0.3114280104637146,0.09179070591926575,0.5193457007408142,0.414964884519577,0.5274694561958313
0.24009926617145538,0.21449783444404602,0.1737366020679474,0.010579289868474007,0.06769777834415436,0.10267402231693268,0.22942803800106049,0.04532927647233009,0.4207133650779724,0.17717380821704865,0.7199358344078064
0.30434972047805786,0.30390506982803345,0.22758252918720245,0.1727498322725296,0.12440329790115356,0.19468645751476288,0.45449894666671753,0.19559547305107117,0.34183743596076965,0.3139975070953369,0.19098643958568573
0.2919889986515045,0.14366605877876282,0.2169773429632187,0.014338307082653046,0.09082481265068054,0.07035673409700394,0.20960547029972076,0.08544234931468964,0.4424937963485718,0.3052791953086853,0.5088940262794495
0.3707035481929779,0.2229192703962326,0.22209049761295319,0.02355104126036167,0.08986236155033112,0.14675593376159668,0.33723920583724976,0.09403971582651138,0.3187343180179596,0.23952201008796692,0.5225092768669128
0.2591448724269867,0.14014515280723572,0.20286212861537933,0.048029325902462006,0.09871111810207367,0.07301805168390274,0.2264188826084137,0.11044029146432877,0.5350323915481567,0.39735257625579834,0.44305917620658875
0.3734743595123291,0.16972042620182037,0.24587638676166534,0.1362054944038391,0.11800914257764816,0.1749117374420166,0.40435269474983215,0.1881997138261795,0.4125194549560547,0.35476458072662354,0.24395017325878143
0.3974134922027588,0.23774215579032898,0.21007040143013,0.008449224755167961,0.07279112190008163,0.054595280438661575,0.18363730609416962,0.07475082576274872,0.26453182101249695,0.15807217359542847,0.6201887726783752
0.25953078269958496,0.3088737726211548,0.12901358306407928,0.02561231702566147,0.13472498953342438,0.05936122685670853,0.28078392148017883,0.12703806161880493,0.43155086040496826,0.22337129712104797,0.21946370601654053
0.28912296891212463,0.1287679523229599,0.2082955539226532,0.07173348218202591,0.08605416864156723,0.09158933907747269,0.23735260963439941,0.11393462866544724,0.4299733638763428,0.30434757471084595,0.4568239748477936
0.27655714750289917,0.22958435118198395,0.19571785628795624,0.16833359003067017,0.12112308293581009,0.13733704388141632,0.3893681466579437,0.19855666160583496,0.5732000470161438,0.41992518305778503,0.25920215249061584
0.2304430454969406,0.14134488999843597,0.1583874225616455,0.1755615621805191,0.11368270218372345,0.16055183112621307,0.33915847539901733,0.18913181126117706,0.4564056098461151,0.24754180014133453,0.21592283248901367
0.3607892394065857,0.12825125455856323,0.2512334883213043,0.01677338033914566,0.07313457131385803,0.1616550087928772,0.29371801018714905,0.0705784261226654,0.31684860587120056,0.3868681490421295,0.655665934085846
0.310138076543808,0.1566174030303955,0.24652099609375,0.21907351911067963,0.1301323026418686,0.16316577792167664,0.39105531573295593,0.23214034736156464,0.4903467297554016,0.4321948289871216,0.17604747414588928
0.3267487585544586,0.3085399866104126,0.19013440608978271,0.03540962561964989,0.17995290458202362,0.06897038221359253,0.31981003284454346,0.14035463333129883,0.4069531261920929,0.3121039867401123,0.2452331781387329
0.2864287495613098,0.1342526078224182,0.2086816281080246,0.01913350634276867,0.10361326485872269,0.21808411180973053,0.39490512013435364,0.09221126139163971,0.41559916734695435,0.36368459463119507,0.44491755962371826
0.33562204241752625,0.11991158872842789,0.25671228766441345,0.20511974394321442,0.1345081627368927,0.13185636699199677,0.3580949306488037,0.2148102968931198,0.2581661641597748,0.24436774849891663,0.14754770696163177
0.33507537841796875,0.13720563054084778,0.2310035675764084,0.016961880028247833,0.08094414323568344,0.09722477942705154,0.22887825965881348,0.07610791176557541,0.3462288975715637,0.31825587153434753,0.5912328958511353
0.2707752287387848,0.1833644062280655,0.27250373363494873,0.01015238743275404,0.11838486045598984,0.08207032084465027,0.23431862890720367,0.07575538754463196,0.5188814401626587,0.38181519508361816,0.6036943793296814
0.32985034584999084,0.2012147456407547,0.1891961395740509,0.15539489686489105,0.07582120597362518,0.04620645195245743,0.19367903470993042,0.13342125713825226,0.3025933504104614,0.19984470307826996,0.5550515055656433
0.3285170793533325,0.2660387456417084,0.18538856506347656,0.13672737777233124,0.11948122084140778,0.09230708330869675,0.31071388721466064,0.17391203343868256,0.37485435605049133,0.2695498764514923,0.264080286026001
0.34570106863975525,0.2347480207681656,0.261603981256485,0.012222866527736187,0.19354844093322754,0.08289217203855515,0.27689704298973083,0.11555437743663788,0.38728561997413635,0.3088218867778778,0.3400688171386719
0.2541654706001282,0.12105493247509003,0.22735284268856049,0.017006613314151764,0.09488816559314728,0.1824110895395279,0.3571537733078003,0.08624202013015747,0.5184972882270813,0.4491235613822937,0.5206465721130371
0.3233431875705719,0.3019188344478607,0.22130653262138367,0.1455526500940323,0.18896278738975525,0.05282517895102501,0.27465641498565674,0.18353000283241272,0.28875476121902466,0.2413191944360733,0.17623090744018555
0.2948911488056183,0.1643562614917755,0.20891429483890533,0.061075642704963684,0.09039326757192612,0.07383353263139725,0.236988365650177,0.10936226695775986,0.458076536655426,0.3525523245334625,0.49255263805389404
0.292934387922287,0.10933133959770203,0.2062259018421173,0.21248206496238708,0.12615370750427246,0.10653930902481079,0.3221226930618286,0.21050594747066498,0.2722693979740143,0.23036706447601318,0.16234290599822998
0.34152665734291077,0.250540554523468,0.22709935903549194,0.0775347426533699,0.11287878453731537,0.08257637172937393,0.2975662052631378,0.13303643465042114,0.47273731231689453,0.3810734152793884,0.4757654368877411
0.39627596735954285,0.16419905424118042,0.2100173830986023,0.01088195201009512,0.10478536039590836,0.04825534299015999,0.19864508509635925,0.11981870234012604,0.3515607416629791,0.27601543068885803,0.30820247530937195
0.2829546630382538,0.19268068671226501,0.25179800391197205,0.008203420788049698,0.18196234107017517,0.07018182426691055,0.24336741864681244,0.10633090138435364,0.3559715747833252,0.2328866571187973,0.2678713798522949
0.26996755599975586,0.203073188662529,0.17537902295589447,0.26203933358192444,0.12981903553009033,0.1370285153388977,0.36480844020843506,0.2335420846939087,0.3630276918411255,0.31283482909202576,0.18164803087711334
0.3092452883720398,0.21227681636810303,0.17373237013816833,0.15152759850025177,0.12001127749681473,0.09867208451032639,0.30646875500679016,0.184446319937706,0.412601113319397,0.2820737957954407,0.23366610705852509
0.2875854969024658,0.19849306344985962,0.21194644272327423,0.09916026890277863,0.10558540374040604,0.1528700590133667,0.3859901428222656,0.1427949070930481,0.49493923783302307,0.36289313435554504,0.4050257205963135
0.2702428996562958,0.13870735466480255,0.22527198493480682,0.014225834980607033,0.08733274787664413,0.084744393825531,0.22071482241153717,0.07745350152254105,0.48631441593170166,0.3961266577243805,0.5802842378616333
0.18591555953025818,0.2514694631099701,0.16909722983837128,0.052152954041957855,0.06439977139234543,0.05886699631810188,0.20314913988113403,0.07250004261732101,0.5701071619987488,0.2746764123439789,0.6570603251457214
0.36352673172950745,0.217500239610672,0.2535306513309479,0.21234872937202454,0.12322963774204254,0.180097296833992,0.43579810857772827,0.2267547845840454,0.3828737735748291,0.4133094549179077,0.1956966370344162
0.2652014493942261,0.338204562664032,0.19482934474945068,0.050805069506168365,0.06900680065155029,0.09452173858880997,0.251606822013855,0.06466124206781387,0.4782211482524872,0.33159998059272766,0.782546877861023
0.308362752199173,0.20573551952838898,0.24538184702396393,0.16698665916919708,0.12604185938835144,0.15614385902881622,0.4000360667705536,0.19707994163036346,0.3395584523677826,0.2962532043457031,0.1644088625907898
0.23647525906562805,0.25038307905197144,0.2599453926086426,0.09607411921024323,0.2815329432487488,0.1591435968875885,0.3871100842952728,0.1568814069032669,0.37650266289711,0.30094894766807556,0.2066139131784439
0.32450205087661743,0.1031045988202095,0.23852497339248657,0.008933293633162975,0.0836099237203598,0.05241064727306366,0.1580052226781845,0.07392565906047821,0.3341834247112274,0.33271145820617676,0.558379590511322
0.21014918386936188,0.11475098878145218,0.18982218205928802,0.031126735731959343,0.10274477303028107,0.14282086491584778,0.3248763084411621,0.11073154211044312,0.6402680277824402,0.43336600065231323,0.3890964686870575
0.20071974396705627,0.1272825300693512,0.15934962034225464,0.03576032817363739,0.08602443337440491,0.05681353434920311,0.20724181830883026,0.10389680415391922,0.5732074975967407,0.26061779260635376,0.38547566533088684
0.3428475856781006,0.24357964098453522,0.2576850652694702,0.19761836528778076,0.13236966729164124,0.16880956292152405,0.42137545347213745,0.21553747355937958,0.31918713450431824,0.3320919871330261,0.16592715680599213
0.3177964687347412,0.2285233736038208,0.2467724084854126,0.1758340746164322,0.1286880522966385,0.149674654006958,0.4018271565437317,0.20056940615177155,0.3198292553424835,0.310303270816803,0.1687213033437729
0.2433301955461502,0.17665846645832062,0.3159058690071106,0.02353697642683983,0.33325228095054626,0.18570184707641602,0.3171369135379791,0.11894398927688599,0.29609131813049316,0.21246396005153656,0.21344071626663208
0.35617461800575256,0.2449008971452713,0.23360894620418549,0.10316397249698639,0.14570440351963043,0.1108710914850235,0.35620322823524475,0.16975031793117523,0.40323081612586975,0.384411484003067,0.27270278334617615
0.2457181066274643,0.2024354487657547,0.28245073556900024,0.008876202628016472,0.29452547430992126,0.06790298968553543,0.20754104852676392,0.10578061640262604,0.4105461537837982,0.282951682806015,0.2794352173805237
0.3075520992279053,0.20544327795505524,0.20395547151565552,0.08657874166965485,0.11793319880962372,0.12615898251533508,0.3643595576286316,0.1506929099559784,0.4705251157283783,0.3442705571651459,0.3190649449825287
0.34340834617614746,0.2539674639701843,0.22947898507118225,0.23071755468845367,0.12264131009578705,0.19125784933567047,0.4481339156627655,0.22782579064369202,0.36542466282844543,0.3869805634021759,0.21215026080608368
0.3714391589164734,0.2272072732448578,0.2459411472082138,0.152466282248497,0.11320914328098297,0.20103970170021057,0.42813369631767273,0.18798565864562988,0.3332606554031372,0.2920432984828949,0.2488141655921936
0.3800581395626068,0.2960403263568878,0.2375829964876175,0.18094448745250702,0.078935906291008,0.13854292035102844,0.32049474120140076,0.16165941953659058,0.32649466395378113,0.2564256489276886,0.5533709526062012
0.32058054208755493,0.15409748256206512,0.2161945253610611,0.018930401653051376,0.1104634627699852,0.07144948840141296,0.2525789737701416,0.11012283712625504,0.4950385093688965,0.39847785234451294,0.4230923056602478
0.4021136462688446,0.14627701044082642,0.2619048058986664,0.012777788564562798,0.11623255163431168,0.09165976941585541,0.2591229975223541,0.10886775702238083,0.3666080832481384,0.3753760755062103,0.43437033891677856
0.39082467555999756,0.1818549782037735,0.25936359167099,0.13177596032619476,0.07169254124164581,0.18002766370773315,0.35519352555274963,0.138753280043602,0.2570304274559021,0.23235920071601868,0.5172480344772339
0.3010866641998291,0.1663660854101181,0.2222946286201477,0.10555890947580338,0.07469229400157928,0.1635785549879074,0.32177457213401794,0.11425004154443741,0.3552685081958771,0.2708316147327423,0.5499245524406433
0.26858487725257874,0.33745715022087097,0.18037651479244232,0.18376407027244568,0.1208910346031189,0.1763831228017807,0.44563329219818115,0.1961122751235962,0.4446025788784027,0.352860689163208,0.24221137166023254
0.348789781332016,0.16362808644771576,0.22786115109920502,0.014018824324011803,0.13516579568386078,0.06694363057613373,0.27376025915145874,0.1301989108324051,0.5250034928321838,0.41281789541244507,0.3005729615688324
0.19001533091068268,0.32882556319236755,0.143397718667984,0.04287097975611687,0.06347893923521042,0.07925967127084732,0.21592573821544647,0.04394639655947685,0.5331801176071167,0.3448506295681,0.8429308533668518
0.3195532560348511,0.1093863919377327,0.2159678041934967,0.010547313839197159,0.09579114615917206,0.06701236218214035,0.1982116848230362,0.09253887087106705,0.39087390899658203,0.3203722834587097,0.431416392326355
0.21049097180366516,0.1313580721616745,0.16390208899974823,0.10996560752391815,0.10060472786426544,0.09943067282438278,0.26580169796943665,0.14779311418533325,0.5739716291427612,0.3017100691795349,0.33360713720321655
0.35602858662605286,0.3535245358943939,0.1684902459383011,0.07050766795873642,0.08169782161712646,0.0551532506942749,0.22067007422447205,0.1086307168006897,0.3018413782119751,0.16968947649002075,0.5235764980316162
0.22121286392211914,0.15615686774253845,0.2093767374753952,0.009889248758554459,0.0876464918255806,0.07084500044584274,0.19678995013237,0.07186378538608551,0.5323079824447632,0.32116061449050903,0.5623819231987
0.2962440252304077,0.16037486493587494,0.21305827796459198,0.028199084103107452,0.13452598452568054,0.13385741412639618,0.38956543803215027,0.13743354380130768,0.5940746068954468,0.4458804726600647,0.3158860206604004
0.28204476833343506,0.10544408857822418,0.19499152898788452,0.21233393251895905,0.1217542439699173,0.1226763129234314,0.3254491686820984,0.21021702885627747,0.29414403438568115,0.22695936262607574,0.16304248571395874
0.30485618114471436,0.2338516116142273,0.17545701563358307,0.11400086432695389,0.08984610438346863,0.07256832718849182,0.2400265336036682,0.1348085254430771,0.3614113926887512,0.21540208160877228,0.4213528633117676
0.15500664710998535,0.4770905077457428,0.10361962765455246,0.04980557784438133,0.049243878573179245,0.06987858563661575,0.2300248146057129,0.04882561415433884,0.6642524600028992,0.45091700553894043,0.8806819915771484
0.2527385354042053,0.18309210240840912,0.1873939335346222,0.007797070778906345,0.06724563241004944,0.06560336798429489,0.18052957952022552,0.04503549635410309,0.3881489336490631,0.22968795895576477,0.7151767611503601
0.3519796133041382,0.13478749990463257,0.22048385441303253,0.11351069062948227,0.1365182101726532,0.07680414617061615,0.27472344040870667,0.1768384724855423,0.39641574025154114,0.32993438839912415,0.2103801667690277
0.19369293749332428,0.11625075340270996,0.19726873934268951,0.00975495483726263,0.07673021405935287,0.0703972578048706,0.18076731264591217,0.06542734056711197,0.556262195110321,0.33002203702926636,0.5777032971382141
0.1876499056816101,0.19085071980953217,0.18728911876678467,0.010925658978521824,0.0822097659111023,0.1243763342499733,0.27429962158203125,0.07250677049160004,0.6197381019592285,0.36198747158050537,0.5759549140930176
0.34232470393180847,0.20054587721824646,0.23008139431476593,0.027450408786535263,0.07941674441099167,0.08210806548595428,0.23297861218452454,0.07682950794696808,0.3748578429222107,0.33204010128974915,0.6525403261184692
0.23985764384269714,0.2133358120918274,0.19963926076889038,0.010917091742157936,0.11183324456214905,0.11254946887493134,0.28830450773239136,0.08409395068883896,0.523098886013031,0.31939348578453064,0.49666827917099
0.2404826432466507,0.19176197052001953,0.29875150322914124,0.008779565803706646,0.31237009167671204,0.08910873532295227,0.23005306720733643,0.10321811586618423,0.3975489139556885,0.27038949728012085,0.27240240573883057
0.218638077378273,0.2692441940307617,0.14068150520324707,0.011236166581511497,0.12616892158985138,0.0865640863776207,0.2910829484462738,0.1088138073682785,0.5912284255027771,0.3410947024822235,0.3251848518848419
0.1790158897638321,0.09291056543588638,0.20652085542678833,0.008519772440195084,0.07151225954294205,0.07552840560674667,0.1759006530046463,0.05688239261507988,0.5571519136428833,0.3146311044692993,0.6107422113418579
0.19942738115787506,0.2083050161600113,0.15000984072685242,0.1000090017914772,0.11380884796380997,0.16818498075008392,0.40399038791656494,0.15314289927482605,0.4871675670146942,0.26239436864852905,0.22397713363170624
0.1806185245513916,0.13774432241916656,0.16562655568122864,0.15153731405735016,0.09194114059209824,0.12323283404111862,0.27073580026626587,0.15065217018127441,0.5722867250442505,0.2856181561946869,0.4179210662841797
0.48094987869262695,0.2775762975215912,0.2542445659637451,0.03378120809793472,0.12463457137346268,0.10051821917295456,0.3269747197628021,0.15749748051166534,0.28752896189689636,0.24972382187843323,0.24575327336788177
0.2767096757888794,0.21850992739200592,0.1933116316795349,0.011481907218694687,0.1490119844675064,0.11318199336528778,0.330037921667099,0.1229742020368576,0.45210912823677063,0.3066529631614685,0.23341776430606842
0.3387463092803955,0.22447678446769714,0.28787708282470703,0.18862177431583405,0.11807087808847427,0.193118616938591,0.426999568939209,0.20826056599617004,0.2712515890598297,0.2573399841785431,0.14012938737869263
0.17725616693496704,0.16496966779232025,0.16329997777938843,0.14871960878372192,0.08420250564813614,0.12508738040924072,0.26819488406181335,0.14040730893611908,0.5496571063995361,0.22055189311504364,0.4498240053653717
0.2874642014503479,0.16867351531982422,0.20209717750549316,0.012397045269608498,0.12595534324645996,0.14666546881198883,0.35344213247299194,0.11435338109731674,0.4953625202178955,0.37311655282974243,0.3291361927986145
0.3316417634487152,0.24297530949115753,0.23315714299678802,0.21826456487178802,0.13120493292808533,0.15352174639701843,0.4026375114917755,0.2193468064069748,0.30261826515197754,0.32332393527030945,0.1822274923324585
0.30645686388015747,0.09604707360267639,0.19240592420101166,0.010394812561571598,0.1087670549750328,0.1658085137605667,0.3334181010723114,0.1070481613278389,0.43180152773857117,0.3572765588760376,0.3310670256614685
0.2413313239812851,0.09300678968429565,0.15671966969966888,0.1514519602060318,0.11396293342113495,0.09353666007518768,0.265301376581192,0.1767127960920334,0.3964459300041199,0.2052900344133377,0.19225750863552094
0.2551444470882416,0.1562032252550125,0.19401058554649353,0.058529675006866455,0.0843672826886177,0.1381513625383377,0.2984367907047272,0.09816627204418182,0.4382942318916321,0.27014675736427307,0.5020767450332642
0.3419651389122009,0.12354113906621933,0.24011895060539246,0.01179645024240017,0.08484090864658356,0.07516142725944519,0.1937199980020523,0.07622595876455307,0.345675528049469,0.3633863031864166,0.5904191136360168
0.21777324378490448,0.11717081815004349,0.20362836122512817,0.0110557209700346,0.07696046680212021,0.0874151811003685,0.19940148293972015,0.06319224834442139,0.5075897574424744,0.3355858623981476,0.606395423412323
0.39578574895858765,0.18221943080425262,0.22970089316368103,0.012096843682229519,0.07965520769357681,0.04521962255239487,0.15192414820194244,0.07466575503349304,0.26366564631462097,0.31115347146987915,0.6355037093162537
0.32303255796432495,0.12361443042755127,0.21102473139762878,0.023733025416731834,0.12068725377321243,0.19307026267051697,0.4106028378009796,0.12512411177158356,0.47566697001457214,0.39061489701271057,0.3419581353664398
0.2900208532810211,0.09980635344982147,0.2212556004524231,0.00986825954169035,0.09121847152709961,0.07010383903980255,0.19615162909030914,0.08190061151981354,0.4048086702823639,0.30157482624053955,0.47566714882850647
0.20586945116519928,0.23938235640525818,0.17976142466068268,0.0219307579100132,0.06610113382339478,0.07508628070354462,0.20259566605091095,0.051874466240406036,0.5266228318214417,0.30157092213630676,0.7369375824928284
0.2707209289073944,0.22246530652046204,0.15988771617412567,0.23108772933483124,0.1255817711353302,0.10713852941989899,0.32641512155532837,0.21833296120166779,0.3784862756729126,0.28663966059684753,0.19046494364738464
0.2703159749507904,0.11555424332618713,0.24636448919773102,0.0805167406797409,0.12189709395170212,0.1720987856388092,0.38964948058128357,0.15558801591396332,0.6361439228057861,0.48207759857177734,0.3114042580127716
0.3060188591480255,0.20425014197826385,0.22755737602710724,0.16032855212688446,0.11894311010837555,0.19241727888584137,0.4444233775138855,0.19302286207675934,0.40468835830688477,0.3403078019618988,0.20677779614925385
0.3011123538017273,0.0901612862944603,0.22711434960365295,0.009056420996785164,0.07819993048906326,0.07101041078567505,0.1716916859149933,0.06619425863027573,0.34520986676216125,0.34002912044525146,0.5855497717857361
0.2332901507616043,0.11234178394079208,0.23821493983268738,0.013051308691501617,0.08275016397237778,0.20757079124450684,0.3609764277935028,0.07184085994958878,0.5351592898368835,0.4831508696079254,0.5994738936424255
0.2592639625072479,0.24439702928066254,0.2064087986946106,0.11350715905427933,0.07218865305185318,0.11284654587507248,0.2692771255970001,0.10426168888807297,0.4497334063053131,0.29722028970718384,0.6529792547225952
0.284636914730072,0.26063182950019836,0.22290325164794922,0.05361580103635788,0.08469565957784653,0.10051858425140381,0.28622177243232727,0.08712243288755417,0.47910425066947937,0.35063210129737854,0.6590648889541626
0.2832234501838684,0.19183087348937988,0.19510847330093384,0.012967387214303017,0.10549444705247879,0.07485808432102203,0.2483827769756317,0.10076888650655746,0.5221315622329712,0.3510585427284241,0.4372965395450592
0.25518837571144104,0.21501483023166656,0.28508704900741577,0.010049025528132915,0.32819390296936035,0.08276192098855972,0.22917118668556213,0.10940525680780411,0.4004775881767273,0.29463931918144226,0.2593343257904053
0.26576605439186096,0.18663717806339264,0.19404825568199158,0.09456455707550049,0.12601907551288605,0.17571759223937988,0.4374288022518158,0.15896423161029816,0.5102655291557312,0.34238672256469727,0.2604924440383911
0.3385789692401886,0.15791760385036469,0.26559677720069885,0.2318192571401596,0.1678905338048935,0.06639432907104492,0.32055091857910156,0.2215307503938675,0.20350903272628784,0.2674171030521393,0.16926062107086182
0.326233834028244,0.21884271502494812,0.20285961031913757,0.12061066925525665,0.12675397098064423,0.07958757877349854,0.30391955375671387,0.17583312094211578,0.34256604313850403,0.24671193957328796,0.18813081085681915
0.3362923264503479,0.17128276824951172,0.21547184884548187,0.10107406973838806,0.0985204204916954,0.07754381746053696,0.25986841320991516,0.142913356423378,0.43610501289367676,0.36429619789123535,0.4163489043712616
0.28547102212905884,0.23028907179832458,0.20263737440109253,0.0943194180727005,0.14021170139312744,0.15488667786121368,0.42807671427726746,0.16324114799499512,0.4932555556297302,0.3710087239742279,0.2510865032672882
0.40208667516708374,0.1863955557346344,0.23088060319423676,0.01566889137029648,0.07987094670534134,0.06562038511037827,0.20139801502227783,0.08699464052915573,0.29104703664779663,0.2461043745279312,0.5646281838417053
0.22383464872837067,0.11419027298688889,0.21681728959083557,0.011261800304055214,0.06415046006441116,0.07785750925540924,0.17040866613388062,0.042555127292871475,0.4403877258300781,0.43978938460350037,0.7524821162223816
0.3237869143486023,0.2226039469242096,0.2192961722612381,0.20935100317001343,0.15096703171730042,0.06490452587604523,0.3014289438724518,0.21122530102729797,0.26277586817741394,0.26035794615745544,0.16805194318294525
0.2981601357460022,0.188836008310318,0.21817298233509064,0.17241306602954865,0.12066008150577545,0.15000152587890625,0.3819755017757416,0.19731667637825012,0.3591548502445221,0.2760451138019562,0.17698858678340912
0.2027321457862854,0.2437392622232437,0.1840766966342926,0.025038843974471092,0.06765558570623398,0.13147291541099548,0.2546181380748749,0.046670954674482346,0.5318371653556824,0.32880929112434387,0.7882193922996521
0.32848411798477173,0.11806143820285797,0.18569380044937134,0.14020155370235443,0.11870527267456055,0.08332362771034241,0.26324838399887085,0.18119902908802032,0.3786880373954773,0.24706412851810455,0.21429359912872314
0.2857716381549835,0.11738849431276321,0.20404593646526337,0.0115803312510252,0.08614536374807358,0.06294772773981094,0.18331076204776764,0.0811060294508934,0.41832435131073,0.32286620140075684,0.5035886168479919
0.1660996526479721,0.15889114141464233,0.1663215011358261,0.016385594382882118,0.09828094393014908,0.11942220479249954,0.3072762191295624,0.10507135838270187,0.7474961280822754,0.4554430842399597,0.39226028323173523
0.29726672172546387,0.1418544501066208,0.2050161212682724,0.11388382315635681,0.11973870545625687,0.15771172940731049,0.3826926350593567,0.16887255012989044,0.49433064460754395,0.35248124599456787,0.2683928608894348
0.3730504512786865,0.2189437448978424,0.2459133118391037,0.037502359598875046,0.0813554972410202,0.10016193240880966,0.2771647572517395,0.08696547150611877,0.3430618643760681,0.30760788917541504,0.6346035003662109
0.29356780648231506,0.2580396831035614,0.21705538034439087,0.13102471828460693,0.14026395976543427,0.1355164647102356,0.3916083574295044,0.17625769972801208,0.36293870210647583,0.29729920625686646,0.19504712522029877
0.2155553549528122,0.14566151797771454,0.18924395740032196,0.012166443280875683,0.08851654082536697,0.08111017197370529,0.22347863018512726,0.08478374034166336,0.58732670545578,0.3669085204601288,0.49347031116485596
0.2980736494064331,0.12533321976661682,0.21295659244060516,0.01095293927937746,0.09306667745113373,0.09541880339384079,0.23360475897789001,0.08435878902673721,0.40957191586494446,0.31832370162010193,0.48653078079223633
0.33022990822792053,0.20254218578338623,0.2283167988061905,0.05194796994328499,0.14274117350578308,0.12660537660121918,0.34761136770248413,0.14489251375198364,0.3315892219543457,0.23778873682022095,0.2134311944246292
0.2858436107635498,0.12573190033435822,0.2172985076904297,0.013227146118879318,0.12989813089370728,0.09920995682477951,0.3078441917896271,0.12738202512264252,0.6383102536201477,0.48833757638931274,0.2997855842113495
0.32364827394485474,0.28909727931022644,0.20625171065330505,0.15890663862228394,0.11525166779756546,0.18796676397323608,0.43663734197616577,0.18275554478168488,0.3809352219104767,0.3210320770740509,0.28208398818969727
0.4283667206764221,0.17492811381816864,0.23794598877429962,0.10611449927091599,0.09176328778266907,0.04132046177983284,0.20060373842716217,0.1549053192138672,0.31572285294532776,0.33707916736602783,0.3807302415370941
0.3023546636104584,0.20433750748634338,0.2930731773376465,0.03159764036536217,0.08850497007369995,0.12617753446102142,0.3232249319553375,0.07949367165565491,0.5098778009414673,0.4367265999317169,0.7012324333190918
0.24258719384670258,0.17356017231941223,0.233726367354393,0.008071521297097206,0.10153468698263168,0.10752886533737183,0.24122530221939087,0.06235979124903679,0.45838281512260437,0.2385648787021637,0.6117786169052124
0.36084702610969543,0.21992066502571106,0.2597748637199402,0.24758772552013397,0.12686003744602203,0.16495086252689362,0.4304564595222473,0.241251140832901,0.3314977288246155,0.42133432626724243,0.17996367812156677
0.2536018192768097,0.16556212306022644,0.2007029801607132,0.01606879197061062,0.07578163594007492,0.10271240025758743,0.22913111746311188,0.060351282358169556,0.4449911415576935,0.29655134677886963,0.6596205234527588
0.22929026186466217,0.1023799479007721,0.17206305265426636,0.010229626670479774,0.10010740906000137,0.05464273691177368,0.19424647092819214,0.10977088660001755,0.6092844605445862,0.3835446536540985,0.3095904588699341
0.2166508287191391,0.2751278877258301,0.16628398001194,0.08810250461101532,0.1234828382730484,0.13463783264160156,0.40933769941329956,0.14450713992118835,0.5836848616600037,0.3725499212741852,0.336186021566391
0.30794858932495117,0.1491895616054535,0.3110761344432831,0.171004056930542,0.11961368471384048,0.17097610235214233,0.41054657101631165,0.20202626287937164,0.6412777900695801,0.49954333901405334,0.31497979164123535
0.2972347140312195,0.2580452561378479,0.21342985332012177,0.1622207760810852,0.12018891423940659,0.18862241506576538,0.45611435174942017,0.19222043454647064,0.42181596159935,0.3558332920074463,0.22263388335704803
0.27550360560417175,0.1984207183122635,0.1919325888156891,0.005777222104370594,0.06687484681606293,0.04592568427324295,0.1623372584581375,0.0591164156794548,0.3928368091583252,0.17090417444705963,0.6299666166305542
0.33014044165611267,0.27739447355270386,0.18864446878433228,0.145954430103302,0.06568324565887451,0.02999051660299301,0.17010550200939178,0.11259257793426514,0.31220656633377075,0.2438717931509018,0.6870794892311096
0.36345019936561584,0.2559172809123993,0.23864690959453583,0.16232351958751678,0.12444453686475754,0.17966291308403015,0.4273672103881836,0.19675782322883606,0.3576754331588745,0.3450598418712616,0.2335604429244995
0.33970996737480164,0.26951342821121216,0.22697585821151733,0.1371009349822998,0.14704789221286774,0.10555912554264069,0.34797051548957825,0.1817023605108261,0.32135695219039917,0.2639187276363373,0.19962479174137115
0.2452496737241745,0.1808100789785385,0.19061847031116486,0.012278847396373749,0.06945750117301941,0.07975661754608154,0.1990889608860016,0.04642348363995552,0.4193524420261383,0.23703992366790771,0.7255669236183167
0.3137805759906769,0.24618873000144958,0.19402964413166046,0.009822572581470013,0.10492413491010666,0.1222645714879036,0.29617801308631897,0.0802035853266716,0.35015323758125305,0.21535752713680267,0.5196666121482849
0.25575974583625793,0.1723288595676422,0.2477264702320099,0.09453138709068298,0.11494427919387817,0.17086438834667206,0.3924582302570343,0.14133736491203308,0.5609149932861328,0.43104586005210876,0.41068699955940247
0.3528265953063965,0.20555104315280914,0.20130299031734467,0.0630757063627243,0.10760468989610672,0.10120987892150879,0.29898801445961,0.13424637913703918,0.3945697546005249,0.28546640276908875,0.35984307527542114
0.18592333793640137,0.16384021937847137,0.1543651819229126,0.021635569632053375,0.09812968969345093,0.1527092605829239,0.34292906522750854,0.0995502769947052,0.5873624086380005,0.3233911395072937,0.37891942262649536
0.21924801170825958,0.2100781500339508,0.16850416362285614,0.07457379996776581,0.08188539743423462,0.09211863577365875,0.24901218712329865,0.10068491101264954,0.48754435777664185,0.24625279009342194,0.5130769610404968
0.2987372875213623,0.26709023118019104,0.18523846566677094,0.09378968179225922,0.1423795223236084,0.09171590954065323,0.3377370834350586,0.1591518074274063,0.4003954827785492,0.2795597016811371,0.2264087051153183
0.3312450647354126,0.11262822151184082,0.2119625061750412,0.0717574805021286,0.12619434297084808,0.14726564288139343,0.36224934458732605,0.15706036984920502,0.4640503525733948,0.34465309977531433,0.2422412484884262
0.3873472809791565,0.19626274704933167,0.2823258340358734,0.010878299362957478,0.18184056878089905,0.07003208249807358,0.24950221180915833,0.11639746278524399,0.38554704189300537,0.3339349627494812,0.3709799647331238
0.23402400314807892,0.19826440513134003,0.2725066840648651,0.009671930223703384,0.27581313252449036,0.1190367341041565,0.2838199734687805,0.11335272341966629,0.37970367074012756,0.2432136982679367,0.21519474685192108
0.3029281198978424,0.1892247051000595,0.15745867788791656,0.04775984585285187,0.11855173856019974,0.04666397348046303,0.2279053032398224,0.13539861142635345,0.38627180457115173,0.2295534908771515,0.2367517352104187
0.2896910309791565,0.27209722995758057,0.21862751245498657,0.09510734677314758,0.061526019126176834,0.06998798996210098,0.21530625224113464,0.08771002292633057,0.4387245774269104,0.39331620931625366,0.7410581111907959
0.18327027559280396,0.23670347034931183,0.19945338368415833,0.08450068533420563,0.07855217903852463,0.14598394930362701,0.3561854362487793,0.10379468649625778,0.6278215050697327,0.354436993598938,0.6022776961326599
0.2854362726211548,0.17078515887260437,0.2158486396074295,0.012139670550823212,0.09448452293872833,0.18524807691574097,0.36044737696647644,0.07758953422307968,0.4317507743835449,0.3484574258327484,0.5597684979438782
0.2354402244091034,0.1457701474428177,0.23676951229572296,0.033450398594141006,0.08719614893198013,0.07444214075803757,0.22120095789432526,0.08569272607564926,0.5783175230026245,0.4655696749687195,0.5813280344009399
0.2101515531539917,0.09535343945026398,0.19174274802207947,0.01017097570002079,0.09403447061777115,0.07848154753446579,0.21236881613731384,0.09321974962949753,0.6106111407279968,0.38633254170417786,0.40453556180000305
0.3281846046447754,0.19923824071884155,0.25118139386177063,0.17035794258117676,0.12649598717689514,0.15984277427196503,0.39812955260276794,0.1995798796415329,0.333842009305954,0.30694183707237244,0.1711488664150238
0.2592482268810272,0.26102355122566223,0.198452889919281,0.18034930527210236,0.12874367833137512,0.11991889774799347,0.38709309697151184,0.20071469247341156,0.4210740625858307,0.3338679373264313,0.17455732822418213
0.3098675310611725,0.3132188022136688,0.19078487157821655,0.032387688755989075,0.06945940107107162,0.10028476268053055,0.24107831716537476,0.049920111894607544,0.39048242568969727,0.3059643507003784,0.8310625553131104
0.3652943968772888,0.20446474850177765,0.24289357662200928,0.13996799290180206,0.07385428249835968,0.16665804386138916,0.33747145533561707,0.13957588374614716,0.29515010118484497,0.23789401352405548,0.5304290056228638
0.2720772325992584,0.21436546742916107,0.17619840800762177,0.22361555695533752,0.11965054273605347,0.16716669499874115,0.3846322298049927,0.2168779969215393,0.4704810380935669,0.3448350131511688,0.23915208876132965
0.35122743248939514,0.3193955719470978,0.24473407864570618,0.1577177345752716,0.1454268991947174,0.1801060289144516,0.4423855245113373,0.19564567506313324,0.3254545331001282,0.34215837717056274,0.20066246390342712
0.235577791929245,0.10537536442279816,0.21389274299144745,0.010096644051373005,0.08510967344045639,0.16277091205120087,0.2914735674858093,0.07147404551506042,0.492221474647522,0.3922517001628876,0.5478090047836304
0.2998933494091034,0.27520647644996643,0.22741477191448212,0.11381856352090836,0.14953529834747314,0.17695820331573486,0.4184892475605011,0.15882731974124908,0.36775675415992737,0.28262701630592346,0.2890317738056183
0.32131829857826233,0.13471399247646332,0.28943464159965515,0.02225739322602749,0.12138347327709198,0.07067985087633133,0.2313566505908966,0.09337536245584488,0.4987322688102722,0.4951383173465729,0.5552928447723389
0.3221060335636139,0.22434872388839722,0.2345017045736313,0.2281031608581543,0.13993600010871887,0.10626209527254105,0.370700865983963,0.22546428442001343,0.317537784576416,0.3489464819431305,0.16989441215991974
0.3685799837112427,0.13007846474647522,0.24897584319114685,0.0293418038636446,0.08765300363302231,0.08505401760339737,0.22158390283584595,0.09104075282812119,0.34018874168395996,0.39931520819664,0.5568844676017761
0.18469886481761932,0.24318288266658783,0.14086754620075226,0.03090331330895424,0.0956018790602684,0.09211321920156479,0.27187827229499817,0.09878826886415482,0.6090729236602783,0.3043855130672455,0.42044830322265625
0.3778701722621918,0.21853843331336975,0.2479991316795349,0.01660843938589096,0.08652438968420029,0.07322368770837784,0.21384695172309875,0.07564934343099594,0.341120183467865,0.3293377459049225,0.6752713918685913
0.17372187972068787,0.2176463007926941,0.16862326860427856,0.0104236314073205,0.05581791326403618,0.09611465781927109,0.18866702914237976,0.017781471833586693,0.4849702715873718,0.3708095848560333,0.8876701593399048
0.2783946096897125,0.13889700174331665,0.20761631429195404,0.049168359488248825,0.06824713200330734,0.08478914946317673,0.21314013004302979,0.07666201144456863,0.3751336932182312,0.25922277569770813,0.6033933162689209
0.27963536977767944,0.22552545368671417,0.20621953904628754,0.05447437986731529,0.0765792652964592,0.057724256068468094,0.20063577592372894,0.08450920134782791,0.4572697877883911,0.3605813682079315,0.6493334174156189
0.2317844182252884,0.3722971975803375,0.08342117071151733,0.008006846532225609,0.13303151726722717,0.03517811745405197,0.2051745504140854,0.11656098812818527,0.45111358165740967,0.181819349527359,0.19599106907844543
0.29915696382522583,0.2786291241645813,0.2138497531414032,0.12507784366607666,0.1533277928829193,0.13848179578781128,0.3985493779182434,0.17671458423137665,0.3912563920021057,0.3380124568939209,0.21157559752464294
0.20428477227687836,0.11999773234128952,0.15146972239017487,0.16936373710632324,0.10871688276529312,0.0937996655702591,0.2582363188266754,0.1819034367799759,0.5375849604606628,0.2775915861129761,0.2559790313243866
0.282546728849411,0.17484819889068604,0.20274849236011505,0.009064111858606339,0.07762295007705688,0.11361270397901535,0.24826984107494354,0.06530067324638367,0.4024655520915985,0.22013609111309052,0.6101837754249573
0.2280956655740738,0.2782159447669983,0.187895730137825,0.01276615634560585,0.13313095271587372,0.07482261210680008,0.2790220081806183,0.09831882268190384,0.6438736915588379,0.4084951877593994,0.4652252197265625
0.2127470225095749,0.32788291573524475,0.12864404916763306,0.008382226340472698,0.11908267438411713,0.07569970190525055,0.24448581039905548,0.08887800574302673,0.5021873116493225,0.22388851642608643,0.4045754373073578
0.3836284875869751,0.2715412974357605,0.17532344162464142,0.2877846658229828,0.11734096705913544,0.12448970228433609,0.3475242257118225,0.2641471028327942,0.37625738978385925,0.3376622498035431,0.26843777298927307
0.2867659032344818,0.24127182364463806,0.19530527293682098,0.1783999651670456,0.08540656417608261,0.12778975069522858,0.29644709825515747,0.1517304927110672,0.38320302963256836,0.24798086285591125,0.5206671953201294
0.251033216714859,0.23089313507080078,0.2014637440443039,0.09802492707967758,0.13823410868644714,0.1857464760541916,0.4412698447704315,0.1569172441959381,0.41717588901519775,0.2896007299423218,0.21626456081867218
0.23710709810256958,0.22689145803451538,0.18695253133773804,0.014960039407014847,0.06904658675193787,0.09173201024532318,0.21216800808906555,0.042729318141937256,0.45812729001045227,0.3127650320529938,0.7930516004562378
0.2583765387535095,0.224809467792511,0.18806670606136322,0.16782936453819275,0.11888562142848969,0.1895059198141098,0.43335407972335815,0.18826508522033691,0.4197986125946045,0.3130301833152771,0.2161618173122406
0.24652820825576782,0.11382299661636353,0.22613370418548584,0.013195757754147053,0.07709593325853348,0.11324624717235565,0.22304300963878632,0.06184003874659538,0.4778214693069458,0.40250977873802185,0.653927206993103
0.24819281697273254,0.1273563951253891,0.18515662848949432,0.026839537546038628,0.12496674060821533,0.15451042354106903,0.39548444747924805,0.13097026944160461,0.5960978865623474,0.3960234522819519,0.28663909435272217
0.24794211983680725,0.20470386743545532,0.15483920276165009,0.03614659607410431,0.12702777981758118,0.07416222244501114,0.2925357222557068,0.13035491108894348,0.424723356962204,0.23122741281986237,0.20584756135940552
0.2375173717737198,0.12490200251340866,0.2022998183965683,0.013257152400910854,0.10001849383115768,0.17227239906787872,0.34611743688583374,0.09311796724796295,0.5606599450111389,0.416320264339447,0.4631948471069336
0.3096405863761902,0.17641447484493256,0.2335186004638672,0.02380858175456524,0.07568369805812836,0.09581544995307922,0.23046034574508667,0.06860867887735367,0.404713898897171,0.386162668466568,0.6858600974082947
0.367469847202301,0.27548936009407043,0.23618003726005554,0.12965957820415497,0.13807305693626404,0.13470731675624847,0.3978319466114044,0.18497785925865173,0.39059022068977356,0.37051722407341003,0.24717433750629425
0.2090279459953308,0.2762013375759125,0.12347999960184097,0.013229263946413994,0.11780243366956711,0.11024633049964905,0.3278929591178894,0.10633473098278046,0.550788164138794,0.3017725348472595,0.31921717524528503
0.2929309606552124,0.21672369539737701,0.22416606545448303,0.10972268134355545,0.14264081418514252,0.16773390769958496,0.39829781651496887,0.1629096269607544,0.37244942784309387,0.2857476472854614,0.2296048402786255
0.2767280638217926,0.1778048872947693,0.1896367222070694,0.18664462864398956,0.11607653647661209,0.18868640065193176,0.3929428160190582,0.19422772526741028,0.4218478500843048,0.2955252528190613,0.2574535012245178
0.2849585711956024,0.13340246677398682,0.1962704360485077,0.2596788704395294,0.1168995350599289,0.15131893754005432,0.32456085085868835,0.2452428638935089,0.404192715883255,0.27832356095314026,0.13556142151355743
0.2653224468231201,0.26065680384635925,0.16957758367061615,0.1286410689353943,0.11497493088245392,0.1616811901330948,0.4033704698085785,0.16530351340770721,0.47294071316719055,0.3218171000480652,0.2967730164527893
0.2805543839931488,0.29484108090400696,0.1974707543849945,0.06179887056350708,0.2018539160490036,0.07803058624267578,0.3266218602657318,0.14641551673412323,0.4010453522205353,0.2865005433559418,0.22717687487602234
0.21956446766853333,0.12887412309646606,0.18777239322662354,0.012429112568497658,0.07809954136610031,0.09535259008407593,0.2166004478931427,0.0675002783536911,0.49454623460769653,0.27653583884239197,0.5627554059028625
0.26352202892303467,0.2543984353542328,0.20095020532608032,0.21638169884681702,0.11986131966114044,0.1928442418575287,0.4526076018810272,0.21138131618499756,0.4470173716545105,0.3565176725387573,0.22670415043830872
0.296382337808609,0.1787538379430771,0.20987440645694733,0.013854729011654854,0.13741178810596466,0.1452159434556961,0.366845041513443,0.12247812747955322,0.4975447952747345,0.3801065683364868,0.30432790517807007
0.2361699640750885,0.10697802156209946,0.17912770807743073,0.010563183575868607,0.11163162440061569,0.1657269150018692,0.35286691784858704,0.10820815712213516,0.5701903700828552,0.4048222601413727,0.32703879475593567
0.2741418182849884,0.09952795505523682,0.17216439545154572,0.14796684682369232,0.10096469521522522,0.10236060619354248,0.25216251611709595,0.16660454869270325,0.39790743589401245,0.21927541494369507,0.28341367840766907
0.24044720828533173,0.10808329284191132,0.20549891889095306,0.009447995573282242,0.09328451007604599,0.20987196266651154,0.3642447590827942,0.07864957302808762,0.4840419888496399,0.40479350090026855,0.49026963114738464
0.3033909201622009,0.14799141883850098,0.16161133348941803,0.02533040940761566,0.09824177622795105,0.06449782848358154,0.22082127630710602,0.11448989063501358,0.381198912858963,0.22567352652549744,0.28609246015548706
0.27838772535324097,0.18171611428260803,0.19963812828063965,0.008384465239942074,0.06637181341648102,0.07558188587427139,0.1893407106399536,0.041392866522073746,0.3467422127723694,0.2354314774274826,0.7542949914932251
0.35428670048713684,0.12852293252944946,0.22932912409305573,0.14798833429813385,0.11993080377578735,0.1679321974515915,0.3726724684238434,0.18983310461044312,0.3822987377643585,0.3108729422092438,0.22425837814807892
0.2932203710079193,0.2123156636953354,0.2404969483613968,0.22215187549591064,0.1393374502658844,0.155835822224617,0.4187675416469574,0.22065556049346924,0.2968326210975647,0.2766636312007904,0.14572179317474365
0.2593993544578552,0.29484322667121887,0.17391861975193024,0.0696198046207428,0.07231200486421585,0.0732664093375206,0.22669191658496857,0.08673953264951706,0.4423556625843048,0.23756682872772217,0.6325225830078125
0.2661089301109314,0.2444588989019394,0.13600656390190125,0.01015058346092701,0.10241992771625519,0.05528499186038971,0.22055639326572418,0.10636261105537415,0.4792698919773102,0.24694722890853882,0.32650238275527954
0.30009767413139343,0.1901872754096985,0.19893483817577362,0.14047415554523468,0.1179647296667099,0.15308423340320587,0.3851913511753082,0.18091872334480286,0.45544686913490295,0.32894352078437805,0.24812494218349457
0.3833381235599518,0.30741381645202637,0.23860090970993042,0.1829323023557663,0.08126384764909744,0.14022032916545868,0.3261082172393799,0.16383112967014313,0.32456231117248535,0.2525668740272522,0.5440356731414795
0.24925024807453156,0.2097812443971634,0.1624658703804016,0.09728747606277466,0.13688775897026062,0.05252141132950783,0.2543489933013916,0.15679773688316345,0.3868931829929352,0.22981281578540802,0.17932242155075073
0.24772711098194122,0.23353396356105804,0.17089331150054932,0.017327239736914635,0.0697038322687149,0.09910993278026581,0.21903203427791595,0.029020868241786957,0.38576486706733704,0.3116444945335388,0.8645204305648804
0.29347965121269226,0.09500350803136826,0.22921355068683624,0.011717824265360832,0.10088085383176804,0.13115650415420532,0.27648648619651794,0.09161064773797989,0.48133984208106995,0.4754325747489929,0.4723640978336334
0.3615317940711975,0.2944866716861725,0.22435584664344788,0.16059353947639465,0.08010002970695496,0.1251983642578125,0.30785709619522095,0.15021458268165588,0.3406355679035187,0.26691651344299316,0.5473079085350037
0.32953524589538574,0.14081236720085144,0.21162208914756775,0.01793278567492962,0.07346363365650177,0.07380406558513641,0.19193072617053986,0.06991606950759888,0.3191218078136444,0.2544134557247162,0.609357476234436
0.31894952058792114,0.15483655035495758,0.1987002044916153,0.013296697288751602,0.11857520788908005,0.0663837119936943,0.24958761036396027,0.11999066919088364,0.5131371021270752,0.37853312492370605,0.32358941435813904
0.1977110356092453,0.1604548543691635,0.18345580995082855,0.027987532317638397,0.0735570639371872,0.17842236161231995,0.330170214176178,0.06472424417734146,0.49557337164878845,0.23340433835983276,0.606259286403656
0.24837152659893036,0.16225163638591766,0.21535935997962952,0.015267475508153439,0.08097884058952332,0.08409775793552399,0.21639110147953033,0.07082895189523697,0.5140914916992188,0.3871409296989441,0.6250171065330505
0.3189893960952759,0.23906297981739044,0.2612248361110687,0.14466524124145508,0.14863242208957672,0.17845991253852844,0.41956689953804016,0.19012656807899475,0.3807051181793213,0.36507663130760193,0.1763748824596405
0.27178725600242615,0.11843143403530121,0.1808004379272461,0.11685376614332199,0.11769275367259979,0.1284140944480896,0.32598865032196045,0.16787447035312653,0.4205428957939148,0.2376319319009781,0.2048080414533615
0.4478207230567932,0.22459429502487183,0.2463994324207306,0.013907666318118572,0.12058909982442856,0.06939184665679932,0.27065327763557434,0.1297282874584198,0.35420769453048706,0.303149938583374,0.34821027517318726
0.16700467467308044,0.12106819450855255,0.18986178934574127,0.008403725922107697,0.07523183524608612,0.12341459840536118,0.23354972898960114,0.06423582881689072,0.6114969253540039,0.28162261843681335,0.5644688606262207
0.2756938338279724,0.21574634313583374,0.22211921215057373,0.15155209600925446,0.1285592019557953,0.17522302269935608,0.4243736267089844,0.1853245496749878,0.3712133765220642,0.2984630763530731,0.1844586431980133
0.34036529064178467,0.22724144160747528,0.20466174185276031,0.027228865772485733,0.13067734241485596,0.11363490670919418,0.3265233039855957,0.12428810447454453,0.3586849272251129,0.2550964057445526,0.3125789165496826
0.2997056245803833,0.22995828092098236,0.21342331171035767,0.11224952340126038,0.11318235099315643,0.18480953574180603,0.41464710235595703,0.15288685262203217,0.40214574337005615,0.2953519821166992,0.33877748250961304
0.4173753559589386,0.3662619888782501,0.2586919665336609,0.24843226373195648,0.12422078847885132,0.1763521134853363,0.4594089388847351,0.24392417073249817,0.23819729685783386,0.4436943829059601,0.1985863447189331
0.3269394040107727,0.24074041843414307,0.18305926024913788,0.2109159678220749,0.08735061436891556,0.06577759236097336,0.22715342044830322,0.16629715263843536,0.3423151671886444,0.25332507491111755,0.5481005907058716
0.19861584901809692,0.13657334446907043,0.19602341949939728,0.012764892540872097,0.07532234489917755,0.09917765855789185,0.21566811203956604,0.0607914961874485,0.5548139214515686,0.34175485372543335,0.6402784585952759
0.3872452974319458,0.3266654908657074,0.22144848108291626,0.1921912431716919,0.12244700640439987,0.1385883390903473,0.3964424729347229,0.21338510513305664,0.35649412870407104,0.36200469732284546,0.2483285516500473
0.17218393087387085,0.12869718670845032,0.16419507563114166,0.05532845854759216,0.09910508990287781,0.14044775068759918,0.31030815839767456,0.11663271486759186,0.6313091516494751,0.3373836874961853,0.37598752975463867
0.40530306100845337,0.24507799744606018,0.2314015030860901,0.1318974494934082,0.1310175657272339,0.06930817663669586,0.3254174292087555,0.19487164914608002,0.44232288002967834,0.4192071557044983,0.2547588646411896
0.3563389480113983,0.15073472261428833,0.2628094255924225,0.2122737020254135,0.12840750813484192,0.17777134478092194,0.41165921092033386,0.2275242954492569,0.3686200976371765,0.35852813720703125,0.16813451051712036
0.2608679234981537,0.14538034796714783,0.2142307460308075,0.012579063884913921,0.09459023177623749,0.07797473669052124,0.2199583202600479,0.08452986925840378,0.5284420847892761,0.4061310291290283,0.5302762985229492
0.2822425961494446,0.23655487596988678,0.21901248395442963,0.11617658287286758,0.1255493313074112,0.18103185296058655,0.4313112497329712,0.16902309656143188,0.38611167669296265,0.28383690118789673,0.2004820555448532
0.2435292899608612,0.1793273240327835,0.18231604993343353,0.16378755867481232,0.07688002288341522,0.0722416490316391,0.2138718068599701,0.12668286263942719,0.4202514588832855,0.2444479614496231,0.600732684135437
0.2224126160144806,0.16400864720344543,0.1648360788822174,0.07888203859329224,0.12083081901073456,0.22182752192020416,0.48868638277053833,0.14328065514564514,0.5478041172027588,0.32516005635261536,0.29140767455101013
0.30596721172332764,0.1843036264181137,0.22576576471328735,0.02746996469795704,0.08223038166761398,0.1545296460390091,0.31911972165107727,0.07553428411483765,0.4037393629550934,0.32599419355392456,0.6383948922157288
0.24056056141853333,0.26445022225379944,0.16462092101573944,0.022298773750662804,0.07067987322807312,0.11568416655063629,0.26592084765434265,0.06106262281537056,0.4343199133872986,0.19468924403190613,0.6537131667137146
0.2482617348432541,0.14460279047489166,0.18960082530975342,0.11365855485200882,0.11384112387895584,0.1638401746749878,0.3818490505218506,0.15939077734947205,0.4747181832790375,0.32225391268730164,0.274688184261322
0.35893312096595764,0.20703420042991638,0.20308180153369904,0.01782643236219883,0.06593530625104904,0.06605349481105804,0.19072510302066803,0.06420900672674179,0.2736261785030365,0.18297678232192993,0.6664031744003296
0.2564302086830139,0.09410958737134933,0.16361448168754578,0.09438467025756836,0.100054532289505,0.07334526628255844,0.22646810114383698,0.14208823442459106,0.45284974575042725,0.2224075049161911,0.28961896896362305
0.4513060450553894,0.2016412913799286,0.25383004546165466,0.038596488535404205,0.12460476160049438,0.07745815068483353,0.30929574370384216,0.14450126886367798,0.37977340817451477,0.37922587990760803,0.3666815757751465
0.23931631445884705,0.16418981552124023,0.17057664692401886,0.1456446796655655,0.0855557844042778,0.09775218367576599,0.24173137545585632,0.13912440836429596,0.4267386496067047,0.21609662473201752,0.4478330612182617
0.235469788312912,0.23480702936649323,0.124934121966362,0.2102959007024765,0.1163599044084549,0.07207611948251724,0.27128493785858154,0.20503273606300354,0.4878191351890564,0.2882247567176819,0.22205257415771484
0.3576846718788147,0.2049705535173416,0.2634781301021576,0.18962258100509644,0.12138564139604568,0.18422460556030273,0.42445796728134155,0.21200686693191528,0.31937775015830994,0.3125890791416168,0.17473098635673523
0.19409671425819397,0.15189871191978455,0.15350040793418884,0.1494458168745041,0.10063578188419342,0.1674308329820633,0.33131101727485657,0.160095676779747,0.5231103301048279,0.2518903315067291,0.3318483233451843
0.21886932849884033,0.28500843048095703,0.2187841534614563,0.18063730001449585,0.10353834927082062,0.15148496627807617,0.3701161742210388,0.16173055768013,0.5671346783638,0.3657475411891937,0.5101085305213928
0.30799081921577454,0.23004505038261414,0.19895729422569275,0.1447121500968933,0.07544974982738495,0.09806185960769653,0.2453637570142746,0.12898187339305878,0.35600337386131287,0.24816778302192688,0.5736375451087952
0.36679184436798096,0.1481599360704422,0.23647533357143402,0.012928432784974575,0.11058010905981064,0.08588921278715134,0.260131299495697,0.10726828128099442,0.41093385219573975,0.35867536067962646,0.4213663637638092
0.228029265999794,0.23795288801193237,0.21488529443740845,0.08783186972141266,0.16875310242176056,0.1531016230583191,0.39949509501457214,0.15277133882045746,0.4079495370388031,0.2679477632045746,0.1940254122018814
0.26975753903388977,0.22769692540168762,0.2962011694908142,0.00997949205338955,0.3449615240097046,0.07948596030473709,0.2289227843284607,0.11540744453668594,0.3308986723423004,0.2789151966571808,0.2271002233028412
0.4327969253063202,0.10972077399492264,0.2731867730617523,0.00972734671086073,0.08889909833669662,0.08856014162302017,0.2139238715171814,0.08462117612361908,0.22672194242477417,0.3141317665576935,0.552640974521637
0.18021100759506226,0.2163962423801422,0.18964116275310516,0.14784811437129974,0.07590580731630325,0.16015690565109253,0.3134818971157074,0.12416954338550568,0.5686869621276855,0.2769022285938263,0.6011044383049011
0.3267569839954376,0.1668587476015091,0.19847600162029266,0.01034876611083746,0.08937811851501465,0.06934593617916107,0.20887240767478943,0.08731251955032349,0.36149296164512634,0.23856115341186523,0.4772416651248932
0.4005626142024994,0.11940030008554459,0.2386409342288971,0.012540128082036972,0.12430919706821442,0.06133138760924339,0.23813901841640472,0.12934184074401855,0.4127906262874603,0.3643284738063812,0.2637743651866913
0.32774314284324646,0.11455344408750534,0.2365908920764923,0.25995054841041565,0.1300344169139862,0.13030919432640076,0.36737361550331116,0.24122582376003265,0.2759339213371277,0.2722501754760742,0.14997340738773346
0.2576242983341217,0.09536916762590408,0.16431131958961487,0.12156873941421509,0.09960587322711945,0.07819470018148422,0.22744597494602203,0.15128423273563385,0.4298152029514313,0.21629561483860016,0.29527047276496887
0.22824272513389587,0.21108122169971466,0.1780124455690384,0.005293253343552351,0.06996555626392365,0.022716233506798744,0.13472147285938263,0.05314503237605095,0.43782034516334534,0.18845976889133453,0.6452773809432983
0.39254531264305115,0.1547621786594391,0.23012499511241913,0.010127972811460495,0.08901409059762955,0.08132722228765488,0.22664712369441986,0.09536565095186234,0.30059316754341125,0.2363368570804596,0.4596574604511261
0.30680039525032043,0.1717652976512909,0.16808263957500458,0.04497963935136795,0.12037671357393265,0.04790529981255531,0.23917174339294434,0.13863030076026917,0.42644014954566956,0.2579921782016754,0.23480743169784546
0.25892385840415955,0.15647026896476746,0.20978286862373352,0.011986012570559978,0.08542673289775848,0.09252379089593887,0.23166517913341522,0.07480087876319885,0.48099198937416077,0.31404900550842285,0.5696012377738953
0.31546497344970703,0.2358061969280243,0.23134411871433258,0.13725674152374268,0.12725931406021118,0.1678713858127594,0.4073615074157715,0.1802985519170761,0.33762651681900024,0.2769708037376404,0.19295889139175415
0.28898608684539795,0.2104307860136032,0.21725332736968994,0.12929973006248474,0.11716078221797943,0.18667006492614746,0.4479500353336334,0.1757352501153946,0.47166329622268677,0.3491794466972351,0.2567209303379059
0.2734558880329132,0.24602526426315308,0.15954679250717163,0.04955552890896797,0.11205326020717621,0.055284664034843445,0.24217632412910461,0.1241750493645668,0.47227904200553894,0.2773855924606323,0.3355271518230438
0.30843818187713623,0.14151889085769653,0.23409613966941833,0.011992883868515491,0.10108010470867157,0.0827704444527626,0.23394101858139038,0.08986956626176834,0.451932817697525,0.36071279644966125,0.49915438890457153
0.2588348090648651,0.15694350004196167,0.1827775537967682,0.01379904430359602,0.11550544947385788,0.09990490972995758,0.29767289757728577,0.11459702998399734,0.5820049047470093,0.395047128200531,0.3369685709476471
0.3414253890514374,0.19588959217071533,0.22241897881031036,0.03917628899216652,0.07820222526788712,0.10424037277698517,0.27533772587776184,0.08779731392860413,0.3532094955444336,0.255756139755249,0.5838092565536499
0.2807784378528595,0.2156302034854889,0.21434654295444489,0.14023059606552124,0.13519304990768433,0.1851937472820282,0.4314146935939789,0.18021260201931,0.39944934844970703,0.3205423653125763,0.20951269567012787
0.32514578104019165,0.17679201066493988,0.1940186321735382,0.24308623373508453,0.13115225732326508,0.07689346373081207,0.29583266377449036,0.23209291696548462,0.34563398361206055,0.3056375980377197,0.18522335588932037
0.32696279883384705,0.36770644783973694,0.21666570007801056,0.18446721136569977,0.13488879799842834,0.17900581657886505,0.46345651149749756,0.20638243854045868,0.36497172713279724,0.35784485936164856,0.20496320724487305
0.2960280179977417,0.12504670023918152,0.2192930430173874,0.02319597266614437,0.10780332237482071,0.09527238458395004,0.2672439515590668,0.10130997002124786,0.4828498065471649,0.4063848853111267,0.45419013500213623
0.2700915038585663,0.22702142596244812,0.21316072344779968,0.1012844666838646,0.12453706562519073,0.1911868453025818,0.4263806939125061,0.15782152116298676,0.3458573520183563,0.2364787608385086,0.19095884263515472
0.3958827257156372,0.1450396031141281,0.2758406400680542,0.22311466932296753,0.1299065798521042,0.16105613112449646,0.38899487257003784,0.24254287779331207,0.4087165594100952,0.4444020092487335,0.17155562341213226
0.30546003580093384,0.16195490956306458,0.24276518821716309,0.09488114714622498,0.07810215651988983,0.17277100682258606,0.35611215233802795,0.11416058987379074,0.3834860324859619,0.32181107997894287,0.5435741543769836
0.3690375089645386,0.16502268612384796,0.2256869524717331,0.010298898443579674,0.07870061695575714,0.06468277424573898,0.18280787765979767,0.07260444760322571,0.28563836216926575,0.2521102726459503,0.6109151840209961
0.248544842004776,0.17706501483917236,0.16944599151611328,0.024641191586852074,0.11067207157611847,0.1493227183818817,0.3513292074203491,0.10867766290903091,0.46687400341033936,0.2984350323677063,0.3361799716949463
0.3599172532558441,0.19621147215366364,0.2054494321346283,0.06533076614141464,0.11432094126939774,0.0944845899939537,0.3082648813724518,0.14353592693805695,0.4080398976802826,0.30093222856521606,0.3236325979232788
0.3361291289329529,0.21914570033550262,0.24109169840812683,0.21322177350521088,0.12259157747030258,0.20093226432800293,0.45517751574516296,0.22268342971801758,0.4139930009841919,0.3982647657394409,0.20791707932949066
0.2992604970932007,0.13501587510108948,0.23451444506645203,0.2058134377002716,0.12726859748363495,0.15091276168823242,0.38011857867240906,0.21108876168727875,0.27840352058410645,0.24132384359836578,0.15206851065158844
0.32233092188835144,0.1622011959552765,0.22749625146389008,0.13058695197105408,0.11327953636646271,0.16635262966156006,0.38257473707199097,0.17120294272899628,0.429971307516098,0.3489437699317932,0.2986254096031189
0.2813645601272583,0.13225196301937103,0.24862296879291534,0.01571156457066536,0.10191652178764343,0.1387956738471985,0.313902348279953,0.09085440635681152,0.5394790172576904,0.48254796862602234,0.5346425175666809
0.3057824373245239,0.10896660387516022,0.23033255338668823,0.012620879337191582,0.11617764085531235,0.08487114310264587,0.2545432448387146,0.10843183845281601,0.5305893421173096,0.45869728922843933,0.3847905695438385
0.24253810942173004,0.1957225352525711,0.18166561424732208,0.023367460817098618,0.09731200337409973,0.07901876419782639,0.26661330461502075,0.10158685594797134,0.5857136845588684,0.36383500695228577,0.4518243074417114
0.28783416748046875,0.200487419962883,0.21692457795143127,0.05201730504631996,0.09270317107439041,0.11818550527095795,0.31913018226623535,0.10020970553159714,0.46468377113342285,0.35624435544013977,0.5445045232772827
0.15807406604290009,0.33863335847854614,0.1332782804965973,0.010527454316616058,0.05440197512507439,0.07236330211162567,0.20004373788833618,0.04883172735571861,0.6288012266159058,0.19196225702762604,0.710511326789856
0.2400633692741394,0.0886915847659111,0.2324293553829193,0.008608147501945496,0.07397092133760452,0.0625237300992012,0.15678660571575165,0.055765025317668915,0.4268985986709595,0.3704175055027008,0.638360321521759
0.3170129060745239,0.17085905373096466,0.22330357134342194,0.15954898297786713,0.12229862809181213,0.17836879193782806,0.4112973213195801,0.19390738010406494,0.39402034878730774,0.31761234998703003,0.20739805698394775
0.2920767664909363,0.19762471318244934,0.1790570169687271,0.1554926484823227,0.1008472666144371,0.152157723903656,0.33138781785964966,0.16757133603096008,0.37913528084754944,0.24849651753902435,0.33050620555877686
0.28390252590179443,0.29682618379592896,0.1732570081949234,0.0498482845723629,0.06999175995588303,0.06190207228064537,0.20183777809143066,0.07054045051336288,0.3859112858772278,0.22816090285778046,0.690515398979187
0.2595306932926178,0.34683293104171753,0.18075484037399292,0.13487155735492706,0.12670639157295227,0.20189057290554047,0.47496655583381653,0.17375721037387848,0.418200820684433,0.2871822714805603,0.2152949571609497
0.32282277941703796,0.20603977143764496,0.1941404640674591,0.05160043016076088,0.08764149248600006,0.08136080205440521,0.25846296548843384,0.10635971277952194,0.3899766504764557,0.24331898987293243,0.47425946593284607
0.2823216915130615,0.2070242315530777,0.198307067155838,0.012477784417569637,0.12051210552453995,0.11038904637098312,0.3045981526374817,0.09925337135791779,0.4861491024494171,0.3312838077545166,0.4220508635044098
0.3004433512687683,0.3682684004306793,0.22531063854694366,0.09316698461771011,0.0903664156794548,0.07519373297691345,0.2935367822647095,0.10703270137310028,0.4958168566226959,0.38316893577575684,0.6812138557434082
0.2321440726518631,0.18999922275543213,0.1651049554347992,0.11935494840145111,0.10028267651796341,0.09263084828853607,0.2778160572052002,0.14927031099796295,0.5405083298683167,0.3168056905269623,0.3606574833393097
0.250646710395813,0.3274901807308197,0.1652214676141739,0.04742284491658211,0.0647410899400711,0.055923014879226685,0.19506803154945374,0.05813175439834595,0.45860785245895386,0.31653791666030884,0.7861197590827942
0.28141292929649353,0.19289900362491608,0.20343689620494843,0.020087044686079025,0.14979319274425507,0.16680333018302917,0.37696969509124756,0.12414375692605972,0.3848167955875397,0.27421995997428894,0.23414114117622375
0.21656304597854614,0.14190737903118134,0.1600818783044815,0.03032691217958927,0.1129627376794815,0.1231784000992775,0.3377693295478821,0.11994940787553787,0.5771243572235107,0.3216226398944855,0.30775925517082214
0.2335149198770523,0.12440504878759384,0.21222500503063202,0.013461573980748653,0.07077843695878983,0.10625828802585602,0.21081870794296265,0.05033235624432564,0.44154849648475647,0.3337407112121582,0.6991729140281677
0.2911633551120758,0.13408802449703217,0.17210476100444794,0.14653079211711884,0.10502302646636963,0.05263391137123108,0.20720067620277405,0.169373020529747,0.43874046206474304,0.31536442041397095,0.3054978549480438
0.269513875246048,0.16840291023254395,0.20976071059703827,0.011740514077246189,0.11652978509664536,0.06753477454185486,0.24144797027111053,0.10452309995889664,0.5480091571807861,0.38262468576431274,0.3960835039615631
0.24875889718532562,0.3232439458370209,0.1573411077260971,0.17972013354301453,0.09502909332513809,0.16215728223323822,0.3354170024394989,0.15732897818088531,0.3507479131221771,0.2603956162929535,0.41282063722610474
0.28029075264930725,0.32986927032470703,0.2107468694448471,0.17615002393722534,0.13553285598754883,0.1789906919002533,0.4691407382488251,0.19991712272167206,0.4144689738750458,0.362136572599411,0.19491145014762878
0.21712931990623474,0.13286510109901428,0.1952570080757141,0.02140846475958824,0.0679134875535965,0.06967657804489136,0.18881624937057495,0.04809369519352913,0.46507886052131653,0.32754576206207275,0.723348081111908
0.23133617639541626,0.2014661282300949,0.19707801938056946,0.11300486326217651,0.07076916098594666,0.14485545456409454,0.27844879031181335,0.09823337942361832,0.45296111702919006,0.27355000376701355,0.659064531326294
0.3489706814289093,0.2524230480194092,0.2639709413051605,0.1953481286764145,0.12681421637535095,0.19174006581306458,0.43914029002189636,0.21366864442825317,0.3145863711833954,0.33366063237190247,0.17010807991027832
0.23733744025230408,0.2521677613258362,0.22449299693107605,0.03255218639969826,0.2387734353542328,0.06897560507059097,0.2622718811035156,0.12572915852069855,0.3994462192058563,0.2511793375015259,0.20627380907535553
0.2831534743309021,0.2251967042684555,0.20765721797943115,0.22685767710208893,0.12643028795719147,0.16103826463222504,0.41136467456817627,0.2189357876777649,0.3420141339302063,0.31540563702583313,0.17690566182136536
0.38802215456962585,0.21681423485279083,0.23926317691802979,0.015880508348345757,0.09113815426826477,0.03806597739458084,0.15851996839046478,0.08541176468133926,0.3165943920612335,0.29420778155326843,0.5875808000564575
0.1995110660791397,0.3174876868724823,0.1261063665151596,0.008820164017379284,0.0878375917673111,0.038008470088243484,0.17229346930980682,0.07831910252571106,0.5521897673606873,0.20760755240917206,0.49949324131011963
0.27109286189079285,0.13763265311717987,0.2183801829814911,0.03754913806915283,0.10240642726421356,0.12701435387134552,0.30727678537368774,0.1052892804145813,0.515838086605072,0.4004976153373718,0.4600840210914612
0.23478524386882782,0.16718505322933197,0.19842220842838287,0.024261100217700005,0.06996976584196091,0.06858525425195694,0.18848592042922974,0.057992056012153625,0.4571116864681244,0.29871150851249695,0.6831120252609253
0.38824474811553955,0.2930380403995514,0.2239350527524948,0.11190508306026459,0.05712413415312767,0.1068478375673294,0.25724610686302185,0.1007501408457756,0.27666541934013367,0.22436045110225677,0.7174805998802185
0.35166558623313904,0.1396292895078659,0.2193579077720642,0.08633922040462494,0.1244392842054367,0.11740908026695251,0.33212849497795105,0.16319940984249115,0.453075647354126,0.3601042628288269,0.26226314902305603
0.34029421210289,0.14622454345226288,0.23211610317230225,0.2236481010913849,0.13125436007976532,0.15678489208221436,0.3711453676223755,0.23381376266479492,0.4387572407722473,0.3868270516395569,0.186954066157341
0.32460758090019226,0.22000481188297272,0.23999622464179993,0.1907244473695755,0.1257786601781845,0.17041175067424774,0.4111994504928589,0.20520734786987305,0.29042118787765503,0.28288915753364563,0.17464680969715118
0.231470987200737,0.2715485990047455,0.20425915718078613,0.04842926189303398,0.07190977782011032,0.09486167132854462,0.2563351094722748,0.07195649296045303,0.5427616834640503,0.37479716539382935,0.7213935256004333
0.47078222036361694,0.1799897700548172,0.2526645362377167,0.013860802166163921,0.11990330368280411,0.05585730820894241,0.2514232397079468,0.1468256711959839,0.35032305121421814,0.29569047689437866,0.22788667678833008
0.15684574842453003,0.23614875972270966,0.15645302832126617,0.015511236153542995,0.06161985918879509,0.07237768918275833,0.19918909668922424,0.044313568621873856,0.6282053589820862,0.3011798858642578,0.7635502219200134
0.2691095471382141,0.2882045805454254,0.20090900361537933,0.101158007979393,0.15778867900371552,0.14814528822898865,0.4156351089477539,0.16214217245578766,0.4118332266807556,0.30991244316101074,0.21650364995002747
0.40568846464157104,0.10756729543209076,0.21675705909729004,0.010183076374232769,0.09038375318050385,0.031532272696495056,0.13426333665847778,0.10593433678150177,0.2917999029159546,0.37962228059768677,0.3957582712173462
0.27511128783226013,0.23329362273216248,0.20876936614513397,0.15386123955249786,0.1236400157213211,0.17177076637744904,0.4376619756221771,0.18642115592956543,0.46474719047546387,0.3733876943588257,0.2409837543964386
0.39775633811950684,0.2675766944885254,0.2336757481098175,0.012121560983359814,0.12582318484783173,0.06631467491388321,0.2474377155303955,0.10541068762540817,0.35313937067985535,0.266050785779953,0.47131484746932983
0.211755633354187,0.09294428676366806,0.2061515748500824,0.009242330677807331,0.0878373235464096,0.07537202537059784,0.19371140003204346,0.07968473434448242,0.5531854629516602,0.3566325008869171,0.47718626260757446
0.2086872011423111,0.11329750716686249,0.22076617181301117,0.013159025460481644,0.0812951847910881,0.22264733910560608,0.36928871273994446,0.06854570657014847,0.5575105547904968,0.4753879904747009,0.6022810339927673
0.34607595205307007,0.35684844851493835,0.25523626804351807,0.19487887620925903,0.153085857629776,0.18998810648918152,0.4793952703475952,0.2182643562555313,0.3325549364089966,0.3730540871620178,0.16278673708438873
0.34320539236068726,0.0945950374007225,0.24043482542037964,0.01168634369969368,0.09216997772455215,0.08343673497438431,0.20664609968662262,0.08512506633996964,0.36436671018600464,0.4179615378379822,0.5135030746459961
0.21645884215831757,0.26605579257011414,0.17213380336761475,0.05257364362478256,0.06359832733869553,0.09833693504333496,0.2262527495622635,0.04992113262414932,0.47043001651763916,0.3061417043209076,0.8042758703231812
0.26299017667770386,0.17754912376403809,0.24438577890396118,0.09226927161216736,0.13612158596515656,0.17038631439208984,0.39126044511795044,0.14277057349681854,0.5161706805229187,0.39915040135383606,0.3836033344268799
0.3426840305328369,0.2729339897632599,0.19474780559539795,0.14674097299575806,0.1296820193529129,0.08022189140319824,0.31702905893325806,0.1892995685338974,0.38364043831825256,0.30580365657806396,0.21198368072509766
0.4400246739387512,0.1982976347208023,0.24621936678886414,0.010742198675870895,0.12552796304225922,0.03694934770464897,0.2140282392501831,0.13844045996665955,0.32121333479881287,0.2640131115913391,0.21765287220478058
0.2960221767425537,0.20213523507118225,0.22062253952026367,0.1675790250301361,0.12550678849220276,0.13843195140361786,0.37003475427627563,0.19940510392189026,0.4023239314556122,0.3000583052635193,0.16955538094043732
0.2681366801261902,0.2281504124403,0.22788715362548828,0.07962387055158615,0.19570860266685486,0.18026340007781982,0.4073614776134491,0.14965738356113434,0.3917156755924225,0.3019990921020508,0.23800694942474365
0.2781524658203125,0.13164174556732178,0.18234367668628693,0.143970787525177,0.08951506018638611,0.09832657873630524,0.24080966413021088,0.1471928358078003,0.38457632064819336,0.25618037581443787,0.41060376167297363
0.3667788505554199,0.2326728254556656,0.2556562125682831,0.21341630816459656,0.12359009683132172,0.17243050038814545,0.42970794439315796,0.22675871849060059,0.3572501838207245,0.4105032980442047,0.19111165404319763
0.3232274353504181,0.11568010598421097,0.23323003947734833,0.22513863444328308,0.1367170363664627,0.10340528190135956,0.32883062958717346,0.22080962359905243,0.24643157422542572,0.23846131563186646,0.15309736132621765
0.30988919734954834,0.2403779923915863,0.1931515634059906,0.018896136432886124,0.15853339433670044,0.05962023138999939,0.2885568141937256,0.1345004290342331,0.4567263424396515,0.3303232192993164,0.23140443861484528
0.28853103518486023,0.24232494831085205,0.2010621875524521,0.13476327061653137,0.13248656690120697,0.18656525015830994,0.4353313148021698,0.17580972611904144,0.4091748297214508,0.32330259680747986,0.2375742644071579
0.2930988073348999,0.18498148024082184,0.19903521239757538,0.21107392013072968,0.11884627491235733,0.20967482030391693,0.4197338819503784,0.20376531779766083,0.4272506833076477,0.3110278844833374,0.28161412477493286
0.35951635241508484,0.09977060556411743,0.24709023535251617,0.009972051717340946,0.09070053696632385,0.13202764093875885,0.2696416676044464,0.08242956548929214,0.3149346113204956,0.3211364150047302,0.5086773633956909
0.344732403755188,0.24693743884563446,0.3132355809211731,0.128190279006958,0.22050657868385315,0.16879363358020782,0.3575063943862915,0.1797969937324524,0.24696272611618042,0.24111118912696838,0.15849195420742035
0.21283955872058868,0.27607372403144836,0.1614379584789276,0.05198679864406586,0.062106505036354065,0.08238539844751358,0.21154950559139252,0.043360792100429535,0.4644067883491516,0.33604031801223755,0.8420072793960571
0.3414626121520996,0.18185825645923615,0.24246060848236084,0.01706911250948906,0.11837389320135117,0.06517653912305832,0.2372146099805832,0.10286327451467514,0.46497842669487,0.4234829545021057,0.4942568838596344
0.3170618414878845,0.152096688747406,0.22139202058315277,0.011559664271771908,0.09486199170351028,0.08343516290187836,0.23208507895469666,0.08764192461967468,0.4128662645816803,0.30930769443511963,0.503889799118042
0.3446158766746521,0.12464465945959091,0.21204900741577148,0.015055240131914616,0.10990030318498611,0.06551863998174667,0.2264828234910965,0.11163059622049332,0.4120236933231354,0.3308543264865875,0.3572516143321991
0.2615147531032562,0.27887725830078125,0.16082899272441864,0.057631999254226685,0.07628238946199417,0.09969484806060791,0.2687331438064575,0.08943978697061539,0.3883811831474304,0.19920365512371063,0.5409349799156189
0.28724855184555054,0.286338746547699,0.18747621774673462,0.05545376241207123,0.06899498403072357,0.09144081920385361,0.23610572516918182,0.07016699761152267,0.38580062985420227,0.2291732281446457,0.7158167958259583
0.3482930660247803,0.28279149532318115,0.1814637929201126,0.011047021485865116,0.0931791290640831,0.07303419709205627,0.23713795840740204,0.08928800374269485,0.3359898626804352,0.19492843747138977,0.502074122428894
0.41430234909057617,0.17996865510940552,0.26654163002967834,0.01653042621910572,0.11199724674224854,0.058887407183647156,0.210039883852005,0.10051852464675903,0.32118159532546997,0.33440253138542175,0.5115752220153809
0.20119039714336395,0.1508147418498993,0.21332930028438568,0.010729419067502022,0.0878463089466095,0.10180595517158508,0.24003587663173676,0.07501500099897385,0.6160759925842285,0.39198198914527893,0.5653893351554871
0.25915589928627014,0.2936740219593048,0.21402662992477417,0.17183917760849,0.14419379830360413,0.1354077011346817,0.4202425479888916,0.20028498768806458,0.43505534529685974,0.3288160562515259,0.16662561893463135
0.2784600853919983,0.21974357962608337,0.18861038982868195,0.1245591789484024,0.1253570169210434,0.11878763884305954,0.3689115345478058,0.17599986493587494,0.4583326578140259,0.3191087245941162,0.20948022603988647
0.2896564304828644,0.20943686366081238,0.23075444996356964,0.10712994635105133,0.12559837102890015,0.15427450835704803,0.4390849769115448,0.17325684428215027,0.6085608601570129,0.4391797184944153,0.2983417510986328
0.2599923014640808,0.19574640691280365,0.19084657728672028,0.022488834336400032,0.0775998905301094,0.08613426983356476,0.2253381609916687,0.06933947652578354,0.4273839294910431,0.2315201610326767,0.6059865355491638
0.19739718735218048,0.1885865479707718,0.16777722537517548,0.05377195402979851,0.08802412450313568,0.1571880728006363,0.35880568623542786,0.10027305781841278,0.5386686325073242,0.2759999632835388,0.47038984298706055
0.3099129796028137,0.17963747680187225,0.2178085744380951,0.1937897950410843,0.13565227389335632,0.0804000124335289,0.32280686497688293,0.2075670212507248,0.3283543288707733,0.29963260889053345,0.16769981384277344
0.2398800104856491,0.2258390188217163,0.21631647646427155,0.03764274716377258,0.0729803517460823,0.0707947164773941,0.21317030489444733,0.07113704085350037,0.5335986614227295,0.40802115201950073,0.6947930455207825
0.30953046679496765,0.24128445982933044,0.26545578241348267,0.05544041842222214,0.07690398395061493,0.17356730997562408,0.38400766253471375,0.08224021643400192,0.43862733244895935,0.3379181921482086,0.7186825275421143
0.20136992633342743,0.23221643269062042,0.13375639915466309,0.09569964557886124,0.1028456911444664,0.14555419981479645,0.36033526062965393,0.1418890804052353,0.522368848323822,0.2681547999382019,0.2980610728263855
0.28749245405197144,0.17934466898441315,0.1957569420337677,0.02131175622344017,0.08223231136798859,0.05657290294766426,0.1965334117412567,0.08472387492656708,0.4526422619819641,0.31264302134513855,0.5422813892364502
0.39052093029022217,0.14253666996955872,0.23351739346981049,0.01674596779048443,0.08767592161893845,0.062236059457063675,0.1994413584470749,0.09419914335012436,0.3232986032962799,0.3461596667766571,0.5154266357421875
0.2549266517162323,0.2661327123641968,0.1688079982995987,0.17063575983047485,0.11538098752498627,0.1919127255678177,0.4268637001514435,0.18002961575984955,0.4467388987541199,0.32604750990867615,0.28692758083343506
0.19780831038951874,0.140093594789505,0.1621282696723938,0.10036443918943405,0.0911521166563034,0.10459648072719574,0.26076236367225647,0.13059616088867188,0.5313446521759033,0.24098530411720276,0.37872153520584106
0.2095186561346054,0.14253325760364532,0.1793631911277771,0.012546224519610405,0.09189970046281815,0.07161883264780045,0.22045272588729858,0.09450963884592056,0.6250693202018738,0.3740878105163574,0.4331328868865967
0.28197914361953735,0.14055995643138885,0.22080440819263458,0.02056296542286873,0.07937696576118469,0.09284090995788574,0.22738201916217804,0.07168187946081161,0.44043147563934326,0.37562650442123413,0.6241953372955322
0.2240975946187973,0.139229878783226,0.20863772928714752,0.010674789547920227,0.0684182271361351,0.11526113748550415,0.21224020421504974,0.037183962762355804,0.4254124164581299,0.304251492023468,0.7725333571434021
0.2343842089176178,0.2571924030780792,0.15132027864456177,0.11227589100599289,0.12009845674037933,0.12913648784160614,0.36433568596839905,0.16198036074638367,0.4647817015647888,0.2893562912940979,0.22077986598014832
0.20052041113376617,0.09602295607328415,0.17334777116775513,0.009722938761115074,0.09537555277347565,0.05006862059235573,0.18119122087955475,0.10395547747612,0.6542513966560364,0.4045478105545044,0.341942697763443
0.2745119333267212,0.24112458527088165,0.2497483491897583,0.11276628077030182,0.16863156855106354,0.17520782351493835,0.41488364338874817,0.16897700726985931,0.381186306476593,0.2870159447193146,0.18574759364128113
0.2788149416446686,0.20502854883670807,0.25223323702812195,0.16548824310302734,0.1254863142967224,0.17760904133319855,0.4347076416015625,0.19713422656059265,0.4233640432357788,0.35200658440589905,0.17545121908187866
0.36017730832099915,0.18099051713943481,0.22815854847431183,0.014383522793650627,0.08171981573104858,0.06700693070888519,0.19436797499656677,0.07591444253921509,0.331502765417099,0.3115297257900238,0.6267727613449097
0.34489205479621887,0.2292827069759369,0.24649491906166077,0.014105584472417831,0.18839380145072937,0.12250886857509613,0.3294861614704132,0.1285950243473053,0.3748704791069031,0.32382839918136597,0.26685476303100586
0.34425243735313416,0.25476616621017456,0.23026350140571594,0.2305610328912735,0.12238946557044983,0.19174128770828247,0.44872307777404785,0.22785882651805878,0.3652188181877136,0.3882218599319458,0.21223846077919006
0.21669262647628784,0.37010657787323,0.24469298124313354,0.16808977723121643,0.10873141139745712,0.1528102606534958,0.3978999853134155,0.140326127409935,0.5531081557273865,0.35555300116539,0.6358205080032349
0.35685139894485474,0.09988487511873245,0.248178631067276,0.01205927412956953,0.10653933882713318,0.11062896996736526,0.25856685638427734,0.09834010154008865,0.3970624506473541,0.43289297819137573,0.45232298970222473
0.3106294572353363,0.16021937131881714,0.23975932598114014,0.011989213526248932,0.1043488085269928,0.0763373076915741,0.22882415354251862,0.0880109891295433,0.45119014382362366,0.35594576597213745,0.5235103964805603
0.3150763511657715,0.1343996524810791,0.19140613079071045,0.18306812644004822,0.08832737803459167,0.08790955692529678,0.2312110811471939,0.1659136563539505,0.33259332180023193,0.26762187480926514,0.43033331632614136
0.3005983233451843,0.21001073718070984,0.21590594947338104,0.12472310662269592,0.09515435248613358,0.11453621834516525,0.3153785467147827,0.14647167921066284,0.47609835863113403,0.3558398187160492,0.45988157391548157
0.3671058416366577,0.15533262491226196,0.218906968832016,0.2869821786880493,0.13349568843841553,0.14704076945781708,0.38603347539901733,0.26405683159828186,0.31129345297813416,0.3464871942996979,0.16733354330062866
0.27457043528556824,0.23699167370796204,0.24279436469078064,0.12969516217708588,0.1639685481786728,0.1748901605606079,0.4089113175868988,0.17406676709651947,0.3338947892189026,0.25728729367256165,0.1734255701303482
0.36704522371292114,0.2017218917608261,0.26736965775489807,0.1927664577960968,0.11818844079971313,0.18368954956531525,0.42189210653305054,0.2140863686800003,0.31100690364837646,0.31062135100364685,0.17566491663455963
0.4522700011730194,0.2596781253814697,0.2380378693342209,0.013837684877216816,0.1380625069141388,0.05710195377469063,0.2651175558567047,0.14033901691436768,0.34274914860725403,0.2899104654788971,0.2733203172683716
0.3610580861568451,0.13697075843811035,0.24647033214569092,0.015043571591377258,0.07403518259525299,0.09277226775884628,0.21402138471603394,0.06976306438446045,0.3269731104373932,0.3972316384315491,0.6693967580795288
0.3207944333553314,0.15905679762363434,0.22709056735038757,0.090851791203022,0.10120024532079697,0.12815876305103302,0.32836106419563293,0.13551193475723267,0.4300701320171356,0.3539547920227051,0.42012205719947815
0.40318062901496887,0.13897721469402313,0.20958179235458374,0.08275296539068222,0.11282933503389359,0.0549396388232708,0.22283609211444855,0.16095919907093048,0.3497423529624939,0.27569207549095154,0.2467702329158783
0.3416273891925812,0.3337878882884979,0.25984784960746765,0.16658905148506165,0.2908245623111725,0.09156753867864609,0.3967352509498596,0.20320647954940796,0.30627304315567017,0.3822111189365387,0.1938176304101944
0.20289354026317596,0.25912201404571533,0.14850234985351562,0.06729686260223389,0.11717494577169418,0.1532616913318634,0.43340495228767395,0.1330537647008896,0.6019582748413086,0.3667730689048767,0.3504486083984375
0.2792079448699951,0.18274490535259247,0.21155142784118652,0.07766059041023254,0.13184882700443268,0.14737264811992645,0.4070950150489807,0.15851454436779022,0.5509002208709717,0.39762476086616516,0.2588484585285187
0.25037699937820435,0.13060030341148376,0.17932933568954468,0.05668115243315697,0.10400266945362091,0.06720724701881409,0.2306286245584488,0.12614157795906067,0.5298250913619995,0.3113473951816559,0.33414411544799805
0.22261865437030792,0.214638814330101,0.16552652418613434,0.09697025269269943,0.11641392111778259,0.18209059536457062,0.43366923928260803,0.15126439929008484,0.46692559123039246,0.27879199385643005,0.2422030121088028
0.35353949666023254,0.08426801860332489,0.23298077285289764,0.011472949758172035,0.13213062286376953,0.16335469484329224,0.351262629032135,0.1333712935447693,0.5221595168113708,0.47746962308883667,0.26675766706466675
0.2142503410577774,0.10267787426710129,0.1637054979801178,0.07981976866722107,0.1124362051486969,0.16205336153507233,0.3618757426738739,0.14274272322654724,0.5413556694984436,0.2600894570350647,0.2735709846019745
0.22027920186519623,0.11109939962625504,0.19524146616458893,0.018622558563947678,0.07142337411642075,0.04712675139307976,0.16154897212982178,0.05931330844759941,0.4696635603904724,0.31856051087379456,0.6293459534645081
0.2950468361377716,0.13401180505752563,0.2245277762413025,0.03276938199996948,0.08233407139778137,0.12013489753007889,0.27785247564315796,0.08459078520536423,0.4186052978038788,0.3630144000053406,0.5637233853340149
0.26976996660232544,0.16474030911922455,0.22366632521152496,0.017722927033901215,0.07240348309278488,0.11299661546945572,0.23034653067588806,0.05437185615301132,0.42339465022087097,0.35451725125312805,0.7308926582336426
0.40215930342674255,0.3162253201007843,0.21073086559772491,0.05527430772781372,0.05642590671777725,0.06482882052659988,0.20610690116882324,0.0756697952747345,0.27068692445755005,0.19502219557762146,0.7333991527557373
0.29598870873451233,0.18158966302871704,0.21356511116027832,0.09908716380596161,0.12497846782207489,0.13889524340629578,0.39754390716552734,0.16672886908054352,0.5294565558433533,0.38787415623664856,0.26475054025650024
0.24790887534618378,0.22474245727062225,0.2908340096473694,0.0485219806432724,0.31774869561195374,0.19865648448467255,0.375846266746521,0.13684116303920746,0.30237647891044617,0.205289825797081,0.2041560858488083
0.41043511033058167,0.2756558060646057,0.2832203209400177,0.14273349940776825,0.13196998834609985,0.11084569990634918,0.37691566348075867,0.17955870926380157,0.3470528721809387,0.3731060326099396,0.3686571717262268
0.25711947679519653,0.24166472256183624,0.16654309630393982,0.013556310907006264,0.06833844631910324,0.06222578510642052,0.19653908908367157,0.05466253310441971,0.4046184718608856,0.17518991231918335,0.6795651912689209
0.17557166516780853,0.19195128977298737,0.17654584348201752,0.024473678320646286,0.06259690970182419,0.06117060035467148,0.18754695355892181,0.04481898993253708,0.5567781329154968,0.2889138460159302,0.7596416473388672
0.26320749521255493,0.15416651964187622,0.19953428208827972,0.013262532651424408,0.09645875543355942,0.1643238216638565,0.34127116203308105,0.08675302565097809,0.48723286390304565,0.3481793999671936,0.49555692076683044
0.32874369621276855,0.157096266746521,0.2418852150440216,0.09103292226791382,0.12518545985221863,0.11558753252029419,0.3508601486682892,0.1634320616722107,0.5643483400344849,0.4508490562438965,0.3207084536552429
0.24014529585838318,0.280996710062027,0.15662744641304016,0.05143487825989723,0.06051119044423103,0.05785204842686653,0.18873415887355804,0.045274242758750916,0.4199850559234619,0.360627144575119,0.8401896357536316
0.2494310736656189,0.16732612252235413,0.20002010464668274,0.013747015967965126,0.09018974006175995,0.09771731495857239,0.249497652053833,0.0823759213089943,0.526000440120697,0.3699130117893219,0.5353483557701111
0.24218446016311646,0.3515302538871765,0.10539860278367996,0.07076548039913177,0.123021699488163,0.04814501851797104,0.2551823556423187,0.14824321866035461,0.47170376777648926,0.21691423654556274,0.19280192255973816
0.310996413230896,0.195068821310997,0.22522909939289093,0.18478387594223022,0.12705375254154205,0.1619914174079895,0.4059281349182129,0.21058104932308197,0.5056816339492798,0.42974624037742615,0.23151639103889465
0.3330375850200653,0.157464399933815,0.2225012332201004,0.14716613292694092,0.12216644734144211,0.15829616785049438,0.3775615990161896,0.18702982366085052,0.40349340438842773,0.331480473279953,0.23422598838806152
0.3082217574119568,0.1748500019311905,0.20739279687404633,0.009257922880351543,0.08635355532169342,0.038867074996232986,0.15298442542552948,0.07984227687120438,0.39651915431022644,0.26583409309387207,0.5363959074020386
0.25597894191741943,0.2692708671092987,0.23845171928405762,0.05474873259663582,0.275210440158844,0.13056443631649017,0.3655036389827728,0.14194856584072113,0.3728563189506531,0.2843922972679138,0.2211368978023529
0.31522679328918457,0.25597497820854187,0.19984054565429688,0.06956911087036133,0.1289973258972168,0.07588863372802734,0.3358887732028961,0.14850957691669464,0.5712795853614807,0.4419212341308594,0.3674534559249878
0.4257834851741791,0.17502343654632568,0.2437477856874466,0.11724995821714401,0.10835475474596024,0.10918305069208145,0.3103277385234833,0.17426283657550812,0.3354233503341675,0.293456107378006,0.3028169870376587
0.3220612704753876,0.14781011641025543,0.2287921905517578,0.08395474404096603,0.09211298823356628,0.1293865293264389,0.31196966767311096,0.12674206495285034,0.4099237322807312,0.34588921070098877,0.4477565288543701
0.2767489552497864,0.17749767005443573,0.2215718924999237,0.015366792678833008,0.09183808416128159,0.09908304363489151,0.2620573341846466,0.08247243613004684,0.5039754509925842,0.38396909832954407,0.571969747543335
0.20825067162513733,0.12607376277446747,0.1807858645915985,0.0699579268693924,0.11030914634466171,0.1733701527118683,0.3910958468914032,0.1363212615251541,0.6068170666694641,0.3553362488746643,0.3285222053527832
0.24285978078842163,0.112311452627182,0.17674696445465088,0.1317494511604309,0.12183088809251785,0.18094098567962646,0.3841431140899658,0.1746712327003479,0.4908806085586548,0.2680182456970215,0.22208194434642792
0.1369292438030243,0.3650360107421875,0.104436494410038,0.03436075150966644,0.060664307326078415,0.08762600272893906,0.2351110428571701,0.039522718638181686,0.6491431593894958,0.30275648832321167,0.851874053478241
0.2551937401294708,0.21346502006053925,0.20212459564208984,0.02157542109489441,0.07417415082454681,0.05006270855665207,0.17809098958969116,0.06375586986541748,0.4851533770561218,0.4012889862060547,0.6998014450073242
0.2580936551094055,0.18385927379131317,0.22460661828517914,0.1467137336730957,0.11193785816431046,0.20075911283493042,0.4449743926525116,0.17570897936820984,0.3609153628349304,0.2481652945280075,0.21001885831356049
0.3779217302799225,0.16580072045326233,0.2514496445655823,0.007625934202224016,0.09889747202396393,0.030764570459723473,0.14512088894844055,0.08095318078994751,0.2797054946422577,0.24852561950683594,0.5466300845146179
0.37699654698371887,0.2906452417373657,0.23109938204288483,0.16061089932918549,0.12408016622066498,0.15349425375461578,0.430782675743103,0.200972318649292,0.4272995889186859,0.4075799882411957,0.27129238843917847
0.3641977906227112,0.19761137664318085,0.21426908671855927,0.013902386650443077,0.07119216024875641,0.09510776400566101,0.2238302379846573,0.06388448178768158,0.28759127855300903,0.2177862823009491,0.6809601783752441
0.35326287150382996,0.11148683726787567,0.23680247366428375,0.012831843458116055,0.1045544371008873,0.08859720826148987,0.24572521448135376,0.10209242254495621,0.3852429687976837,0.33637532591819763,0.39709511399269104
0.3316957950592041,0.251862496137619,0.2769440710544586,0.01224206667393446,0.12425877153873444,0.08259880542755127,0.2464785873889923,0.07356094568967819,0.4245934784412384,0.32330912351608276,0.6705095767974854
0.2738147974014282,0.11532042920589447,0.1831202208995819,0.017637107521295547,0.10245381295681,0.18549692630767822,0.36298197507858276,0.10040655732154846,0.434230238199234,0.32070592045783997,0.37217792868614197
0.30379271507263184,0.12361308187246323,0.19875548779964447,0.0860414206981659,0.07659079879522324,0.06630443036556244,0.19926290214061737,0.11325331777334213,0.34973636269569397,0.22372236847877502,0.4584648907184601
0.24036486446857452,0.2335672229528427,0.15168941020965576,0.009091099724173546,0.12594226002693176,0.06371784955263138,0.2515561282634735,0.11609601974487305,0.48807427287101746,0.2550206780433655,0.21807906031608582
0.3958277702331543,0.14831458032131195,0.27970898151397705,0.221797913312912,0.12939345836639404,0.16424530744552612,0.39593029022216797,0.24207749962806702,0.4109964370727539,0.45138972997665405,0.1703273355960846
0.24600115418434143,0.13754211366176605,0.20435048639774323,0.010853285901248455,0.09333936870098114,0.05961020663380623,0.1912074089050293,0.0855739638209343,0.5222316980361938,0.3466348946094513,0.48631587624549866
0.4021671712398529,0.29442280530929565,0.21327874064445496,0.2708824872970581,0.10858409851789474,0.12545888125896454,0.3432437479496002,0.23911912739276886,0.34840860962867737,0.31595364212989807,0.4010920226573944
0.33928975462913513,0.18853215873241425,0.23545028269290924,0.1845095455646515,0.11884162575006485,0.1240832507610321,0.3514536917209625,0.20678897202014923,0.4898352324962616,0.4371147155761719,0.28311029076576233
0.26231348514556885,0.12309230864048004,0.18237601220607758,0.1420346200466156,0.11256573349237442,0.1748189777135849,0.3627520203590393,0.17181962728500366,0.40266087651252747,0.2523033916950226,0.24464215338230133
0.22113476693630219,0.19027651846408844,0.12854626774787903,0.247209370136261,0.11285993456840515,0.08662504702806473,0.26850152015686035,0.21031135320663452,0.5289589166641235,0.31230834126472473,0.33095309138298035
0.34918683767318726,0.13199849426746368,0.21355153620243073,0.0575571246445179,0.11339260637760162,0.0743054524064064,0.2489776313304901,0.13511395454406738,0.4171751141548157,0.3359526991844177,0.3268662691116333
0.4329645335674286,0.1976386159658432,0.21618926525115967,0.009145112708210945,0.0926232784986496,0.04991523548960686,0.19499336183071136,0.11597725003957748,0.2882553040981293,0.20199385285377502,0.35003840923309326
0.2961653470993042,0.21445050835609436,0.28384339809417725,0.022411208599805832,0.27063465118408203,0.09105052798986435,0.26201167702674866,0.12407903373241425,0.32833802700042725,0.25994178652763367,0.21490401029586792
0.3727351725101471,0.08681953698396683,0.23786090314388275,0.007446651812642813,0.07192224264144897,0.09504172205924988,0.18675576150417328,0.06240807846188545,0.21007533371448517,0.2946412265300751,0.6210102438926697
0.3622235357761383,0.189151793718338,0.27491214871406555,0.15857985615730286,0.12622372806072235,0.1669628918170929,0.39345595240592957,0.20191439986228943,0.3611922860145569,0.3466796278953552,0.16213898360729218
0.2973301112651825,0.08019557595252991,0.22647781670093536,0.00899368803948164,0.07892316579818726,0.07209110260009766,0.16963043808937073,0.06736890971660614,0.3467223048210144,0.34362125396728516,0.5657392144203186
0.30979466438293457,0.13957595825195312,0.23221729695796967,0.2671425938606262,0.13578848540782928,0.1361294686794281,0.3861916661262512,0.24455802142620087,0.29335442185401917,0.2753777801990509,0.1410416215658188
0.3064195513725281,0.2522900700569153,0.16503232717514038,0.0652746632695198,0.09099089354276657,0.04845644161105156,0.2142997831106186,0.12043778598308563,0.41991275548934937,0.23195801675319672,0.4087201654911041
0.29566797614097595,0.11865401268005371,0.21964509785175323,0.010254391469061375,0.09744574874639511,0.06948556005954742,0.2004217952489853,0.0896705910563469,0.44013920426368713,0.32799428701400757,0.4550175368785858
0.3946279287338257,0.2558116316795349,0.24238499999046326,0.11475403606891632,0.09464143216609955,0.11793556064367294,0.34128338098526,0.1491752415895462,0.360449880361557,0.30834153294563293,0.46095898747444153
0.4699852168560028,0.3415798842906952,0.25295063853263855,0.105476513504982,0.057552821934223175,0.04078232869505882,0.17334677278995514,0.11949584633111954,0.2301497906446457,0.16830740869045258,0.6276020407676697
0.28732240200042725,0.25713035464286804,0.20521624386310577,0.052536606788635254,0.06247365474700928,0.1633291244506836,0.30528807640075684,0.06016642972826958,0.3710385262966156,0.21865175664424896,0.7602351903915405
0.26921162009239197,0.34183549880981445,0.15519243478775024,0.13620592653751373,0.13130424916744232,0.09159624576568604,0.3553648591041565,0.17909173667430878,0.44502612948417664,0.2984720766544342,0.20295272767543793
0.30962318181991577,0.1571437418460846,0.1963643580675125,0.014035685919225216,0.12373156100511551,0.09696535021066666,0.29825955629348755,0.11946392804384232,0.5111158490180969,0.3801044225692749,0.31749701499938965
0.29767468571662903,0.20131005346775055,0.19753308594226837,0.12969635426998138,0.10119593143463135,0.16653862595558167,0.369894415140152,0.15505434572696686,0.41149306297302246,0.29485341906547546,0.3687077760696411
0.24995341897010803,0.21619869768619537,0.14990803599357605,0.048910461366176605,0.07678263634443283,0.09357322007417679,0.246975839138031,0.0904809758067131,0.377613365650177,0.17273050546646118,0.4761766493320465
0.3481539785861969,0.20540428161621094,0.23916369676589966,0.21455377340316772,0.12874525785446167,0.12486457824707031,0.36645063757896423,0.2192591279745102,0.34041130542755127,0.3609217703342438,0.2159634828567505
0.3084440231323242,0.13931973278522491,0.23768146336078644,0.1857047975063324,0.11683012545108795,0.2000834047794342,0.406230628490448,0.19699834287166595,0.47711366415023804,0.40075457096099854,0.31281211972236633
0.2816276550292969,0.13506247103214264,0.20078949630260468,0.25894829630851746,0.11931312829256058,0.16206853091716766,0.32797205448150635,0.24633674323558807,0.4235948324203491,0.2905416786670685,0.13553327322006226
0.4357537627220154,0.15149953961372375,0.24113541841506958,0.01219528540968895,0.11861546337604523,0.0442502461373806,0.2113005369901657,0.1328941285610199,0.37292349338531494,0.3528212010860443,0.28777313232421875
0.2881185710430145,0.1364726573228836,0.19046777486801147,0.26493653655052185,0.11747810244560242,0.14445556700229645,0.3211492896080017,0.24857433140277863,0.41269445419311523,0.2978685796260834,0.14129935204982758
0.2716340124607086,0.19236168265342712,0.2012905478477478,0.12419964373111725,0.11925546079874039,0.18419337272644043,0.43989771604537964,0.17219163477420807,0.4799148440361023,0.33314648270606995,0.24745039641857147
0.24183285236358643,0.15986905992031097,0.17124848067760468,0.09045539796352386,0.1037464514374733,0.21055284142494202,0.42567211389541626,0.12996722757816315,0.42399129271507263,0.2488366812467575,0.34613555669784546
0.35021838545799255,0.134316548705101,0.21492457389831543,0.016391105949878693,0.1104535460472107,0.06773141026496887,0.23204350471496582,0.11213752627372742,0.41359421610832214,0.3381876051425934,0.3739524483680725
0.21408629417419434,0.13535310328006744,0.19411373138427734,0.01811285875737667,0.08937536925077438,0.07325273007154465,0.22691082954406738,0.09264273941516876,0.6296526789665222,0.4265875220298767,0.47930172085762024
0.2891504168510437,0.20938386023044586,0.2124093621969223,0.11777010560035706,0.12208742648363113,0.17381753027439117,0.4075635075569153,0.16841089725494385,0.3586796224117279,0.2558329701423645,0.1981586366891861
0.3010777533054352,0.13572512567043304,0.20625799894332886,0.013085062615573406,0.11030348390340805,0.13110925257205963,0.31913653016090393,0.1082654818892479,0.49910062551498413,0.3925992250442505,0.38165605068206787
0.47804537415504456,0.18015743792057037,0.2676659822463989,0.013493791222572327,0.13075527548789978,0.06962734460830688,0.26896539330482483,0.14902067184448242,0.35632219910621643,0.33496615290641785,0.23287785053253174
0.26221418380737305,0.16281074285507202,0.18184317648410797,0.2094741016626358,0.09356170147657394,0.16459870338439941,0.3068346381187439,0.17935721576213837,0.40318065881729126,0.24421194195747375,0.41163548827171326
0.34485429525375366,0.2628088593482971,0.25384190678596497,0.21083129942417145,0.11803632229566574,0.1902007758617401,0.447806179523468,0.21789661049842834,0.3115488886833191,0.3597838580608368,0.18805524706840515
0.2122063785791397,0.28170204162597656,0.16124336421489716,0.052604395896196365,0.06270934641361237,0.08213070780038834,0.21185433864593506,0.04429922625422478,0.4679182171821594,0.33511340618133545,0.8395100235939026
0.444336473941803,0.11960234493017197,0.2486947476863861,0.00836937315762043,0.08131558448076248,0.04802670329809189,0.15318764746189117,0.09154573082923889,0.20147277414798737,0.27888399362564087,0.49365925788879395
0.3084535002708435,0.18691621720790863,0.1989007443189621,0.012305066920816898,0.10319065302610397,0.08302997797727585,0.25320300459861755,0.09630049765110016,0.4255174696445465,0.28000858426094055,0.4344177842140198
0.24520614743232727,0.1831045001745224,0.3162917494773865,0.01698436215519905,0.3235815465450287,0.14456579089164734,0.2800116539001465,0.11587580293416977,0.30673447251319885,0.1967100352048874,0.2038605958223343
0.1850448101758957,0.20691944658756256,0.1621633917093277,0.010668986476957798,0.07568465918302536,0.10385745763778687,0.24289968609809875,0.07011070847511292,0.5929433107376099,0.25643953680992126,0.559201180934906
0.4170776307582855,0.2709553837776184,0.22094398736953735,0.1628972589969635,0.06459362804889679,0.031843967735767365,0.17249153554439545,0.13961191475391388,0.23047634959220886,0.17432068288326263,0.5988596081733704
0.3977971374988556,0.23417772352695465,0.23081155121326447,0.06079801917076111,0.06384482979774475,0.07563959062099457,0.22241754829883575,0.09521694481372833,0.2654701769351959,0.18884405493736267,0.6000054478645325
0.2321784347295761,0.2046646773815155,0.2098219394683838,0.010742833837866783,0.17882001399993896,0.16831590235233307,0.37111222743988037,0.11271519958972931,0.4287453889846802,0.29217422008514404,0.2568534016609192
0.3547687828540802,0.26284071803092957,0.2706681787967682,0.19203917682170868,0.12361428886651993,0.1812615841627121,0.432927668094635,0.21296095848083496,0.30592411756515503,0.3531472980976105,0.16901738941669464
0.27573609352111816,0.34345605969429016,0.20447078347206116,0.1515103578567505,0.18329264223575592,0.12208151072263718,0.43381646275520325,0.19398857653141022,0.4853815734386444,0.405436635017395,0.20900951325893402
0.2594774663448334,0.3141501843929291,0.18125182390213013,0.07502143830060959,0.06649419665336609,0.0855499878525734,0.23813535273075104,0.0778764858841896,0.4389200210571289,0.26352235674858093,0.7066767811775208
0.34275612235069275,0.13228020071983337,0.24817000329494476,0.011748860590159893,0.0964658334851265,0.1005992740392685,0.24900351464748383,0.08434119075536728,0.37592363357543945,0.3391229808330536,0.5385611653327942
0.3469267189502716,0.2610759139060974,0.24730777740478516,0.18877092003822327,0.1224883645772934,0.1746608465909958,0.44464337825775146,0.21485033631324768,0.4169112741947174,0.4280926287174225,0.20497342944145203
0.2017916440963745,0.18643297255039215,0.1710767149925232,0.07225998491048813,0.08544770628213882,0.1406814008951187,0.321397602558136,0.10836021602153778,0.5343232750892639,0.2805156707763672,0.46529218554496765
0.27482184767723083,0.2344624102115631,0.20424626767635345,0.024908509105443954,0.07272206991910934,0.14317084848880768,0.28459811210632324,0.057650502771139145,0.41964191198349,0.27147752046585083,0.7303956747055054
0.33483076095581055,0.1414523720741272,0.23534543812274933,0.012643016874790192,0.12967397272586823,0.13385342061519623,0.32874149084091187,0.1168486550450325,0.4756167531013489,0.39519524574279785,0.3517082929611206
0.2605340778827667,0.21755224466323853,0.20946043729782104,0.16340532898902893,0.12041633576154709,0.19108405709266663,0.4507642090320587,0.18995997309684753,0.4284719228744507,0.32730135321617126,0.20198699831962585
0.24899214506149292,0.1650032252073288,0.18240289390087128,0.09440215677022934,0.10707071423530579,0.21067722141742706,0.4274303913116455,0.13511350750923157,0.4086955785751343,0.24751882255077362,0.3261936902999878
0.43158528208732605,0.1250712275505066,0.2287512719631195,0.0124037591740489,0.0963040292263031,0.06873913109302521,0.2158852517604828,0.11876386404037476,0.3049071431159973,0.2686787545681,0.3233603835105896
0.3262501358985901,0.22550363838672638,0.21543772518634796,0.2629280090332031,0.13170702755451202,0.15585149824619293,0.4076978862285614,0.2461419552564621,0.4004662334918976,0.4150230586528778,0.19553382694721222
0.26601487398147583,0.227080836892128,0.20987533032894135,0.1268264800310135,0.12540218234062195,0.17867375910282135,0.43089836835861206,0.17409716546535492,0.40911489725112915,0.29095184803009033,0.19394870102405548
0.3914831876754761,0.2172980159521103,0.25537022948265076,0.11208798736333847,0.08237964659929276,0.15147477388381958,0.3423462510108948,0.13620226085186005,0.31199583411216736,0.25968003273010254,0.5164503455162048
0.35598665475845337,0.3104248046875,0.21028871834278107,0.1375097930431366,0.06923597306013107,0.06857939809560776,0.2242274135351181,0.12267149239778519,0.33054444193840027,0.26606500148773193,0.6399697661399841
0.2740308344364166,0.09712999314069748,0.19878321886062622,0.011918707750737667,0.10232847929000854,0.07940100878477097,0.22542862594127655,0.10053016990423203,0.5031161904335022,0.37864950299263,0.3742450177669525
0.2044120579957962,0.32651761174201965,0.15675202012062073,0.06813505291938782,0.06869684904813766,0.0705067589879036,0.22821594774723053,0.0807441771030426,0.5475016832351685,0.2995844781398773,0.6710078716278076
0.38684144616127014,0.1741354614496231,0.2692520022392273,0.2228299230337143,0.14130611717700958,0.08509903401136398,0.32457977533340454,0.21878382563591003,0.2294946163892746,0.3031259775161743,0.23898635804653168
0.35951265692710876,0.13690929114818573,0.24036206305027008,0.009779982268810272,0.07921367138624191,0.07382132858037949,0.18939363956451416,0.06608778983354568,0.2740079164505005,0.2502489387989044,0.6318807005882263
0.27834299206733704,0.1382416933774948,0.18750086426734924,0.2559863030910492,0.11805077642202377,0.15255413949489594,0.3234877288341522,0.24305695295333862,0.4364452362060547,0.2951070964336395,0.1505814641714096
0.31313639879226685,0.10959485173225403,0.17578572034835815,0.1985521763563156,0.11923487484455109,0.08073697984218597,0.25304311513900757,0.20522776246070862,0.3513782322406769,0.2318040132522583,0.20350882411003113
0.38830024003982544,0.20459836721420288,0.2757467031478882,0.22133608162403107,0.12653662264347076,0.16963478922843933,0.4184590280056,0.23543515801429749,0.3413882255554199,0.43168339133262634,0.1732940822839737
0.3175615668296814,0.1866316795349121,0.23105648159980774,0.13714060187339783,0.13397108018398285,0.1724419742822647,0.40833035111427307,0.18534360826015472,0.4157373905181885,0.3434141278266907,0.2170829176902771
0.380820631980896,0.17189691960811615,0.27971917390823364,0.2578801214694977,0.13670571148395538,0.17457592487335205,0.4196876883506775,0.25940951704978943,0.3946094214916229,0.4419925808906555,0.15171799063682556
0.27669456601142883,0.14738285541534424,0.17598776519298553,0.18560825288295746,0.1273309588432312,0.08451781421899796,0.27970877289772034,0.2080240398645401,0.5291318893432617,0.3551847040653229,0.21079684793949127
0.44815605878829956,0.2447359263896942,0.2466338723897934,0.1524885892868042,0.0993308275938034,0.09607691317796707,0.3064602017402649,0.18542107939720154,0.3311450481414795,0.31548744440078735,0.36709585785865784
0.36580854654312134,0.319269061088562,0.21388116478919983,0.08330747485160828,0.06109756976366043,0.06904008239507675,0.22219820320606232,0.0865648090839386,0.3261064291000366,0.2687838077545166,0.7321546673774719
0.3500661551952362,0.15253140032291412,0.22466742992401123,0.15346041321754456,0.11470143496990204,0.17467577755451202,0.38503581285476685,0.1873539388179779,0.41280755400657654,0.3483412265777588,0.2845190465450287
0.25245052576065063,0.2751181125640869,0.19658057391643524,0.048788391053676605,0.06994340568780899,0.10492917895317078,0.25146937370300293,0.06720002740621567,0.4752025604248047,0.3018547594547272,0.733563244342804
0.269177109003067,0.24938078224658966,0.1697135865688324,0.1907757967710495,0.09448930621147156,0.07533629238605499,0.24329325556755066,0.16513842344284058,0.465352326631546,0.3231073021888733,0.48836836218833923
0.25652530789375305,0.24145402014255524,0.20124052464962006,0.1145256832242012,0.12600402534008026,0.17515268921852112,0.43121448159217834,0.1612081676721573,0.4360271096229553,0.3080612123012543,0.25374674797058105
0.3199319541454315,0.12679104506969452,0.24395231902599335,0.21731360256671906,0.13245975971221924,0.159200519323349,0.36610954999923706,0.23308706283569336,0.5048926472663879,0.44266751408576965,0.18437309563159943
0.34098342061042786,0.1372462809085846,0.2743432819843292,0.20434895157814026,0.13476119935512543,0.14806927740573883,0.3792070150375366,0.21454563736915588,0.24500121176242828,0.24302241206169128,0.14316369593143463
0.31058281660079956,0.2863428294658661,0.21992088854312897,0.06572137773036957,0.19846343994140625,0.058351073414087296,0.26876088976860046,0.14472001791000366,0.33595672249794006,0.24561668932437897,0.22827863693237305
0.27893272042274475,0.2524687647819519,0.16137920320034027,0.010683503933250904,0.11026261746883392,0.09475281089544296,0.27989739179611206,0.10044266283512115,0.438810795545578,0.25667446851730347,0.3743812143802643
0.2368033081293106,0.24795639514923096,0.13142000138759613,0.08192023634910583,0.1010882556438446,0.06310128420591354,0.25652438402175903,0.14026379585266113,0.5061356425285339,0.2513008713722229,0.28263023495674133
0.24940815567970276,0.17598259449005127,0.17932415008544922,0.051291774958372116,0.11565178632736206,0.0842982828617096,0.2949349284172058,0.13158170878887177,0.5940319299697876,0.39846691489219666,0.3337576985359192
0.32877087593078613,0.15451346337795258,0.20104749500751495,0.09059985727071762,0.11383433640003204,0.13403666019439697,0.3278465270996094,0.15274164080619812,0.42214062809944153,0.33819854259490967,0.30098456144332886
0.27660858631134033,0.23059120774269104,0.15351539850234985,0.011404206976294518,0.10518988221883774,0.050521042197942734,0.21334756910800934,0.10665905475616455,0.44752079248428345,0.2311674952507019,0.32539430260658264
0.32448023557662964,0.1642882227897644,0.23461605608463287,0.27526354789733887,0.14327958226203918,0.1338070183992386,0.39787501096725464,0.2464134842157364,0.27401039004325867,0.32394781708717346,0.16329209506511688
0.30334460735321045,0.1675167828798294,0.23599983751773834,0.08932898193597794,0.12711398303508759,0.11459962278604507,0.36512619256973267,0.16369403898715973,0.6215115189552307,0.47022512555122375,0.3213311731815338
0.35334816575050354,0.21315298974514008,0.19965606927871704,0.07218281179666519,0.07820484787225723,0.07748474925756454,0.22444766759872437,0.11192309856414795,0.30022794008255005,0.19891858100891113,0.48802217841148376
0.2633873522281647,0.25645118951797485,0.16933377087116241,0.09135808795690536,0.10751833766698837,0.08038206398487091,0.2929616868495941,0.1377267986536026,0.5315224528312683,0.354435533285141,0.40134474635124207
0.19917944073677063,0.39005106687545776,0.056737612932920456,0.029456639662384987,0.10358376801013947,0.04659482091665268,0.23304203152656555,0.1224580630660057,0.5626015067100525,0.21482965350151062,0.23546920716762543
0.29173898696899414,0.24341414868831635,0.2127932757139206,0.21664580702781677,0.11987525224685669,0.17907890677452087,0.4333524703979492,0.2167426347732544,0.40169757604599,0.36397674679756165,0.20239616930484772
0.2146037518978119,0.2059955596923828,0.19584433734416962,0.04439365863800049,0.08377792686223984,0.1703447550535202,0.3812231719493866,0.0839524045586586,0.5224577784538269,0.31802716851234436,0.5866357684135437
0.2912687063217163,0.16048967838287354,0.2510501742362976,0.16500355303287506,0.11704964935779572,0.16516932845115662,0.39780330657958984,0.19332019984722137,0.5947603583335876,0.4535655975341797,0.3224944770336151
0.1710725724697113,0.17039404809474945,0.17776121199131012,0.05055356025695801,0.06933222711086273,0.04687308520078659,0.18235254287719727,0.07833236455917358,0.6063872575759888,0.2928963005542755,0.611061692237854
0.3540894091129303,0.13889119029045105,0.24087929725646973,0.014339537359774113,0.125978022813797,0.08119174093008041,0.2709111273288727,0.11720677465200424,0.48204997181892395,0.43225404620170593,0.37967395782470703
0.3595675230026245,0.21125377714633942,0.2204168140888214,0.0429985336959362,0.07236136496067047,0.05385738983750343,0.1868557333946228,0.08272234350442886,0.31910210847854614,0.2783029079437256,0.6358594298362732
0.22720001637935638,0.13090838491916656,0.19512702524662018,0.01443427987396717,0.10228145122528076,0.1254771202802658,0.3153112828731537,0.10299445688724518,0.6385058760643005,0.4493371546268463,0.42041337490081787
0.3917260766029358,0.18721288442611694,0.23302479088306427,0.10183041542768478,0.12093807756900787,0.06979469954967499,0.29704031348228455,0.1706375777721405,0.4609161615371704,0.4239484369754791,0.3132933974266052
0.27253812551498413,0.29309457540512085,0.2378547638654709,0.08879074454307556,0.2534206807613373,0.14246606826782227,0.39513900876045227,0.15849441289901733,0.3698086142539978,0.28673169016838074,0.21446706354618073
0.33160310983657837,0.1509896218776703,0.229601189494133,0.21380005776882172,0.1258758008480072,0.1539514660835266,0.3830450475215912,0.2207333743572235,0.3453042507171631,0.31495168805122375,0.18096686899662018
0.38207778334617615,0.24303901195526123,0.2227800041437149,0.20378746092319489,0.10347948223352432,0.12483052909374237,0.32186487317085266,0.197755366563797,0.322189599275589,0.2722119390964508,0.36685287952423096
0.24496954679489136,0.11822137236595154,0.17068302631378174,0.07777955383062363,0.10914978384971619,0.10546787083148956,0.2876424193382263,0.1411246806383133,0.5254390835762024,0.30698728561401367,0.29126232862472534
0.30108335614204407,0.10309376567602158,0.23439568281173706,0.011047733016312122,0.08168192952871323,0.09956884384155273,0.21276111900806427,0.06917855888605118,0.3788890838623047,0.35652005672454834,0.5979078412055969
0.2930753529071808,0.25744879245758057,0.1965978741645813,0.03140230476856232,0.06724723428487778,0.11966969072818756,0.261399507522583,0.05530523136258125,0.37905359268188477,0.24149185419082642,0.7532585859298706
0.317821741104126,0.12411434948444366,0.21985401213169098,0.008464979939162731,0.07431990653276443,0.08571568131446838,0.19822494685649872,0.06208154559135437,0.31380292773246765,0.23163571953773499,0.6175843477249146
0.3344637453556061,0.17247648537158966,0.2414964884519577,0.01093814056366682,0.09702198952436447,0.1055673211812973,0.2609111964702606,0.07943341135978699,0.37456658482551575,0.28026083111763,0.5713299512863159
0.3065124452114105,0.16038405895233154,0.22555571794509888,0.011710851453244686,0.09146604686975479,0.07290811091661453,0.206050306558609,0.0775848776102066,0.4051496088504791,0.31955912709236145,0.5733461380004883
0.2554040253162384,0.2220868021249771,0.2081957757472992,0.02726711332798004,0.07226050645112991,0.08415229618549347,0.21602055430412292,0.06051504239439964,0.47607848048210144,0.36252954602241516,0.7306214570999146
0.25964948534965515,0.14560450613498688,0.2057364583015442,0.016411060467362404,0.07549732178449631,0.10388706624507904,0.2265474796295166,0.05975212901830673,0.428971529006958,0.30046966671943665,0.6609518527984619
0.3190020024776459,0.2326585203409195,0.2309216409921646,0.055712781846523285,0.16817966103553772,0.10260292142629623,0.32885974645614624,0.13931143283843994,0.4007764160633087,0.30922311544418335,0.27953317761421204
0.2902902364730835,0.32028260827064514,0.1517610102891922,0.18084284663200378,0.1233178898692131,0.07626498490571976,0.30405113101005554,0.19866740703582764,0.3825255036354065,0.2521358132362366,0.18566057085990906
0.32172322273254395,0.14413563907146454,0.23154275119304657,0.009871372953057289,0.07803716510534286,0.08573248237371445,0.19784271717071533,0.06018452346324921,0.3260743319988251,0.2887547016143799,0.6676735281944275
0.3272073268890381,0.2196943461894989,0.2585936188697815,0.18849371373653412,0.13256540894508362,0.16489055752754211,0.40690645575523376,0.20550669729709625,0.28160569071769714,0.28576669096946716,0.1623559296131134
0.2558618485927582,0.12228884547948837,0.18766750395298004,0.014664406888186932,0.11016753315925598,0.1011415645480156,0.2821694612503052,0.11065450310707092,0.5748354196548462,0.39647868275642395,0.3527618646621704
0.3523501455783844,0.13815909624099731,0.22535623610019684,0.1662479192018509,0.10935265570878983,0.17961673438549042,0.3718101680278778,0.18817482888698578,0.3679087162017822,0.3208789825439453,0.29571405053138733
0.3179645240306854,0.16634680330753326,0.2100832164287567,0.10455864667892456,0.1238938495516777,0.13885125517845154,0.36925846338272095,0.1661546528339386,0.4579107463359833,0.34482380747795105,0.2598985433578491
0.3613516390323639,0.1693674921989441,0.2223924845457077,0.01112197432667017,0.11605514585971832,0.055405352264642715,0.2135971486568451,0.11168212443590164,0.40487924218177795,0.3153020441532135,0.3715243935585022
0.34130334854125977,0.16003312170505524,0.24133265018463135,0.19354300200939178,0.1264897584915161,0.17857272922992706,0.41397708654403687,0.21517905592918396,0.3796137571334839,0.34039294719696045,0.1833038330078125
0.2109876126050949,0.18678605556488037,0.17535614967346191,0.013683426193892956,0.10800323635339737,0.08675374835729599,0.28998926281929016,0.11243100464344025,0.7099348902702332,0.4499923288822174,0.37095165252685547
0.2895321249961853,0.1102108433842659,0.23744501173496246,0.012350136414170265,0.11399059742689133,0.12234535068273544,0.29127994179725647,0.10171635448932648,0.5349963903427124,0.4749215245246887,0.42841532826423645
0.31289246678352356,0.28222087025642395,0.24519695341587067,0.18240439891815186,0.13405223190784454,0.17018790543079376,0.44845569133758545,0.21126312017440796,0.4278971254825592,0.40465813875198364,0.18179312348365784
0.21557438373565674,0.15799257159233093,0.16946940124034882,0.11193840205669403,0.08770741522312164,0.14056633412837982,0.28746718168258667,0.12795254588127136,0.4770187735557556,0.24253810942173004,0.4308898448944092
0.2732451260089874,0.10576452314853668,0.21546749770641327,0.009952405467629433,0.09415253251791,0.14111924171447754,0.28597748279571533,0.08277676999568939,0.44832807779312134,0.3540530800819397,0.4769265353679657
0.2532918155193329,0.22690458595752716,0.21331281960010529,0.022615943104028702,0.07493580877780914,0.07005093991756439,0.19972573220729828,0.06038101017475128,0.48622623085975647,0.383617103099823,0.726714015007019
0.31235945224761963,0.27454662322998047,0.19740071892738342,0.06187954545021057,0.06170085072517395,0.08500616997480392,0.22417791187763214,0.06736157089471817,0.35557854175567627,0.2705097794532776,0.7554762363433838
0.43652865290641785,0.17017897963523865,0.24290671944618225,0.008464115671813488,0.07703796774148941,0.05317436158657074,0.16943319141864777,0.08464453369379044,0.2186269611120224,0.20801027119159698,0.5554038882255554
0.2210894525051117,0.1268300861120224,0.19182002544403076,0.09212713688611984,0.11166095733642578,0.12037800252437592,0.32991448044776917,0.15139111876487732,0.6240562796592712,0.3642381727695465,0.30799973011016846
0.2644069194793701,0.18564186990261078,0.20837071537971497,0.035305410623550415,0.07214158773422241,0.0669127032160759,0.20370513200759888,0.06953159719705582,0.44997867941856384,0.3513975441455841,0.6632052063941956
0.3143484890460968,0.2398972511291504,0.27872347831726074,0.012816349044442177,0.28815385699272156,0.09529764950275421,0.2762547731399536,0.12493813782930374,0.3291608691215515,0.29877161979675293,0.23046310245990753
0.2019519954919815,0.2472776472568512,0.21518659591674805,0.04323906823992729,0.08442209661006927,0.12198369204998016,0.34621062874794006,0.0884210467338562,0.6638541221618652,0.42127725481987,0.6393833160400391
0.3269752562046051,0.25490057468414307,0.22653642296791077,0.1387929916381836,0.1288105547428131,0.14117389917373657,0.38678213953971863,0.18177658319473267,0.33553412556648254,0.27782443165779114,0.19963543117046356
0.32850679755210876,0.12674245238304138,0.22258995473384857,0.017670242115855217,0.09004577249288559,0.07326246798038483,0.20748579502105713,0.08593669533729553,0.38675838708877563,0.3643236458301544,0.5294322967529297
0.3661516606807709,0.19247987866401672,0.22022345662117004,0.21677681803703308,0.11942490190267563,0.1661786437034607,0.37879225611686707,0.21994605660438538,0.34494513273239136,0.3076549768447876,0.2417575716972351
0.2768559157848358,0.16720496118068695,0.19487972557544708,0.11402222514152527,0.11822246015071869,0.1339081972837448,0.3671259880065918,0.17126139998435974,0.512540340423584,0.33062228560447693,0.23821108043193817
0.24693512916564941,0.11502701044082642,0.22494260966777802,0.012474047020077705,0.08688578009605408,0.10721109062433243,0.2410794049501419,0.07643689960241318,0.5167044401168823,0.4119718372821808,0.5587294697761536
0.21977992355823517,0.18989333510398865,0.1609676331281662,0.012558008544147015,0.0938243493437767,0.0684046596288681,0.22882148623466492,0.0967046320438385,0.5934501886367798,0.32191988825798035,0.4141903221607208
0.40282556414604187,0.23012062907218933,0.24595694243907928,0.01431009080260992,0.09925913065671921,0.11854305118322372,0.304964542388916,0.09474233537912369,0.33076927065849304,0.2776011526584625,0.5464153289794922
0.4074786603450775,0.27500414848327637,0.2649325132369995,0.1545465737581253,0.15258727967739105,0.1176915392279625,0.3801233768463135,0.20265209674835205,0.3210880756378174,0.382761687040329,0.2038554549217224
0.29013392329216003,0.1422642320394516,0.20655256509780884,0.07835167646408081,0.13260343670845032,0.12139710783958435,0.3288796544075012,0.1532638520002365,0.49770328402519226,0.3551960289478302,0.2589305341243744
0.22820624709129333,0.31443727016448975,0.15278182923793793,0.06050591170787811,0.11069953441619873,0.08740775287151337,0.30291056632995605,0.11383775621652603,0.5577457547187805,0.34262707829475403,0.4564792215824127
0.295600950717926,0.13238243758678436,0.1940116137266159,0.03820100799202919,0.09039760380983353,0.08705507963895798,0.24949099123477936,0.10342449694871902,0.42265617847442627,0.2716499865055084,0.43022698163986206
0.3130249083042145,0.3112804591655731,0.19293072819709778,0.03590802848339081,0.06967528909444809,0.11195407062768936,0.25132307410240173,0.05184343457221985,0.37493792176246643,0.27406397461891174,0.8198504447937012
0.3509484827518463,0.12921978533267975,0.28441864252090454,0.010901353321969509,0.12093229591846466,0.07278073579072952,0.21309562027454376,0.08592794090509415,0.3774992525577545,0.38247811794281006,0.5362992882728577
0.3300876319408417,0.12332620471715927,0.2065592110157013,0.14113812148571014,0.12210198491811752,0.12818069756031036,0.32828375697135925,0.18288932740688324,0.350676953792572,0.24762754142284393,0.2037474662065506
0.2666589021682739,0.12814940512180328,0.21309639513492584,0.014648612588644028,0.08083030581474304,0.09673165529966354,0.2200244665145874,0.06781487166881561,0.4478312134742737,0.36333924531936646,0.6183944940567017
0.28218874335289,0.2613186240196228,0.18820248544216156,0.04437335953116417,0.06333666294813156,0.060029443353414536,0.19500181078910828,0.06015196070075035,0.3992900550365448,0.2981369197368622,0.7505431771278381
0.29294493794441223,0.32224565744400024,0.1780242919921875,0.037312380969524384,0.06892326474189758,0.08250044286251068,0.22093233466148376,0.050953708589076996,0.3905297517776489,0.2990300953388214,0.8203834295272827
0.3664299249649048,0.1390623301267624,0.24632062017917633,0.010139028541743755,0.08524056524038315,0.1656908541917801,0.31300291419029236,0.07556909322738647,0.31340911984443665,0.32464364171028137,0.5979467034339905
0.29287928342819214,0.2229223996400833,0.20576561987400055,0.17956671118736267,0.11546048521995544,0.18215028941631317,0.4055289924144745,0.18827767670154572,0.3993404507637024,0.31640076637268066,0.2862565219402313
0.194771870970726,0.21440128982067108,0.16742920875549316,0.06666487455368042,0.08189015835523605,0.08812869340181351,0.2439926415681839,0.10036549717187881,0.5872123837471008,0.29513615369796753,0.5286662578582764
0.2016194611787796,0.24028390645980835,0.20088322460651398,0.023785823956131935,0.06446511298418045,0.14840450882911682,0.2821682393550873,0.053382933139801025,0.5776218771934509,0.36838197708129883,0.7662277817726135
0.41999492049217224,0.24788497388362885,0.22058244049549103,0.14807237684726715,0.08412647247314453,0.05240112170577049,0.20958198606967926,0.1632809340953827,0.2952163815498352,0.23301385343074799,0.43002817034721375
0.18059667944908142,0.10419337451457977,0.14934702217578888,0.01016231905668974,0.10525228083133698,0.05441727861762047,0.19243375957012177,0.11212149262428284,0.642417311668396,0.29411759972572327,0.24719320237636566
0.2687268555164337,0.23495589196681976,0.17321860790252686,0.009536839090287685,0.07834400981664658,0.048084769397974014,0.1773330569267273,0.06875157356262207,0.42453742027282715,0.20568786561489105,0.5983834862709045
0.24589544534683228,0.28553643822669983,0.18975695967674255,0.016764357686042786,0.07956116646528244,0.13882744312286377,0.29263046383857727,0.05514339730143547,0.4614899456501007,0.24128055572509766,0.7224022150039673
0.20643332600593567,0.20613478124141693,0.1662125438451767,0.05628668889403343,0.09010026603937149,0.13869856297969818,0.3413342237472534,0.10361672937870026,0.5439251661300659,0.30175310373306274,0.469218373298645
0.31889015436172485,0.20986934006214142,0.2258186787366867,0.025751868262887,0.09097897261381149,0.13251201808452606,0.3233933746814728,0.0837615430355072,0.41210347414016724,0.33159780502319336,0.6018663644790649
0.24827049672603607,0.13215231895446777,0.21726259589195251,0.011278584599494934,0.07414546608924866,0.14932142198085785,0.2521178126335144,0.05294649302959442,0.4323718547821045,0.33409515023231506,0.6921065449714661
0.21164609491825104,0.2495591640472412,0.21444128453731537,0.007482764311134815,0.13581012189388275,0.04765717685222626,0.1742401123046875,0.06892918050289154,0.5162639021873474,0.24682855606079102,0.5661425590515137
0.22499947249889374,0.17865945398807526,0.16177694499492645,0.17997050285339355,0.11575695872306824,0.172994002699852,0.38283538818359375,0.19050826132297516,0.44285959005355835,0.26514551043510437,0.2083255797624588
0.3001193404197693,0.17565681040287018,0.2014906108379364,0.21968209743499756,0.12414012104272842,0.15028655529022217,0.3722986876964569,0.2168448567390442,0.35125789046287537,0.2933986783027649,0.19070975482463837
0.2618483901023865,0.26143765449523926,0.22006867825984955,0.029622944071888924,0.09962973743677139,0.08885252475738525,0.2713249623775482,0.081415556371212,0.5186594128608704,0.3581084609031677,0.6289386749267578
0.27293992042541504,0.24988803267478943,0.19997352361679077,0.2581121325492859,0.13485956192016602,0.16723541915416718,0.42765143513679504,0.2337954193353653,0.35684412717819214,0.3293609619140625,0.1691078394651413
0.21453212201595306,0.26155129075050354,0.1610105037689209,0.07343362271785736,0.10549548268318176,0.1447993814945221,0.38465914130210876,0.12329249083995819,0.5761973261833191,0.3510848879814148,0.42800062894821167
0.22140727937221527,0.23665772378444672,0.16957257688045502,0.10166193544864655,0.11957693845033646,0.18119847774505615,0.44673919677734375,0.15549424290657043,0.4843108057975769,0.2951219379901886,0.24046452343463898
0.1974092423915863,0.13120290637016296,0.1788908839225769,0.03845309838652611,0.09141535311937332,0.1250409185886383,0.2839159369468689,0.10199624300003052,0.6018957495689392,0.34554827213287354,0.4350491464138031
0.32714349031448364,0.1993771344423294,0.2006644904613495,0.043488599359989166,0.07661844044923782,0.043857984244823456,0.18002945184707642,0.08932644873857498,0.35644325613975525,0.2571849524974823,0.5564826130867004
0.24229834973812103,0.30371490120887756,0.17048196494579315,0.03845828026533127,0.06651966273784637,0.06426075100898743,0.19920381903648376,0.052185703068971634,0.4607878029346466,0.33144399523735046,0.7963696718215942
0.46060076355934143,0.2969774603843689,0.26127082109451294,0.09841208904981613,0.073915034532547,0.05896498262882233,0.24334126710891724,0.12856754660606384,0.2817991375923157,0.2721632421016693,0.5779781937599182
0.25834617018699646,0.1821085512638092,0.17534637451171875,0.015421716496348381,0.13187651336193085,0.16326653957366943,0.38736289739608765,0.12024908512830734,0.44813886284828186,0.30145519971847534,0.25314247608184814
0.3343411087989807,0.11193600296974182,0.24440205097198486,0.2223687767982483,0.13198068737983704,0.12412692606449127,0.3417310118675232,0.22284191846847534,0.2612241208553314,0.24546290934085846,0.1499345451593399
0.2827875316143036,0.26499345898628235,0.22721005976200104,0.13464514911174774,0.13480351865291595,0.1804857850074768,0.4316171109676361,0.17962710559368134,0.36776840686798096,0.27469602227211,0.17494603991508484
0.35122159123420715,0.16787199676036835,0.20493260025978088,0.07655667513608932,0.08070485293865204,0.0708581879734993,0.20945751667022705,0.11429909616708755,0.31578582525253296,0.24927401542663574,0.4854617714881897
0.19678111374378204,0.14475873112678528,0.1960386335849762,0.010772560723125935,0.07349706441164017,0.07526855170726776,0.1885731965303421,0.06040678918361664,0.5510477423667908,0.3319680094718933,0.6305701732635498
0.3354457914829254,0.25344136357307434,0.2110738903284073,0.1094210296869278,0.12175507098436356,0.05568499490618706,0.27678075432777405,0.16620832681655884,0.5461305379867554,0.447512686252594,0.3748207986354828
0.21903309226036072,0.12681373953819275,0.21058426797389984,0.01283640880137682,0.08389077335596085,0.1077960655093193,0.24217423796653748,0.07534430176019669,0.5668788552284241,0.40332233905792236,0.5613996386528015
0.32969868183135986,0.2622132897377014,0.3057301640510559,0.16125643253326416,0.17089496552944183,0.18778204917907715,0.4048381447792053,0.19773639738559723,0.290525883436203,0.24416100978851318,0.13014881312847137
0.28864791989326477,0.15338671207427979,0.24094277620315552,0.014731179922819138,0.09954167902469635,0.07645837962627411,0.22570806741714478,0.08519715815782547,0.49865415692329407,0.42943859100341797,0.5595327615737915
0.2517186999320984,0.16198377311229706,0.17969706654548645,0.2555064558982849,0.12171121686697006,0.13300341367721558,0.352534681558609,0.23172706365585327,0.36036160588264465,0.2833094596862793,0.15326447784900665
0.2506749629974365,0.20740044116973877,0.19996608793735504,0.04356031119823456,0.07107189297676086,0.14976279437541962,0.29044005274772644,0.06886788457632065,0.4385005831718445,0.2659050226211548,0.672965407371521
0.1476125717163086,0.17287850379943848,0.15900927782058716,0.02030421793460846,0.07351822406053543,0.07547539472579956,0.22023460268974304,0.07535215467214584,0.7258830666542053,0.3795985281467438,0.5944145917892456
0.25229278206825256,0.26193225383758545,0.15603189170360565,0.1169387474656105,0.11957556009292603,0.09803009778261185,0.32547706365585327,0.1611541509628296,0.4883722960948944,0.3020799458026886,0.2711319923400879
0.2372598797082901,0.2480677217245102,0.2494019716978073,0.04102058708667755,0.27103736996650696,0.139583557844162,0.33837631344795227,0.13082937896251678,0.36778342723846436,0.24024146795272827,0.21194331347942352
0.20206305384635925,0.14367835223674774,0.24978767335414886,0.009789874777197838,0.07426609843969345,0.1362089365720749,0.2643984258174896,0.06645923107862473,0.6284407377243042,0.4474189877510071,0.6317135691642761
0.46678870916366577,0.14052630960941315,0.2775038778781891,0.012943753972649574,0.13000692427158356,0.10467816144227982,0.2986227571964264,0.14610521495342255,0.37980031967163086,0.3580540716648102,0.23846937716007233
0.2708483636379242,0.22757720947265625,0.23166292905807495,0.2167443186044693,0.1490483582019806,0.09758782386779785,0.37127330899238586,0.21710273623466492,0.35113266110420227,0.31621143221855164,0.15387220680713654
0.29169851541519165,0.272580623626709,0.20369239151477814,0.0969003215432167,0.06934741884469986,0.12065161764621735,0.2766544818878174,0.09914123266935349,0.4100569188594818,0.25081580877304077,0.6607323884963989
0.3528830409049988,0.22676312923431396,0.18549904227256775,0.19148217141628265,0.12393327802419662,0.07920604944229126,0.290015310049057,0.20963749289512634,0.4185850918292999,0.32464322447776794,0.24713648855686188
0.19744046032428741,0.23031650483608246,0.16504552960395813,0.008725771680474281,0.07188373804092407,0.05064477398991585,0.17564398050308228,0.0634697899222374,0.5470484495162964,0.2141008973121643,0.6000358462333679
0.2354547679424286,0.16433459520339966,0.2482481449842453,0.008951050229370594,0.1670992076396942,0.10387523472309113,0.28195062279701233,0.10033925622701645,0.6077249646186829,0.4112670421600342,0.3944673240184784
0.36796408891677856,0.17250369489192963,0.24893584847450256,0.03160044923424721,0.12964870035648346,0.09172435104846954,0.3384208083152771,0.13204039633274078,0.5262055993080139,0.4652693271636963,0.4115501940250397
0.24094590544700623,0.1222306564450264,0.2005138099193573,0.1624782532453537,0.09219842404127121,0.1579832285642624,0.30905187129974365,0.15852288901805878,0.377178430557251,0.21539491415023804,0.3611115515232086
0.3315429091453552,0.13085028529167175,0.20335856080055237,0.1381031572818756,0.12155068665742874,0.12477196007966995,0.3264012038707733,0.18229438364505768,0.3782818913459778,0.2627413868904114,0.21472734212875366
0.31023749709129333,0.17547926306724548,0.2379865050315857,0.19580425322055817,0.13053427636623383,0.14178724586963654,0.3836081027984619,0.20495766401290894,0.2644641697406769,0.26227134466171265,0.16368581354618073
0.30580028891563416,0.1565605103969574,0.20695547759532928,0.01163378357887268,0.07436195760965347,0.09021992981433868,0.210410937666893,0.06020010635256767,0.34654921293258667,0.2382669299840927,0.6563998460769653
0.3191641569137573,0.15548209846019745,0.24581533670425415,0.008824972435832024,0.09918797016143799,0.09578058123588562,0.24780091643333435,0.07896951586008072,0.3826194405555725,0.2569440007209778,0.5341002941131592
0.3851073384284973,0.188262477517128,0.2867434322834015,0.15079933404922485,0.123440220952034,0.17106710374355316,0.3860625922679901,0.1983078420162201,0.3172588050365448,0.2773531377315521,0.15904085338115692
0.2740173935890198,0.3397566080093384,0.20594435930252075,0.03323660418391228,0.06838539242744446,0.08817817270755768,0.24324150383472443,0.05701033025979996,0.49626150727272034,0.37442538142204285,0.8151198029518127
0.3829452395439148,0.1913800686597824,0.19902727007865906,0.08904441446065903,0.08241025358438492,0.04851261526346207,0.19350872933864594,0.13176484405994415,0.2923445701599121,0.19809246063232422,0.41232040524482727
0.2622632086277008,0.11612700670957565,0.18706132471561432,0.19460110366344452,0.1187700405716896,0.14629384875297546,0.33906131982803345,0.20284469425678253,0.3647463023662567,0.24878612160682678,0.1756567507982254
0.34985989332199097,0.21382707357406616,0.26593372225761414,0.1925886571407318,0.12375187873840332,0.1818358302116394,0.4257424771785736,0.21297673881053925,0.3233034610748291,0.34177669882774353,0.17134763300418854
0.15709620714187622,0.2668255567550659,0.16121824085712433,0.0255659781396389,0.06462595611810684,0.17963971197605133,0.33860722184181213,0.05628616362810135,0.6289593577384949,0.2641100585460663,0.7065364718437195
0.30871903896331787,0.2647458016872406,0.19480003416538239,0.10594260692596436,0.06368159502744675,0.10362663120031357,0.23799696564674377,0.09032663702964783,0.3281581401824951,0.21353569626808167,0.7042996287345886
0.24678963422775269,0.2633155584335327,0.16792578995227814,0.03688899055123329,0.06031132861971855,0.022859765216708183,0.14519597589969635,0.04729099199175835,0.4326446056365967,0.400989294052124,0.8127534985542297
0.23721182346343994,0.26784229278564453,0.16766411066055298,0.1696101427078247,0.11585436016321182,0.17770914733409882,0.42283886671066284,0.18234029412269592,0.4939916729927063,0.3381442129611969,0.2805243730545044
0.18254950642585754,0.16685067117214203,0.1871998906135559,0.013850904069840908,0.0662204697728157,0.10014884173870087,0.21168261766433716,0.03833426907658577,0.5303322076797485,0.29614102840423584,0.7745980620384216
0.250272661447525,0.2508051097393036,0.19181910157203674,0.0191337950527668,0.07502780854701996,0.09960822761058807,0.234031543135643,0.050014980137348175,0.4582085907459259,0.30682995915412903,0.7712453603744507
0.34127750992774963,0.22201383113861084,0.3101869821548462,0.1953154057264328,0.15541091561317444,0.16151688992977142,0.39448195695877075,0.21323181688785553,0.24662475287914276,0.23956581950187683,0.1236720159649849
0.18386328220367432,0.26343023777008057,0.21017006039619446,0.06658432632684708,0.06423304229974747,0.16889919340610504,0.34508371353149414,0.07143290340900421,0.5976543426513672,0.3243492543697357,0.7485650777816772
0.2895859181880951,0.13337595760822296,0.2028818130493164,0.2644818127155304,0.12269709259271622,0.15141461789608002,0.3495922386646271,0.2475460171699524,0.4084112048149109,0.32198119163513184,0.14755207300186157
0.3790063261985779,0.15139630436897278,0.20590080320835114,0.010794593021273613,0.11065969616174698,0.03448508679866791,0.17724986374378204,0.12420526146888733,0.3900412619113922,0.3049408495426178,0.28164568543434143
0.2714424133300781,0.23831811547279358,0.27823975682258606,0.0434606708586216,0.3138616681098938,0.1296333372592926,0.317220538854599,0.13394564390182495,0.3064081370830536,0.2564467191696167,0.21621094644069672
0.2371910810470581,0.21646170318126678,0.18004384636878967,0.015539625659584999,0.08220483362674713,0.10194223374128342,0.2567843794822693,0.0737212598323822,0.5053760409355164,0.28648415207862854,0.5780173540115356
0.2659301161766052,0.22341924905776978,0.25836896896362305,0.09574583917856216,0.21130366623401642,0.12838596105575562,0.3448532223701477,0.15652483701705933,0.31048789620399475,0.2268759161233902,0.17510364949703217
0.2866138815879822,0.2873171865940094,0.22071939706802368,0.17779043316841125,0.12057403475046158,0.18402795493602753,0.4711706340312958,0.20293155312538147,0.46773597598075867,0.3930763304233551,0.21498434245586395
0.48212456703186035,0.23620404303073883,0.2529529631137848,0.007481522858142853,0.07957423478364944,0.0381026491522789,0.15665452182292938,0.09834437072277069,0.21377915143966675,0.16496649384498596,0.5131558179855347
0.26568764448165894,0.1393229216337204,0.21633189916610718,0.011415716260671616,0.10232821851968765,0.14710743725299835,0.31852343678474426,0.09044284373521805,0.509049654006958,0.391145259141922,0.46934542059898376
0.24838222563266754,0.1302129328250885,0.2243286371231079,0.08326347917318344,0.10028434544801712,0.16780759394168854,0.37029793858528137,0.12938790023326874,0.5433525443077087,0.4091290831565857,0.42035970091819763
0.3183026611804962,0.2067212611436844,0.19501277804374695,0.00823473185300827,0.06812790036201477,0.059775594621896744,0.1814597100019455,0.04760955274105072,0.3025078773498535,0.19899550080299377,0.7332993745803833
0.2588541507720947,0.13276423513889313,0.20875824987888336,0.07363305985927582,0.09305652976036072,0.15810294449329376,0.3413159251213074,0.11734692007303238,0.4731263816356659,0.33067917823791504,0.4429825246334076
0.2766467034816742,0.11230333149433136,0.20646081864833832,0.011948402971029282,0.08512351661920547,0.11612748354673386,0.24355250597000122,0.07459582388401031,0.4150829613208771,0.3155369460582733,0.5373407006263733
0.31882810592651367,0.23730218410491943,0.2254513055086136,0.01298390794545412,0.17355412244796753,0.10188226401805878,0.30676230788230896,0.12049474567174911,0.4054516553878784,0.30741265416145325,0.2905845642089844
0.30049577355384827,0.2284836769104004,0.24978384375572205,0.012384122237563133,0.22958852350711823,0.1226382851600647,0.31073421239852905,0.12066838145256042,0.3897525370121002,0.29943469166755676,0.26119232177734375
0.35522282123565674,0.27369266748428345,0.225587397813797,0.051847778260707855,0.07410647720098495,0.06442668288946152,0.21293187141418457,0.08025242388248444,0.3615977168083191,0.33279070258140564,0.7175334692001343
0.1864599883556366,0.23689281940460205,0.17858479917049408,0.00829819031059742,0.06574179232120514,0.06921932846307755,0.1893388330936432,0.05292690545320511,0.5682123303413391,0.22051753103733063,0.6797546744346619
0.35979506373405457,0.2774696350097656,0.22506317496299744,0.048643458634614944,0.07035989314317703,0.06009718030691147,0.2191806137561798,0.07864701747894287,0.3653242290019989,0.33296987414360046,0.7207833528518677
0.39034304022789,0.294534832239151,0.281878262758255,0.0181721318513155,0.12258295714855194,0.06609562039375305,0.2068483531475067,0.0737261101603508,0.3435695469379425,0.32882165908813477,0.7300468683242798
0.31729012727737427,0.2992977797985077,0.2102704495191574,0.014708764851093292,0.22168785333633423,0.06682863086462021,0.2886488139629364,0.13011963665485382,0.39917314052581787,0.3139227032661438,0.24330982565879822
0.2897167205810547,0.19113823771476746,0.2017233967781067,0.18482783436775208,0.12011049687862396,0.20005720853805542,0.4289802014827728,0.1969846934080124,0.4246540665626526,0.3226552903652191,0.24569593369960785
0.33503615856170654,0.28284284472465515,0.24466682970523834,0.1952286958694458,0.12874926626682281,0.1731751561164856,0.4327527582645416,0.2101067453622818,0.31897249817848206,0.3539242446422577,0.18957342207431793
0.190762460231781,0.31955644488334656,0.1476377248764038,0.031105080619454384,0.06157024949789047,0.06931906938552856,0.21029885113239288,0.04143352061510086,0.5608569383621216,0.43273603916168213,0.8609359264373779
0.22346486151218414,0.2528838813304901,0.1983346790075302,0.06769775599241257,0.0702144056558609,0.09774455428123474,0.26518723368644714,0.08255568891763687,0.5335092544555664,0.33235371112823486,0.6740687489509583
0.27731284499168396,0.2572419047355652,0.1907721757888794,0.10748759657144547,0.14336040616035461,0.10103956609964371,0.3662278354167938,0.16920681297779083,0.48047763109207153,0.3570815920829773,0.22382858395576477
0.2851610481739044,0.1774568408727646,0.22729720175266266,0.14807294309139252,0.11617010831832886,0.20587214827537537,0.4381354749202728,0.1796211302280426,0.3156053423881531,0.23249123990535736,0.1782933622598648
