0,1,2,3,4,5,6,7
-0.31773555278778076,-0.3222044110298157,-0.41098612546920776,-0.3708203136920929,-0.6668080687522888,-0.5471056699752808,-0.2808484435081482,-0.3815929889678955
-0.38060063123703003,-0.396685928106308,-0.3762913644313812,-0.3735272288322449,-0.6671936511993408,-0.5471516847610474,-0.28598490357398987,-0.32531261444091797
-0.2484716922044754,-0.2311408668756485,-0.46170076727867126,-0.37923336029052734,-0.6665380001068115,-0.546478807926178,-0.2688386142253876,-0.38749954104423523
-0.3676762878894806,-0.3730783760547638,-0.39664551615715027,-0.38950997591018677,-0.666919469833374,-0.547042727470398,-0.2809876501560211,-0.35262373089790344
-0.2994554340839386,-0.32104480266571045,-0.38787582516670227,-0.3193603754043579,-0.6670148968696594,-0.5465481281280518,-0.2857545018196106,-0.38118186593055725
-0.34010961651802063,-0.3627832531929016,-0.3865639567375183,-0.3829272985458374,-0.6631439924240112,-0.5483975410461426,-0.3281098008155823,-0.34867197275161743
-0.26986077427864075,-0.26512736082077026,-0.433470755815506,-0.35299181938171387,-0.6667811870574951,-0.5462445616722107,-0.27173173427581787,-0.3668212592601776
-0.3342133164405823,-0.32938075065612793,-0.4209878742694855,-0.3903990685939789,-0.6668564081192017,-0.5465240478515625,-0.27484557032585144,-0.3684653639793396
-0.39841407537460327,-0.4055938720703125,-0.3875811696052551,-0.3970060646533966,-0.6670134663581848,-0.5465731024742126,-0.281185120344162,-0.3478701412677765
-0.3089078664779663,-0.31507211923599243,-0.4108399748802185,-0.35967934131622314,-0.6668412685394287,-0.5466670989990234,-0.28045013546943665,-0.3832739591598511
-0.33186185359954834,-0.3228900134563446,-0.4290944039821625,-0.404335081577301,-0.6666857600212097,-0.5468702912330627,-0.27469542622566223,-0.3803870677947998
-0.3631647229194641,-0.3796440064907074,-0.3804890215396881,-0.3646641671657562,-0.6670584678649902,-0.5470626950263977,-0.2865111827850342,-0.34516867995262146
-0.36351895332336426,-0.37075331807136536,-0.39673912525177,-0.3947645425796509,-0.6667948365211487,-0.5477023124694824,-0.2852768003940582,-0.3783178925514221
-0.3421739935874939,-0.33734753727912903,-0.4192019999027252,-0.3940798342227936,-0.6668235659599304,-0.546492874622345,-0.27466049790382385,-0.36385756731033325
-0.3229983448982239,-0.33663102984428406,-0.39516210556030273,-0.35404136776924133,-0.666877269744873,-0.5471409559249878,-0.28497305512428284,-0.37983259558677673
-0.28426507115364075,-0.2890400290489197,-0.41831767559051514,-0.34902483224868774,-0.6668415665626526,-0.5465695858001709,-0.27872467041015625,-0.38397416472435
-0.3270418047904968,-0.33236929774284363,-0.40807443857192993,-0.3702222406864166,-0.6668502688407898,-0.5466556549072266,-0.2801850736141205,-0.3824746310710907
-0.32372817397117615,-0.3220897912979126,-0.4195813238620758,-0.3813830018043518,-0.6667786240577698,-0.5465442538261414,-0.2764286994934082,-0.38193702697753906
-0.3139198422431946,-0.3114524781703949,-0.423087477684021,-0.37890273332595825,-0.6667630672454834,-0.546571671962738,-0.27611249685287476,-0.38216063380241394
-0.3448474407196045,-0.3544253706932068,-0.3945010006427765,-0.36786916851997375,-0.6670002937316895,-0.5470170974731445,-0.28191232681274414,-0.3460870683193207
-0.3331477642059326,-0.3390604853630066,-0.40613844990730286,-0.3759728670120239,-0.6668520569801331,-0.546942412853241,-0.28217172622680664,-0.37675410509109497
-0.24370944499969482,-0.23504675924777985,-0.44754576683044434,-0.3556976616382599,-0.6666666269302368,-0.5465385317802429,-0.27148157358169556,-0.37808743119239807
-0.36233779788017273,-0.363722026348114,-0.4046795666217804,-0.39117974042892456,-0.6668902039527893,-0.5465553402900696,-0.27786409854888916,-0.36060014367103577
-0.3319716453552246,-0.33401137590408325,-0.4091937243938446,-0.37206947803497314,-0.6671679615974426,-0.5465527772903442,-0.27738744020462036,-0.34042787551879883
-0.32069194316864014,-0.32236191630363464,-0.41483914852142334,-0.3718189597129822,-0.6668208241462708,-0.5465097427368164,-0.2774946987628937,-0.3809904158115387
-0.2887425720691681,-0.2930968701839447,-0.4187715947628021,-0.3571537137031555,-0.666800320148468,-0.546822190284729,-0.28063854575157166,-0.38615864515304565
-0.2661690413951874,-0.2857125401496887,-0.4022108018398285,-0.328208327293396,-0.6667017340660095,-0.547619640827179,-0.29474589228630066,-0.38913366198539734
-0.31219154596328735,-0.3390093445777893,-0.3762657940387726,-0.32677915692329407,-0.6670400500297546,-0.5478214621543884,-0.29498055577278137,-0.3538963794708252
-0.3241991400718689,-0.3313547372817993,-0.40684181451797485,-0.3717367947101593,-0.6667575240135193,-0.5470831394195557,-0.2839023172855377,-0.38525810837745667
-0.38884237408638,-0.3861829936504364,-0.40470263361930847,-0.4106575846672058,-0.6669712066650391,-0.5464493036270142,-0.2762420177459717,-0.3393232822418213
-0.3253546953201294,-0.3282594680786133,-0.4120446741580963,-0.3814951479434967,-0.6668188571929932,-0.5473951697349548,-0.28215739130973816,-0.38034385442733765
-0.31120190024375916,-0.3349674344062805,-0.3908306956291199,-0.36285534501075745,-0.6640457510948181,-0.5478917360305786,-0.324926495552063,-0.38646283745765686
-0.35938769578933716,-0.3658241629600525,-0.39621686935424805,-0.3748457431793213,-0.6674490571022034,-0.5464103817939758,-0.2794858515262604,-0.3247215151786804
-0.32498911023139954,-0.3426140546798706,-0.38794419169425964,-0.35113197565078735,-0.6670771241188049,-0.5476870536804199,-0.28931334614753723,-0.36442193388938904
-0.32040515542030334,-0.32780981063842773,-0.4063516855239868,-0.36396750807762146,-0.6668517589569092,-0.5467576384544373,-0.28156808018684387,-0.38356634974479675
-0.42399781942367554,-0.44265297055244446,-0.3640712797641754,-0.38432636857032776,-0.6675039529800415,-0.5464707612991333,-0.2866530418395996,-0.3347056210041046
-0.35819581151008606,-0.36081382632255554,-0.40605971217155457,-0.4073758125305176,-0.6667030453681946,-0.5480899810791016,-0.2862650752067566,-0.38057810068130493
-0.3012620210647583,-0.3020012676715851,-0.42076194286346436,-0.36534130573272705,-0.6668078899383545,-0.5465507507324219,-0.2770755887031555,-0.38326945900917053
-0.32994720339775085,-0.3264782130718231,-0.42125141620635986,-0.39024555683135986,-0.6667515635490417,-0.5466575622558594,-0.2765214443206787,-0.38159051537513733
-0.25067412853240967,-0.2428600937128067,-0.446037232875824,-0.35986343026161194,-0.6666650176048279,-0.5465129613876343,-0.2728918492794037,-0.38680726289749146
-0.3315417170524597,-0.36060819029808044,-0.36838772892951965,-0.3341350555419922,-0.6669304966926575,-0.5480806231498718,-0.2968560755252838,-0.34706220030784607
-0.3659861981868744,-0.36162418127059937,-0.41447770595550537,-0.40877145528793335,-0.6667711734771729,-0.5466168522834778,-0.27657443284988403,-0.3760438561439514
-0.4030515253543854,-0.4136039912700653,-0.38180044293403625,-0.4027564525604248,-0.6670858860015869,-0.5475017428398132,-0.28691959381103516,-0.34909966588020325
-0.3252003490924835,-0.3188875615596771,-0.426563560962677,-0.39172807335853577,-0.666721761226654,-0.5465037822723389,-0.2743318974971771,-0.38144373893737793
-0.28616923093795776,-0.3018476366996765,-0.4005729854106903,-0.3275453448295593,-0.6669235229492188,-0.5466504096984863,-0.283802330493927,-0.382413387298584
-0.27376070618629456,-0.26845869421958923,-0.4327990412712097,-0.35631656646728516,-0.6669812202453613,-0.5464645624160767,-0.272137850522995,-0.34599569439888
-0.3422574996948242,-0.35229215025901794,-0.3969128727912903,-0.3769718408584595,-0.6668184399604797,-0.5476288795471191,-0.2855619192123413,-0.3802531659603119
-0.35498347878456116,-0.3528013527393341,-0.41129475831985474,-0.39198264479637146,-0.666918158531189,-0.5464162230491638,-0.2754208445549011,-0.34971922636032104
-0.35084378719329834,-0.3592975437641144,-0.3978933095932007,-0.376156210899353,-0.6668709516525269,-0.5467291474342346,-0.28232109546661377,-0.38079696893692017
-0.4026319980621338,-0.41763898730278015,-0.3739638328552246,-0.38162973523139954,-0.6672371029853821,-0.5465502738952637,-0.2845117747783661,-0.32994043827056885
-0.2883886396884918,-0.27425017952919006,-0.44600826501846313,-0.3882398307323456,-0.6666355133056641,-0.5465127229690552,-0.2699010670185089,-0.3713991045951843
-0.33966878056526184,-0.34439191222190857,-0.40226855874061584,-0.36707568168640137,-0.6674826145172119,-0.5463568568229675,-0.2778119146823883,-0.30902180075645447
-0.2731040120124817,-0.2716147303581238,-0.4286358058452606,-0.3580455482006073,-0.6667433381080627,-0.5470868349075317,-0.27645257115364075,-0.37399420142173767
-0.4253140091896057,-0.43171024322509766,-0.3839726746082306,-0.41290226578712463,-0.6669594049453735,-0.5464877486228943,-0.28176185488700867,-0.36029982566833496
-0.31695008277893066,-0.31424471735954285,-0.4226575493812561,-0.38850563764572144,-0.6666879057884216,-0.5473039746284485,-0.27883294224739075,-0.38227924704551697
-0.27879875898361206,-0.2649628818035126,-0.44448405504226685,-0.3753025531768799,-0.6669157147407532,-0.5463926196098328,-0.26817798614501953,-0.3326028883457184
-0.2998017370700836,-0.2888515293598175,-0.43624478578567505,-0.38143765926361084,-0.6667534708976746,-0.5463613271713257,-0.2698708474636078,-0.35396671295166016
-0.3092036843299866,-0.3131798505783081,-0.4125117361545563,-0.35913345217704773,-0.6668835878372192,-0.546512246131897,-0.2776578664779663,-0.3675435483455658
-0.3077940046787262,-0.30393001437187195,-0.42676496505737305,-0.3793056905269623,-0.666752278804779,-0.5465710759162903,-0.2755330801010132,-0.3836763799190521
-0.34108611941337585,-0.3435806930065155,-0.40607619285583496,-0.37389880418777466,-0.6673369407653809,-0.5464497208595276,-0.2772635817527771,-0.3274022042751312
-0.32204821705818176,-0.33897846937179565,-0.3922902047634125,-0.3489223122596741,-0.6669204831123352,-0.5469070672988892,-0.2871791422367096,-0.3877866864204407
-0.33637943863868713,-0.3403875231742859,-0.4080542027950287,-0.37838155031204224,-0.6668061017990112,-0.5467365384101868,-0.28024232387542725,-0.38125887513160706
-0.3824436366558075,-0.4039246439933777,-0.3691832423210144,-0.3674587905406952,-0.6669288277626038,-0.5472471117973328,-0.2892726957798004,-0.3684978485107422
-0.351942777633667,-0.363216370344162,-0.39354658126831055,-0.3728434443473816,-0.6670173406600952,-0.5468963384628296,-0.28506529331207275,-0.37914371490478516
-0.3046383857727051,-0.31266504526138306,-0.40860337018966675,-0.36305326223373413,-0.6667868494987488,-0.5476215481758118,-0.2844063937664032,-0.3837362825870514
-0.3540607690811157,-0.355459600687027,-0.40799418091773987,-0.3901643455028534,-0.6668962836265564,-0.5466212630271912,-0.2789331078529358,-0.37556421756744385
-0.35548752546310425,-0.3610953390598297,-0.40002602338790894,-0.38081762194633484,-0.6671109795570374,-0.5466815233230591,-0.28063124418258667,-0.35879090428352356
-0.3902324438095093,-0.4017266631126404,-0.3832353949546814,-0.3869459927082062,-0.6669944524765015,-0.5467246770858765,-0.2837617099285126,-0.35757559537887573
-0.45522740483283997,-0.48529475927352905,-0.3408595025539398,-0.37930768728256226,-0.6675896048545837,-0.5465030670166016,-0.2934761047363281,-0.358279287815094
-0.2474236786365509,-0.24197329580783844,-0.44373995065689087,-0.35709449648857117,-0.6666770577430725,-0.546697199344635,-0.27563461661338806,-0.3885122239589691
-0.3045308589935303,-0.31010308861732483,-0.41239574551582336,-0.3563845753669739,-0.6668470501899719,-0.546535313129425,-0.27912718057632446,-0.38254690170288086
-0.3143313229084015,-0.34002459049224854,-0.37703371047973633,-0.3253447413444519,-0.6668993830680847,-0.5473469495773315,-0.29105105996131897,-0.362663209438324
-0.2257191389799118,-0.22165481746196747,-0.44806215167045593,-0.35050052404403687,-0.6664891839027405,-0.5468207597732544,-0.27817222476005554,-0.3901340961456299
-0.33457696437835693,-0.35704711079597473,-0.3879029154777527,-0.3797719180583954,-0.6631693840026855,-0.5482457280158997,-0.32808148860931396,-0.3586949110031128
-0.3112610876560211,-0.3117460608482361,-0.4165158271789551,-0.3653126358985901,-0.6668922305107117,-0.5465012192726135,-0.27579614520072937,-0.35744863748550415
-0.32722678780555725,-0.3328029215335846,-0.4067891240119934,-0.36987408995628357,-0.6668319702148438,-0.5468155145645142,-0.280453622341156,-0.36964932084083557
-0.34452393651008606,-0.35115179419517517,-0.4003949463367462,-0.37202465534210205,-0.6668768525123596,-0.546625554561615,-0.2799091637134552,-0.3648735582828522
-0.22950807213783264,-0.22526012361049652,-0.4457142651081085,-0.3538177013397217,-0.666536271572113,-0.5474218130111694,-0.2788883447647095,-0.38863107562065125
-0.2723212242126465,-0.2688246965408325,-0.43380966782569885,-0.36663463711738586,-0.6666767597198486,-0.5471226572990417,-0.27716055512428284,-0.38546016812324524
-0.31253382563591003,-0.30152469873428345,-0.43706122040748596,-0.39628511667251587,-0.6666924357414246,-0.5465223789215088,-0.2724322974681854,-0.3837013244628906
-0.3041679263114929,-0.31183674931526184,-0.4073309302330017,-0.3478187322616577,-0.6669196486473083,-0.5465264916419983,-0.2790239155292511,-0.36767762899398804
-0.3789063096046448,-0.38895905017852783,-0.38898348808288574,-0.3948843777179718,-0.6669399738311768,-0.5475970506668091,-0.2869556248188019,-0.37342706322669983
-0.3370138108730316,-0.3410905599594116,-0.4075978994369507,-0.3771687150001526,-0.6669402718544006,-0.5466867089271545,-0.28011220693588257,-0.3789004981517792
-0.3488723933696747,-0.34458601474761963,-0.4151472747325897,-0.39247581362724304,-0.6669663786888123,-0.546440064907074,-0.27414530515670776,-0.33374133706092834
-0.3196844160556793,-0.31071510910987854,-0.43190932273864746,-0.3950541913509369,-0.666707456111908,-0.5465590953826904,-0.2734438180923462,-0.38047128915786743
-0.328163206577301,-0.3264141082763672,-0.41857683658599854,-0.39105406403541565,-0.6667289137840271,-0.5472440123558044,-0.27903440594673157,-0.38123786449432373
-0.3292391002178192,-0.33534958958625793,-0.4062114357948303,-0.369037389755249,-0.6668294668197632,-0.5466602444648743,-0.2803361117839813,-0.38201573491096497
-0.31629133224487305,-0.32063770294189453,-0.4122360646724701,-0.37907248735427856,-0.6667476892471313,-0.547787606716156,-0.28462645411491394,-0.3827454745769501
-0.30535221099853516,-0.3201000690460205,-0.3962502181529999,-0.3422347903251648,-0.6669321060180664,-0.5472795963287354,-0.28480011224746704,-0.3686487376689911
-0.42108243703842163,-0.4818383455276489,-0.3036218583583832,-0.33312371373176575,-0.6668657660484314,-0.549467146396637,-0.3259681165218353,-0.3423386514186859
-0.3439801037311554,-0.35490360856056213,-0.393221914768219,-0.3739714026451111,-0.6669114828109741,-0.5478152632713318,-0.2871924638748169,-0.332660049200058
-0.3594440221786499,-0.36097925901412964,-0.4043044149875641,-0.38861769437789917,-0.6669862270355225,-0.5466098785400391,-0.2777828276157379,-0.34349092841148376
-0.3741976022720337,-0.37966278195381165,-0.39551085233688354,-0.38730448484420776,-0.6672067046165466,-0.5465182065963745,-0.2800656855106354,-0.3493647277355194
-0.2629251182079315,-0.2603398263454437,-0.4337518811225891,-0.352801114320755,-0.6667644381523132,-0.5465973615646362,-0.2746630012989044,-0.3775705099105835
-0.33326879143714905,-0.3300352692604065,-0.41819775104522705,-0.38560229539871216,-0.6668369174003601,-0.5465002655982971,-0.2750224471092224,-0.3640589416027069
-0.33966752886772156,-0.35778185725212097,-0.3820993900299072,-0.3547153174877167,-0.6669320464134216,-0.5477061867713928,-0.2875306010246277,-0.3487456738948822
-0.3548790216445923,-0.35911664366722107,-0.4019985496997833,-0.38339921832084656,-0.6668729186058044,-0.5466980338096619,-0.27962976694107056,-0.3628959059715271
-0.3407570421695709,-0.3521781861782074,-0.39445778727531433,-0.36380696296691895,-0.6670705676078796,-0.5468562245368958,-0.28388598561286926,-0.36255133152008057
-0.3481161594390869,-0.3573233187198639,-0.39749088883399963,-0.3747387230396271,-0.6668407320976257,-0.5468531250953674,-0.2832740247249603,-0.38144102692604065
-0.3517313301563263,-0.3613719344139099,-0.3946155905723572,-0.37061968445777893,-0.6669159531593323,-0.5466321706771851,-0.2817499041557312,-0.37019580602645874
-0.3502906560897827,-0.3509000837802887,-0.4079265594482422,-0.38403281569480896,-0.6669614911079407,-0.546448290348053,-0.2766324579715729,-0.3504939079284668
-0.312242329120636,-0.3324773907661438,-0.38562530279159546,-0.34516069293022156,-0.6669204831123352,-0.5484479665756226,-0.29194483160972595,-0.3564075529575348
-0.3255644738674164,-0.3273276090621948,-0.4134041368961334,-0.3762385845184326,-0.6668676137924194,-0.5467529296875,-0.2789626121520996,-0.3785635530948639
-0.2783844470977783,-0.27058663964271545,-0.4398193061351776,-0.37464505434036255,-0.6666472554206848,-0.5466060638427734,-0.27409565448760986,-0.38519346714019775
-0.3331516981124878,-0.3417753279209137,-0.4014506936073303,-0.3659105598926544,-0.6670179963111877,-0.5466954708099365,-0.28214746713638306,-0.38006749749183655
-0.319711834192276,-0.3393462896347046,-0.38552528619766235,-0.33194124698638916,-0.6670588254928589,-0.5465556383132935,-0.2848057746887207,-0.3671033978462219
-0.37877845764160156,-0.38743093609809875,-0.39007672667503357,-0.3958433270454407,-0.6668396592140198,-0.5475963950157166,-0.2851390838623047,-0.36534643173217773
-0.28372669219970703,-0.2945033609867096,-0.40899601578712463,-0.3450377285480499,-0.6668092608451843,-0.5474201440811157,-0.28493639826774597,-0.38420045375823975
-0.28273284435272217,-0.2850944995880127,-0.41862231492996216,-0.34745553135871887,-0.6669257283210754,-0.5467105507850647,-0.27617496252059937,-0.34166476130485535
-0.3531273901462555,-0.35952314734458923,-0.4007226526737213,-0.38190096616744995,-0.6669938564300537,-0.5467706918716431,-0.28213196992874146,-0.3783060908317566
-0.4011634886264801,-0.40552690625190735,-0.3917664587497711,-0.40380412340164185,-0.6669524312019348,-0.546471893787384,-0.27984750270843506,-0.3565971255302429
-0.3128003180027008,-0.3306902348995209,-0.3893917500972748,-0.35311782360076904,-0.6668149828910828,-0.5487165451049805,-0.29256269335746765,-0.35247769951820374
-0.3624173700809479,-0.3676815330982208,-0.3997659981250763,-0.393948495388031,-0.6667811274528503,-0.547361433506012,-0.282969206571579,-0.3764053285121918
-0.35959792137145996,-0.3726659417152405,-0.38754311203956604,-0.3678908050060272,-0.666986346244812,-0.5466700196266174,-0.2836097478866577,-0.36374202370643616
-0.32868438959121704,-0.339506596326828,-0.39676740765571594,-0.35220688581466675,-0.6672511696815491,-0.5464999079704285,-0.28107887506484985,-0.3559938669204712
-0.31395193934440613,-0.3237316608428955,-0.4051930010318756,-0.36123692989349365,-0.6668220162391663,-0.5469982624053955,-0.2848174273967743,-0.3864889144897461
-0.3005549907684326,-0.3179912865161896,-0.3936990797519684,-0.32937005162239075,-0.666999876499176,-0.5466756820678711,-0.28426769375801086,-0.3720815181732178
-0.3046402931213379,-0.3216286599636078,-0.39414194226264954,-0.33123525977134705,-0.6672040820121765,-0.5465346574783325,-0.2843483090400696,-0.3775976896286011
-0.3287610709667206,-0.32968559861183167,-0.4122856855392456,-0.3732350170612335,-0.6670200824737549,-0.5464810729026794,-0.276632159948349,-0.35743874311447144
-0.3315957486629486,-0.32915857434272766,-0.4161617159843445,-0.37996578216552734,-0.666958212852478,-0.5464380979537964,-0.27458077669143677,-0.34203633666038513
-0.3905060887336731,-0.39720964431762695,-0.3917839229106903,-0.3996798098087311,-0.6668217182159424,-0.5467756390571594,-0.2824252247810364,-0.3750001788139343
-0.2455686330795288,-0.24127835035324097,-0.44180065393447876,-0.35843998193740845,-0.6665306091308594,-0.5472478270530701,-0.278408408164978,-0.38753408193588257
-0.22803471982479095,-0.22312170267105103,-0.4474130868911743,-0.3474447429180145,-0.6665984988212585,-0.5466893911361694,-0.27548032999038696,-0.3890400230884552
-0.32302817702293396,-0.3277932107448578,-0.4062756597995758,-0.36108988523483276,-0.6673446893692017,-0.5465541481971741,-0.27820971608161926,-0.32780638337135315
-0.33920490741729736,-0.3444787263870239,-0.40349113941192627,-0.3704242408275604,-0.6669347882270813,-0.5465003252029419,-0.2786991596221924,-0.3628871440887451
-0.3142958879470825,-0.3085175156593323,-0.4285806715488434,-0.38694098591804504,-0.6667266488075256,-0.5465804934501648,-0.2749592363834381,-0.3846804201602936
-0.33867961168289185,-0.3526133596897125,-0.3889797329902649,-0.34863248467445374,-0.6673318147659302,-0.5463954210281372,-0.28172293305397034,-0.34116193652153015
-0.22099760174751282,-0.2272266447544098,-0.4340651333332062,-0.3332156538963318,-0.6664342284202576,-0.5471383929252625,-0.28634190559387207,-0.39030343294143677
-0.365563303232193,-0.392881840467453,-0.3640095889568329,-0.34679996967315674,-0.6669531464576721,-0.5471700429916382,-0.2921845316886902,-0.3666326403617859
-0.27200958132743835,-0.2772619426250458,-0.418264240026474,-0.3411291241645813,-0.6668315529823303,-0.5468331575393677,-0.278827965259552,-0.37035059928894043
-0.3229025602340698,-0.32977333664894104,-0.40357592701911926,-0.3575080633163452,-0.6670138239860535,-0.546533465385437,-0.27873706817626953,-0.3481220006942749
-0.35469183325767517,-0.36291128396987915,-0.3970735967159271,-0.3857819437980652,-0.6668907999992371,-0.5475136637687683,-0.28535836935043335,-0.3755398392677307
-0.37509477138519287,-0.3782469630241394,-0.3990478813648224,-0.3944849967956543,-0.6668961644172668,-0.5466409921646118,-0.2791992425918579,-0.3547776937484741
-0.35872259736061096,-0.365658164024353,-0.39814743399620056,-0.3807559013366699,-0.6668713092803955,-0.5465847849845886,-0.2808758318424225,-0.3772510290145874
-0.366398423910141,-0.35997170209884644,-0.41633549332618713,-0.4115108549594879,-0.6667785048484802,-0.5466455817222595,-0.2751794457435608,-0.36185869574546814
-0.34416767954826355,-0.3336077630519867,-0.42892807722091675,-0.4097338318824768,-0.6666704416275024,-0.5464857816696167,-0.27288660407066345,-0.3772801458835602
-0.3398711383342743,-0.33893266320228577,-0.41485875844955444,-0.3951941132545471,-0.6667459607124329,-0.547224223613739,-0.279583603143692,-0.3808794319629669
-0.3105756342411041,-0.32415342330932617,-0.3965289294719696,-0.34327563643455505,-0.6669332385063171,-0.5469546318054199,-0.28315654397010803,-0.3693299889564514
-0.374091237783432,-0.3752923309803009,-0.40373629331588745,-0.3993928134441376,-0.6668306589126587,-0.5464946031570435,-0.2783641219139099,-0.37557253241539
-0.36261188983917236,-0.38506507873535156,-0.3709098994731903,-0.3455692529678345,-0.6670719385147095,-0.5464978218078613,-0.28610554337501526,-0.35446852445602417
-0.3172333240509033,-0.33603817224502563,-0.39136919379234314,-0.3510568141937256,-0.6667749285697937,-0.547408401966095,-0.2922686040401459,-0.38872286677360535
-0.27222344279289246,-0.27995508909225464,-0.416429728269577,-0.3371899127960205,-0.666923999786377,-0.546613335609436,-0.28030019998550415,-0.38427916169166565
-0.3634948432445526,-0.3581772744655609,-0.4135458767414093,-0.4014747440814972,-0.6670156121253967,-0.5464062094688416,-0.2739855647087097,-0.326632559299469
-0.3116301894187927,-0.3029630780220032,-0.43102890253067017,-0.38569000363349915,-0.6667135953903198,-0.5465483069419861,-0.2720138430595398,-0.36163657903671265
-0.3231004476547241,-0.33040744066238403,-0.40210169553756714,-0.36215242743492126,-0.6670086979866028,-0.5471478700637817,-0.28059765696525574,-0.3365350365638733
-0.3681867718696594,-0.3630707859992981,-0.41537460684776306,-0.4116843044757843,-0.6667693853378296,-0.5465742945671082,-0.27619048953056335,-0.3785402178764343
-0.29250091314315796,-0.2850577235221863,-0.4334285855293274,-0.3734305202960968,-0.6667579412460327,-0.5465152263641357,-0.27214428782463074,-0.3663027584552765
-0.3489486277103424,-0.3494473993778229,-0.41058477759361267,-0.3892501890659332,-0.6667890548706055,-0.5465380549430847,-0.2778271734714508,-0.37932318449020386
-0.33045530319213867,-0.3375621438026428,-0.4017729163169861,-0.3615422248840332,-0.6670015454292297,-0.546563446521759,-0.27924567461013794,-0.35005563497543335
-0.2723279893398285,-0.2713794708251953,-0.4318278133869171,-0.3641365170478821,-0.6666908860206604,-0.546907365322113,-0.2795538008213043,-0.3891187608242035
-0.36156588792800903,-0.37973788380622864,-0.38005760312080383,-0.3600069284439087,-0.6669672131538391,-0.5466831922531128,-0.28640007972717285,-0.37890058755874634
-0.24758021533489227,-0.24189898371696472,-0.44353559613227844,-0.35470038652420044,-0.666682779788971,-0.5465641617774963,-0.27409279346466064,-0.3877229690551758
-0.36347830295562744,-0.3683398962020874,-0.4004668891429901,-0.38832715153694153,-0.66683429479599,-0.5466406345367432,-0.2803857624530792,-0.3772156238555908
-0.35531100630760193,-0.36023688316345215,-0.40115413069725037,-0.3808812201023102,-0.6670621633529663,-0.5465729832649231,-0.2797911763191223,-0.3662753701210022
-0.35628801584243774,-0.3559016287326813,-0.4083992838859558,-0.3912028968334198,-0.6668978333473206,-0.5465660095214844,-0.2768653929233551,-0.35379502177238464
-0.2756054699420929,-0.2869285047054291,-0.4095934331417084,-0.3339468538761139,-0.6668687462806702,-0.5469231009483337,-0.2826305329799652,-0.38362205028533936
-0.2624470293521881,-0.2683236598968506,-0.4218374788761139,-0.3491499423980713,-0.6666844487190247,-0.5476619005203247,-0.2841067612171173,-0.3865824043750763
-0.34227681159973145,-0.3438229560852051,-0.41351330280303955,-0.4059997498989105,-0.6665864586830139,-0.5479426980018616,-0.2884339690208435,-0.38735830783843994
-0.3057864010334015,-0.3266300857067108,-0.3881203830242157,-0.3267665505409241,-0.6671885848045349,-0.5467064380645752,-0.28721243143081665,-0.3801603615283966
-0.36833876371383667,-0.37835466861724854,-0.38988253474235535,-0.37661507725715637,-0.6669910550117493,-0.5465919971466064,-0.2818608283996582,-0.3601115942001343
-0.2904844880104065,-0.27969950437545776,-0.43899253010749817,-0.3788807690143585,-0.666728138923645,-0.5464844107627869,-0.2706035077571869,-0.36433646082878113
-0.2900800406932831,-0.29672476649284363,-0.41473546624183655,-0.3525972068309784,-0.6668235659599304,-0.5468134880065918,-0.2814897894859314,-0.38586267828941345
-0.21357667446136475,-0.21526074409484863,-0.4415648579597473,-0.3356643617153168,-0.6664629578590393,-0.5471060872077942,-0.2829550504684448,-0.39008110761642456
-0.33770090341567993,-0.3496689796447754,-0.3921564817428589,-0.365742951631546,-0.6670053005218506,-0.5476743578910828,-0.2849602699279785,-0.3431195616722107
-0.2683335542678833,-0.2688073217868805,-0.4249538779258728,-0.3519338369369507,-0.6667910814285278,-0.5474313497543335,-0.27746111154556274,-0.35341206192970276
-0.39029422402381897,-0.4233599305152893,-0.3601244390010834,-0.3891487419605255,-0.6631107330322266,-0.5487870573997498,-0.3336077928543091,-0.33000245690345764
-0.2869880795478821,-0.2745092511177063,-0.4452421963214874,-0.38998106122016907,-0.6665777564048767,-0.5467164516448975,-0.2724773585796356,-0.38559168577194214
-0.35464492440223694,-0.3572286069393158,-0.4062263071537018,-0.3897532522678375,-0.6668297052383423,-0.5466688275337219,-0.2795743942260742,-0.37987834215164185
-0.34767425060272217,-0.35181647539138794,-0.4052717983722687,-0.38164451718330383,-0.6669960618019104,-0.5466206669807434,-0.28009092807769775,-0.37831565737724304
-0.38936638832092285,-0.38995161652565,-0.400174617767334,-0.41470080614089966,-0.6668387055397034,-0.5473021268844604,-0.2807232141494751,-0.35520482063293457
-0.325283408164978,-0.34611669182777405,-0.38521504402160645,-0.34485718607902527,-0.6670721173286438,-0.5472697019577026,-0.2912619709968567,-0.3823149800300598
-0.29426759481430054,-0.2882688641548157,-0.43338388204574585,-0.37783288955688477,-0.6667073965072632,-0.5465714931488037,-0.2746615409851074,-0.3843291699886322
-0.30421170592308044,-0.29632124304771423,-0.4339825510978699,-0.3851643204689026,-0.6666911244392395,-0.5465039610862732,-0.27344897389411926,-0.38364532589912415
-0.3011256158351898,-0.31800174713134766,-0.3949807286262512,-0.3335300385951996,-0.6669561266899109,-0.5468812584877014,-0.28510811924934387,-0.38139355182647705
-0.3433206081390381,-0.35439106822013855,-0.39397621154785156,-0.36185774207115173,-0.6671937704086304,-0.546596348285675,-0.2823686897754669,-0.35919567942619324
-0.2375754714012146,-0.2209366410970688,-0.4630787968635559,-0.36880865693092346,-0.666551411151886,-0.5461331009864807,-0.2681220471858978,-0.3879115879535675
-0.33496466279029846,-0.33910632133483887,-0.4076089560985565,-0.37999317049980164,-0.6668142080307007,-0.5471036434173584,-0.2809576392173767,-0.37976783514022827
-0.3604857325553894,-0.3834090530872345,-0.3725487291812897,-0.35470184683799744,-0.6672284007072449,-0.5473138689994812,-0.29114916920661926,-0.3722664415836334
-0.3734756112098694,-0.3976772725582123,-0.3660288453102112,-0.35067659616470337,-0.6670630574226379,-0.5467457175254822,-0.2883075773715973,-0.35209718346595764
-0.3085632622241974,-0.3181300759315491,-0.40375033020973206,-0.34629788994789124,-0.6669637560844421,-0.5464780330657959,-0.27982717752456665,-0.36752834916114807
-0.3789580166339874,-0.38133159279823303,-0.39967241883277893,-0.3976147770881653,-0.6668935418128967,-0.5465338230133057,-0.2786545753479004,-0.36027956008911133
-0.3343387246131897,-0.3335331976413727,-0.4159422516822815,-0.38506630063056946,-0.6668038368225098,-0.5465503334999084,-0.27713096141815186,-0.38068971037864685
-0.31278127431869507,-0.3098657727241516,-0.4239753186702728,-0.3788659870624542,-0.6667746305465698,-0.5465608239173889,-0.27580544352531433,-0.38236555457115173
-0.33105605840682983,-0.32745641469955444,-0.4209824204444885,-0.388262540102005,-0.666782557964325,-0.5464868545532227,-0.27550747990608215,-0.3807939887046814
-0.2826037108898163,-0.2759866714477539,-0.4354301989078522,-0.36967211961746216,-0.6667547821998596,-0.5465454459190369,-0.27299556136131287,-0.37273019552230835
-0.3091149926185608,-0.3208875358104706,-0.4002421796321869,-0.3523235023021698,-0.6668868660926819,-0.5474288463592529,-0.28425878286361694,-0.36955419182777405
-0.326428085565567,-0.33618441224098206,-0.3979793190956116,-0.36860260367393494,-0.6670791506767273,-0.5480969548225403,-0.2859499454498291,-0.33557090163230896
-0.3428139090538025,-0.34910207986831665,-0.40132594108581543,-0.37836578488349915,-0.6668669581413269,-0.5472225546836853,-0.2817164957523346,-0.3640877902507782
-0.3176507353782654,-0.31396520137786865,-0.42203909158706665,-0.3784046173095703,-0.6668037176132202,-0.5465236306190491,-0.2743683159351349,-0.36285412311553955
-0.31312665343284607,-0.31007882952690125,-0.4243791699409485,-0.380783349275589,-0.6667526960372925,-0.5465991497039795,-0.2761950194835663,-0.38351285457611084
-0.3475915789604187,-0.34674012660980225,-0.4114269018173218,-0.38798263669013977,-0.6668529510498047,-0.5465193390846252,-0.2763802409172058,-0.3636924624443054
-0.3584303855895996,-0.3657359182834625,-0.39818713068962097,-0.3827986419200897,-0.6668304800987244,-0.5467620491981506,-0.28211119771003723,-0.38037344813346863
-0.38327813148498535,-0.4011387228965759,-0.3751145005226135,-0.37087640166282654,-0.6669203639030457,-0.5467040538787842,-0.2860763669013977,-0.37184852361679077
-0.3552153706550598,-0.3667898178100586,-0.39108797907829285,-0.3791235387325287,-0.6669529676437378,-0.5476891398429871,-0.2874452471733093,-0.3669906556606293
-0.31865406036376953,-0.3205379843711853,-0.4132152795791626,-0.36720579862594604,-0.6668739914894104,-0.5465155243873596,-0.2767336666584015,-0.3658204972743988
-0.3133983314037323,-0.3186483383178711,-0.4092332124710083,-0.35900628566741943,-0.6668599843978882,-0.5466138124465942,-0.2786529064178467,-0.36708498001098633
-0.2533135712146759,-0.24384164810180664,-0.4484180510044098,-0.3670772910118103,-0.6666261553764343,-0.5465927720069885,-0.27309587597846985,-0.38784563541412354
-0.2991689145565033,-0.30188658833503723,-0.4182433784008026,-0.3607734739780426,-0.666816771030426,-0.5465940237045288,-0.2781417667865753,-0.3839432895183563
-0.30399224162101746,-0.3146601617336273,-0.4026021659374237,-0.3414232134819031,-0.6669448018074036,-0.5465145707130432,-0.2802000343799591,-0.36778637766838074
-0.34940046072006226,-0.3486602008342743,-0.4122595191001892,-0.3924481272697449,-0.6668596863746643,-0.5466065406799316,-0.27769556641578674,-0.376771479845047
-0.35858577489852905,-0.3588624596595764,-0.40587320923805237,-0.38785678148269653,-0.6670806407928467,-0.5464521646499634,-0.2764202356338501,-0.3284843862056732
-0.30434778332710266,-0.3157169222831726,-0.4020867347717285,-0.3513815701007843,-0.6669864654541016,-0.5474703907966614,-0.2850036323070526,-0.3664308190345764
-0.30307167768478394,-0.32027557492256165,-0.3976413607597351,-0.3549732565879822,-0.6666929721832275,-0.5480725765228271,-0.2959858179092407,-0.3885354697704315
-0.27168336510658264,-0.2749226689338684,-0.4226253628730774,-0.35204342007637024,-0.6668338775634766,-0.5473145842552185,-0.280666321516037,-0.37359124422073364
-0.23445363342761993,-0.21642787754535675,-0.4601406753063202,-0.36023426055908203,-0.6667213439941406,-0.5463289022445679,-0.2646927833557129,-0.3354000747203827
-0.3321286737918854,-0.32752472162246704,-0.42103368043899536,-0.38867437839508057,-0.6669219136238098,-0.5465080738067627,-0.27479711174964905,-0.3624163568019867
-0.27834352850914,-0.2882223427295685,-0.41498637199401855,-0.3556368350982666,-0.6666134595870972,-0.547654390335083,-0.2904217541217804,-0.3893822133541107
-0.31072601675987244,-0.3186725974082947,-0.40448248386383057,-0.3472811281681061,-0.6672491431236267,-0.5464183688163757,-0.2788335978984833,-0.34617385268211365
-0.28500673174858093,-0.30779141187667847,-0.3871158957481384,-0.3179013133049011,-0.6669741272926331,-0.5477190017700195,-0.28903478384017944,-0.36232736706733704
-0.38027670979499817,-0.4166487455368042,-0.34810152649879456,-0.3487713932991028,-0.6669334769248962,-0.5482709407806396,-0.30346834659576416,-0.36470285058021545
-0.2255106121301651,-0.21671395003795624,-0.4533955454826355,-0.35040730237960815,-0.6666304469108582,-0.5465070009231567,-0.2723166048526764,-0.387936532497406
-0.28339123725891113,-0.2965618073940277,-0.4051220417022705,-0.33046844601631165,-0.6670647859573364,-0.5466176271438599,-0.2828313112258911,-0.3821009695529938
-0.3492893576622009,-0.3657033145427704,-0.3827580511569977,-0.3508678078651428,-0.6671939492225647,-0.5465375781059265,-0.2834396958351135,-0.3371239900588989
-0.31117960810661316,-0.3097776472568512,-0.42164087295532227,-0.3787771761417389,-0.6667419075965881,-0.5469740629196167,-0.27777624130249023,-0.3816278874874115
-0.3874223530292511,-0.38165798783302307,-0.4099021553993225,-0.4156920313835144,-0.6669161915779114,-0.5463882684707642,-0.27466171979904175,-0.34076619148254395
-0.2940622568130493,-0.3227137327194214,-0.38628411293029785,-0.34425169229507446,-0.6634805202484131,-0.5478291511535645,-0.32887881994247437,-0.3788197636604309
-0.3281376361846924,-0.329510360956192,-0.4132494628429413,-0.37627267837524414,-0.6668064594268799,-0.5465490818023682,-0.27774497866630554,-0.37975528836250305
-0.35843488574028015,-0.3755115568637848,-0.37901464104652405,-0.3622620105743408,-0.6671428680419922,-0.5474390983581543,-0.28658658266067505,-0.3213481307029724
-0.31083402037620544,-0.31733813881874084,-0.4090530574321747,-0.3656803369522095,-0.6667691469192505,-0.5473732352256775,-0.28368526697158813,-0.37320676445961
-0.25022923946380615,-0.23720654845237732,-0.450412392616272,-0.36131227016448975,-0.666686475276947,-0.5464486479759216,-0.26809224486351013,-0.35911720991134644
-0.28796711564064026,-0.2982083857059479,-0.4090732932090759,-0.34071603417396545,-0.6668868660926819,-0.5466658473014832,-0.2817227244377136,-0.38450637459754944
-0.33551448583602905,-0.3311147093772888,-0.4195431172847748,-0.3962518870830536,-0.6667278409004211,-0.5471543669700623,-0.27677667140960693,-0.36683401465415955
-0.3171703815460205,-0.32913699746131897,-0.39767390489578247,-0.3474348783493042,-0.6669699549674988,-0.5466967225074768,-0.2818906903266907,-0.363394170999527
-0.3290787637233734,-0.3379637897014618,-0.40040984749794006,-0.3604881167411804,-0.6671063303947449,-0.5467130541801453,-0.2815513014793396,-0.36486372351646423
-0.301191121339798,-0.3035597503185272,-0.4166140556335449,-0.3694397807121277,-0.6667637228965759,-0.5475742220878601,-0.2805308699607849,-0.37227755784988403
-0.30493682622909546,-0.31736400723457336,-0.4003477990627289,-0.33969518542289734,-0.6669865250587463,-0.5465360879898071,-0.2815094292163849,-0.36936837434768677
-0.3470838963985443,-0.3433992862701416,-0.41540899872779846,-0.39289015531539917,-0.6668470501899719,-0.5465378761291504,-0.2750664949417114,-0.35205313563346863
-0.3535347282886505,-0.3522055745124817,-0.41210249066352844,-0.4005042612552643,-0.6667352318763733,-0.5470677018165588,-0.2789270281791687,-0.37811410427093506
-0.3269999027252197,-0.3315357565879822,-0.40941867232322693,-0.3725511133670807,-0.6668290495872498,-0.5467134118080139,-0.2802540957927704,-0.3829185962677002
-0.32247796654701233,-0.32431715726852417,-0.4134162664413452,-0.3731163740158081,-0.666871964931488,-0.5466587543487549,-0.2779589891433716,-0.3687891662120819
-0.2355247586965561,-0.23671405017375946,-0.43668219447135925,-0.34365877509117126,-0.6666042804718018,-0.5470675826072693,-0.2803410589694977,-0.38896217942237854
-0.2861584424972534,-0.27804097533226013,-0.43865376710891724,-0.37948480248451233,-0.6666654944419861,-0.5466429591178894,-0.27397629618644714,-0.3861393928527832
-0.3642750382423401,-0.37169769406318665,-0.39472851157188416,-0.3851874768733978,-0.6668676137924194,-0.5470987558364868,-0.28229448199272156,-0.3628275990486145
-0.3202592432498932,-0.32396167516708374,-0.4085712432861328,-0.3727682828903198,-0.6669028401374817,-0.5475454330444336,-0.2803671658039093,-0.3423573970794678
-0.3653995990753174,-0.36289241909980774,-0.40973877906799316,-0.40018612146377563,-0.6668925881385803,-0.5465578436851501,-0.27615946531295776,-0.351253867149353
-0.2581929862499237,-0.26496195793151855,-0.42102983593940735,-0.3353569209575653,-0.6668150424957275,-0.5468090176582336,-0.2802897095680237,-0.3817252814769745
-0.24874120950698853,-0.251647025346756,-0.42956405878067017,-0.34506452083587646,-0.6666938066482544,-0.5473495721817017,-0.28181958198547363,-0.38667741417884827
-0.34385260939598083,-0.3396819233894348,-0.41961631178855896,-0.40017005801200867,-0.6667572855949402,-0.5467039942741394,-0.2770073711872101,-0.38237643241882324
-0.32624056935310364,-0.32495665550231934,-0.41598066687583923,-0.3755793869495392,-0.6669244766235352,-0.5464486479759216,-0.27515608072280884,-0.35341930389404297
-0.30679386854171753,-0.30022984743118286,-0.43121588230133057,-0.38431859016418457,-0.6667635440826416,-0.5465743541717529,-0.274592787027359,-0.38256555795669556
-0.23359885811805725,-0.21681340038776398,-0.4643556773662567,-0.3720720410346985,-0.666531503200531,-0.5465176701545715,-0.2692452073097229,-0.3883969485759735
-0.28696027398109436,-0.3039829432964325,-0.39602071046829224,-0.3208491802215576,-0.667241096496582,-0.5467192530632019,-0.28379425406455994,-0.3605920076370239
-0.33849963545799255,-0.35746461153030396,-0.38371193408966064,-0.3470008075237274,-0.666961133480072,-0.5467206835746765,-0.2863561511039734,-0.3792000710964203
-0.38995808362960815,-0.3905726671218872,-0.39904123544692993,-0.40329229831695557,-0.6673316359519958,-0.5464292764663696,-0.277893990278244,-0.32474449276924133
-0.29042795300483704,-0.3138609826564789,-0.39564892649650574,-0.35270455479621887,-0.6639863848686218,-0.5475863814353943,-0.32427462935447693,-0.3878636658191681
-0.30664128065109253,-0.31634458899497986,-0.40152060985565186,-0.33906418085098267,-0.6675255298614502,-0.5463316440582275,-0.27897921204566956,-0.3173520863056183
-0.34459245204925537,-0.3493819832801819,-0.4037076234817505,-0.37616539001464844,-0.6669296026229858,-0.5465658903121948,-0.2791733145713806,-0.36518487334251404
-0.22330355644226074,-0.23996128141880035,-0.41963401436805725,-0.33359813690185547,-0.6628412008285522,-0.5480661988258362,-0.32116252183914185,-0.3544653654098511
-0.3177626430988312,-0.31425440311431885,-0.4198032319545746,-0.3761380612850189,-0.6669476628303528,-0.5466137528419495,-0.27388736605644226,-0.3298226594924927
-0.2786477208137512,-0.2965661585330963,-0.39851897954940796,-0.31727689504623413,-0.6669543385505676,-0.5465341806411743,-0.28385886549949646,-0.3834216594696045
-0.3231174647808075,-0.32807087898254395,-0.409300833940506,-0.36747705936431885,-0.6668468117713928,-0.546569287776947,-0.2794237434864044,-0.3815808892250061
-0.33036190271377563,-0.3317820131778717,-0.4119040369987488,-0.37463080883026123,-0.6669591665267944,-0.5464924573898315,-0.27723798155784607,-0.36890679597854614
-0.31917065382003784,-0.3063529133796692,-0.4367911219596863,-0.39982283115386963,-0.6666823625564575,-0.5465223789215088,-0.2708778977394104,-0.37140631675720215
-0.3552882969379425,-0.3763975501060486,-0.37467437982559204,-0.3495960831642151,-0.6673538684844971,-0.5469822287559509,-0.2881262004375458,-0.34007734060287476
-0.31310445070266724,-0.3292432427406311,-0.39347100257873535,-0.34735724329948425,-0.6668542623519897,-0.5474293828010559,-0.28836169838905334,-0.37251174449920654
-0.390083372592926,-0.41179993748664856,-0.3662340044975281,-0.36502310633659363,-0.6671969890594482,-0.5468508005142212,-0.28840774297714233,-0.3339248299598694
-0.33793312311172485,-0.3479287028312683,-0.3959699869155884,-0.36212098598480225,-0.6669221520423889,-0.5467043519020081,-0.28104859590530396,-0.3585686683654785
-0.35481610894203186,-0.3582601845264435,-0.4022647440433502,-0.3807242214679718,-0.6670184135437012,-0.5465334057807922,-0.2781202793121338,-0.34442251920700073
-0.3303373456001282,-0.33041468262672424,-0.415637731552124,-0.3833627700805664,-0.6667784452438354,-0.5466780662536621,-0.27825218439102173,-0.38193148374557495
-0.2828265130519867,-0.30308401584625244,-0.39361661672592163,-0.312398225069046,-0.6670209765434265,-0.5464397668838501,-0.28433525562286377,-0.3818967044353485
-0.3025393486022949,-0.31785768270492554,-0.39738643169403076,-0.34015730023384094,-0.6670464873313904,-0.547094464302063,-0.28615424036979675,-0.38001254200935364
-0.3512721657752991,-0.3496009111404419,-0.41212961077690125,-0.3914010524749756,-0.6668344140052795,-0.5464722514152527,-0.27606528997421265,-0.36582762002944946
-0.4061985909938812,-0.40401315689086914,-0.40144261717796326,-0.42049527168273926,-0.6669562458992004,-0.5464259386062622,-0.2774932384490967,-0.3606926500797272
-0.3088880479335785,-0.3104211986064911,-0.41803935170173645,-0.3690248429775238,-0.6668122410774231,-0.5466187000274658,-0.2781561017036438,-0.38367927074432373
-0.3272738456726074,-0.33008068799972534,-0.40795186161994934,-0.36541804671287537,-0.6671766638755798,-0.5464268922805786,-0.2764199376106262,-0.3200324773788452
-0.2889387905597687,-0.2960030436515808,-0.4141310155391693,-0.3495750427246094,-0.6669071912765503,-0.5467635989189148,-0.28164830803871155,-0.38415706157684326
-0.3430244028568268,-0.34360870718955994,-0.4116724133491516,-0.3859076201915741,-0.6668086051940918,-0.5465384125709534,-0.2776789963245392,-0.3795647919178009
-0.3896428048610687,-0.4153646230697632,-0.3615039885044098,-0.3655475974082947,-0.6670128703117371,-0.547508955001831,-0.2941809296607971,-0.3548753559589386
-0.3184155821800232,-0.31739944219589233,-0.41557133197784424,-0.3686564862728119,-0.6671179533004761,-0.5464445352554321,-0.2745184600353241,-0.3170427083969116
-0.3165664076805115,-0.32547056674957275,-0.40360134840011597,-0.3580996096134186,-0.6668633818626404,-0.5469130277633667,-0.28214821219444275,-0.3734084665775299
-0.3404637575149536,-0.33703678846359253,-0.4142856001853943,-0.3891303837299347,-0.6670148372650146,-0.5468166470527649,-0.27509385347366333,-0.3114473223686218
-0.39485275745391846,-0.416492760181427,-0.36493778228759766,-0.36377719044685364,-0.6673573851585388,-0.5465688705444336,-0.28711095452308655,-0.32144105434417725
-0.2995264530181885,-0.2995729148387909,-0.42075133323669434,-0.36330440640449524,-0.666814923286438,-0.5465471744537354,-0.2759346663951874,-0.3687532842159271
-0.2647028863430023,-0.26234182715415955,-0.43144187331199646,-0.3499591648578644,-0.6667923331260681,-0.5465987920761108,-0.27408164739608765,-0.3687286674976349
-0.33796048164367676,-0.36076319217681885,-0.3792262375354767,-0.3590993881225586,-0.6668264269828796,-0.548557698726654,-0.2998000681400299,-0.36453938484191895
-0.304422527551651,-0.3113577663898468,-0.40805310010910034,-0.3483857214450836,-0.6671068668365479,-0.5465050935745239,-0.27879443764686584,-0.35979312658309937
-0.28889694809913635,-0.29665642976760864,-0.41031450033187866,-0.33897024393081665,-0.6669297814369202,-0.5464652180671692,-0.27832329273223877,-0.3683035969734192
-0.3274872899055481,-0.3234888017177582,-0.4198477864265442,-0.38327181339263916,-0.6668733358383179,-0.5465512871742249,-0.27437272667884827,-0.35098689794540405
-0.2960590422153473,-0.2921130657196045,-0.42906203866004944,-0.3712906539440155,-0.6667526960372925,-0.5464526414871216,-0.27477848529815674,-0.38327959179878235
-0.32844704389572144,-0.32509490847587585,-0.4216264486312866,-0.3992000222206116,-0.6667407155036926,-0.5474277138710022,-0.2815179228782654,-0.3833825886249542
-0.3249867856502533,-0.3148735761642456,-0.43283191323280334,-0.40046438574790955,-0.6666867733001709,-0.5465364456176758,-0.2729659676551819,-0.38306790590286255
-0.32176485657691956,-0.3301366865634918,-0.4051651954650879,-0.3654283583164215,-0.6668883562088013,-0.5469319820404053,-0.2836848199367523,-0.38246089220046997
-0.3171224594116211,-0.32329249382019043,-0.4053727686405182,-0.35564571619033813,-0.6672918200492859,-0.546582043170929,-0.27871450781822205,-0.33120566606521606
-0.3725804388523102,-0.3712758719921112,-0.40644553303718567,-0.40017905831336975,-0.6670790314674377,-0.5464872121810913,-0.2768765389919281,-0.35015901923179626
-0.33147263526916504,-0.3334462642669678,-0.4123503863811493,-0.37918034195899963,-0.6668211817741394,-0.5466407537460327,-0.2787276804447174,-0.3821370601654053
-0.32523834705352783,-0.3414609432220459,-0.3874540328979492,-0.33692964911460876,-0.6673238277435303,-0.5464279055595398,-0.2822573184967041,-0.32028746604919434
-0.3089068531990051,-0.3307843804359436,-0.3842697739601135,-0.32960250973701477,-0.6670116782188416,-0.5473390817642212,-0.2882801592350006,-0.3677063286304474
-0.32550910115242004,-0.34857216477394104,-0.3786696791648865,-0.3257501423358917,-0.6670842170715332,-0.5464421510696411,-0.2858397960662842,-0.36955422163009644
-0.34427428245544434,-0.35939842462539673,-0.38603487610816956,-0.3563418388366699,-0.6670241355895996,-0.5470280051231384,-0.2844521701335907,-0.349487841129303
-0.32897526025772095,-0.338322252035141,-0.39690178632736206,-0.3521285057067871,-0.6673018932342529,-0.5463994741439819,-0.27921274304389954,-0.305761456489563
-0.4043651223182678,-0.39335593581199646,-0.4152529239654541,-0.43840861320495605,-0.666743814945221,-0.5464880466461182,-0.2733825147151947,-0.35816487669944763
-0.32149195671081543,-0.3201821744441986,-0.4179365038871765,-0.3831559419631958,-0.6667545437812805,-0.5471524000167847,-0.2779669165611267,-0.3707732856273651
-0.36884763836860657,-0.38586127758026123,-0.37785664200782776,-0.3622032701969147,-0.6671837568283081,-0.5467595458030701,-0.28511250019073486,-0.3364050090312958
-0.30103495717048645,-0.29160717129707336,-0.43727537989616394,-0.38752084970474243,-0.6667002439498901,-0.5465017557144165,-0.2730400562286377,-0.38464227318763733
-0.3079299330711365,-0.3243006765842438,-0.39328277111053467,-0.3331775963306427,-0.6669660210609436,-0.5466002821922302,-0.28326961398124695,-0.37330666184425354
-0.3562907576560974,-0.3579549789428711,-0.4059383273124695,-0.39750728011131287,-0.6668984889984131,-0.5474255681037903,-0.2814748287200928,-0.36017757654190063
-0.3720555305480957,-0.4005327820777893,-0.36426833271980286,-0.36905184388160706,-0.666823148727417,-0.5487446188926697,-0.3042706549167633,-0.3710464537143707
