0,1,2,3,4,5,6,7
0.4439176321029663,0.21860522031784058,0.4142923951148987,0.4687807857990265,0.2758086621761322,0.4812602996826172,0.47868821024894714,0.09902854263782501
0.593016505241394,0.2131444364786148,0.10639744251966476,0.5729201436042786,0.10276363044977188,0.5101373195648193,0.45081180334091187,0.06632308661937714
0.552080512046814,0.417570561170578,0.15018519759178162,0.6407883763313293,0.08375381678342819,0.42566245794296265,0.3823021948337555,0.09779604524374008
0.6792430877685547,0.3627884089946747,-0.0007706091273576021,0.342373788356781,0.3640269935131073,0.3715909719467163,0.5081057548522949,0.08978962153196335
0.38032975792884827,0.2764490842819214,0.5918949246406555,0.5432894825935364,0.25125405192375183,0.38736850023269653,0.4201618731021881,0.08124732971191406
0.5322189331054688,0.418155699968338,0.2808922827243805,0.4976266622543335,0.25675317645072937,0.34841811656951904,0.42263343930244446,0.08242157846689224
0.37536630034446716,0.26364827156066895,0.6026924848556519,0.5265148282051086,0.2565317749977112,0.41086170077323914,0.43242037296295166,0.08307087421417236
0.33407872915267944,0.1563946157693863,0.6050559878349304,0.4823753535747528,0.25654760003089905,0.551965057849884,0.4821610748767853,0.09080518037080765
0.6730082631111145,0.29643863439559937,-0.0001781024329829961,0.49943259358406067,0.18075376749038696,0.4285106956958771,0.46676114201545715,0.07356507331132889
0.5390861630439758,0.41639167070388794,0.19152632355690002,0.5091687440872192,0.2082226425409317,0.43186137080192566,0.4301038384437561,0.09555599093437195
0.6817448139190674,0.18806782364845276,-0.00010001872578868642,0.6413834691047668,0.025071080774068832,0.4522816240787506,0.4185898005962372,0.030517585575580597
0.5939316153526306,0.4139966070652008,0.003484950168058276,0.6948651075363159,0.0028281714767217636,0.475680947303772,0.3720264732837677,0.10468094050884247
0.6926862001419067,-0.0007188679883256555,-3.310352985863574e-05,0.7534332871437073,3.960942194680683e-05,0.5449599623680115,0.42787855863571167,0.2969185411930084
0.6429300308227539,0.18584731221199036,-5.772095391876064e-06,0.6955375671386719,0.007940997369587421,0.47911128401756287,0.40793144702911377,0.11061925441026688
0.26292628049850464,0.1820712685585022,0.603576123714447,0.4700506627559662,0.2571549117565155,0.633405864238739,0.49113455414772034,0.1008109375834465
0.3433312773704529,0.37151288986206055,0.5818746089935303,0.527974545955658,0.24909716844558716,0.4207209646701813,0.4115777611732483,0.08278872817754745
0.3748229146003723,0.2745564877986908,0.5978525876998901,0.5169535875320435,0.253506064414978,0.42598259449005127,0.4325338304042816,0.08215075731277466
0.6307283043861389,0.14024333655834198,0.0003141594061162323,0.7144851684570312,0.0007752128876745701,0.5072121620178223,0.41153013706207275,0.1325991302728653
0.5887335538864136,0.2572399377822876,0.0009717944776639342,0.7848636507987976,0.0008202707394957542,0.4461498558521271,0.35066360235214233,0.1817638874053955
0.6702305674552917,0.40752163529396057,-0.0011918938253074884,0.296220988035202,0.40207183361053467,0.3644178807735443,0.5137892961502075,0.1001397967338562
0.37725841999053955,0.3963961601257324,0.5970526337623596,0.5700340867042542,0.25687941908836365,0.3043391704559326,0.3826863467693329,0.07825081795454025
0.25464364886283875,0.15416018664836884,0.6041533946990967,0.46469423174858093,0.2572181224822998,0.6526774168014526,0.4995485842227936,0.10213779658079147
0.42069515585899353,0.2828913927078247,0.605330228805542,0.5427157878875732,0.25736644864082336,0.3370382785797119,0.41312962770462036,0.08427151292562485
0.3439114987850189,0.3653597831726074,0.605217695236206,0.5416194200515747,0.2608722746372223,0.3871658444404602,0.41317763924598694,0.08993738144636154
0.6303245425224304,0.41457265615463257,-0.00013757064880337566,0.5688391327857971,0.11800651252269745,0.42418673634529114,0.4184693694114685,0.07705064117908478
0.6851516962051392,-0.00024078766000457108,-6.585197115782648e-05,0.6666916012763977,0.003358626738190651,0.4946117401123047,0.44836974143981934,0.04722122475504875
0.5931788086891174,0.4172142744064331,0.002246527699753642,0.6142454147338867,0.01689767651259899,0.5631049275398254,0.4193896949291229,0.07485168427228928
0.4099804162979126,0.32733863592147827,0.6048235893249512,0.5377799868583679,0.2575100362300873,0.3384770154953003,0.40845754742622375,0.08353361487388611
0.37178242206573486,0.35525020956993103,0.6037084460258484,0.550294816493988,0.25648233294487,0.3471720218658447,0.39970308542251587,0.07978891581296921
0.6825405359268188,0.3407098352909088,-0.0006629977142438293,0.3764960765838623,0.3244183361530304,0.3798920214176178,0.5000612139701843,0.08535752445459366
0.6820421814918518,0.2740207314491272,0.0055002025328576565,0.6341496109962463,0.02280164323747158,0.43177732825279236,0.4093993604183197,0.026858001947402954
0.5674609541893005,0.19421787559986115,0.16522659361362457,0.6417333483695984,0.08455728739500046,0.4876476228237152,0.4211476445198059,0.11639247834682465
0.37080010771751404,0.4191301167011261,0.5900050401687622,0.5778322219848633,0.25113147497177124,0.30190590023994446,0.3741992712020874,0.07768969237804413
0.4082558751106262,0.32496970891952515,0.6045379638671875,0.5605126619338989,0.2573716938495636,0.31330421566963196,0.39807891845703125,0.08349061757326126
0.259639710187912,0.20604285597801208,0.6067670583724976,0.4643464982509613,0.2571078836917877,0.6382344961166382,0.4931574761867523,0.09947200119495392
0.6562549471855164,-0.00034278255770914257,0.06506501883268356,0.6384131908416748,0.037136510014534,0.516435980796814,0.4498308300971985,0.03644784167408943
0.6515481472015381,0.34865453839302063,0.03346212953329086,0.3441639840602875,0.3795420229434967,0.376018762588501,0.5038208365440369,0.10568296164274216
0.3533743619918823,0.24031296372413635,0.6009005904197693,0.5086336135864258,0.25539472699165344,0.47451725602149963,0.4514438807964325,0.08944179117679596
0.6206766366958618,-0.0003138460451737046,0.08310656994581223,0.6191176176071167,0.04949342831969261,0.5620662569999695,0.4685874283313751,0.05010982230305672
0.2536516487598419,0.29392778873443604,0.6067533493041992,0.46279311180114746,0.25710529088974,0.6209547519683838,0.47386038303375244,0.09745699167251587
0.2645057141780853,0.20135828852653503,0.6064668893814087,0.4601670801639557,0.2570924758911133,0.6285667419433594,0.48774439096450806,0.09910877794027328
0.5859578847885132,0.35903334617614746,0.0005388267454691231,0.7976052165031433,0.004727552644908428,0.41455042362213135,0.31934651732444763,0.1960531324148178
0.37573447823524475,0.33514606952667236,0.593546450138092,0.5392924547195435,0.2526230216026306,0.37273097038269043,0.41088828444480896,0.08005508780479431
0.31648316979408264,0.2591511011123657,0.5280200839042664,0.5024666786193848,0.22855815291404724,0.574360191822052,0.46058475971221924,0.10282775014638901
0.6402134895324707,0.07153809815645218,0.0004111493763048202,0.681128203868866,0.0006725286948494613,0.5427113175392151,0.44417721033096313,0.10657361894845963
0.2751845717430115,0.26182281970977783,0.5857158303260803,0.47738057374954224,0.25169652700424194,0.5972027778625488,0.4706753194332123,0.10364161431789398
0.3634898066520691,0.39544644951820374,0.6047326922416687,0.5732119083404541,0.2575483024120331,0.3112637400627136,0.3800116777420044,0.0787314921617508
0.6431458592414856,0.4184442460536957,7.572890899609774e-05,0.5212537050247192,0.14449577033519745,0.4500879645347595,0.4427906572818756,0.07734666764736176
0.625751256942749,0.13557474315166473,0.000377266580471769,0.735910952091217,0.0005387789569795132,0.5273634195327759,0.4074432849884033,0.18641860783100128
0.641669750213623,0.14270977675914764,0.0010246712481603026,0.6412823796272278,0.015448534861207008,0.5700710415840149,0.44789689779281616,0.08807922899723053
0.5579447746276855,0.11528950929641724,0.1129021868109703,0.6354839205741882,0.061304714530706406,0.6127344965934753,0.45518189668655396,0.1480434089899063
0.25784605741500854,0.1618627905845642,0.6031432151794434,0.456389456987381,0.2564704418182373,0.6512532234191895,0.49827080965042114,0.09880770742893219
0.6542028188705444,-0.0006482747267000377,0.00022361072478815913,0.6834211945533752,0.0006134994910098612,0.5571164488792419,0.45170485973358154,0.10701810568571091
0.6540394425392151,-0.0006546134245581925,0.0002906288718804717,0.6853365898132324,0.0006520312163047493,0.5573391318321228,0.4493558704853058,0.10517668724060059
0.6930631399154663,0.41697633266448975,-0.0001579312520334497,0.5620261430740356,0.09306289255619049,0.38834908604621887,0.4173894226551056,0.034177038818597794
0.552991509437561,0.41800326108932495,0.00025367739726789296,0.8724048733711243,0.0005523442523553967,0.4092863202095032,0.27694883942604065,0.2735438346862793
0.6642314195632935,-0.0004249800695106387,8.28058909974061e-05,0.6891655325889587,0.0005381845403462648,0.5257543325424194,0.4455419182777405,0.10084428638219833
0.6642402410507202,-0.0006716432399116457,0.0001667926844675094,0.6957560181617737,0.0005049062310718,0.5359391570091248,0.4437646269798279,0.12097044289112091
0.3273560702800751,3.0263639928307384e-05,0.5783389210700989,0.49373361468315125,0.2519966661930084,0.6173524260520935,0.520289957523346,0.09234350919723511
0.3076050877571106,0.3328317403793335,0.6064581274986267,0.5060988068580627,0.2578122913837433,0.4896133840084076,0.43729445338249207,0.09513965994119644
0.4568611681461334,0.31781843304634094,0.4107253849506378,0.5470984578132629,0.218437060713768,0.4061053693294525,0.41892579197883606,0.09938354790210724
0.6396469473838806,0.4180313050746918,0.019297396764159203,0.625563383102417,0.02825087681412697,0.43573346734046936,0.38997992873191833,0.030296361073851585
0.6260396242141724,0.00010663434659363702,0.08390019834041595,0.6409081220626831,0.05685850977897644,0.5453450083732605,0.46154630184173584,0.10515379160642624
0.6574135422706604,-0.0005804236279800534,0.00032652835943736136,0.6596626043319702,0.004879732150584459,0.5814329981803894,0.45948994159698486,0.07454344630241394
0.5435896515846252,0.18282438814640045,0.18583887815475464,0.5966712832450867,0.10076412558555603,0.5402023792266846,0.44549182057380676,0.08964728564023972
0.6649304628372192,-0.00046052600373513997,0.0009551574476063251,0.7629997134208679,0.0040204706601798534,0.5253787040710449,0.4150993824005127,0.26622650027275085
0.367245614528656,0.4144992530345917,0.5986773371696472,0.5669814348220825,0.25588738918304443,0.3106220066547394,0.38102924823760986,0.07817249000072479
0.4949003756046295,0.41807156801223755,0.22175785899162292,0.5716427564620972,0.10066289454698563,0.5019435286521912,0.4086340367794037,0.05620758607983589
0.28406020998954773,0.12645576894283295,0.5952469706535339,0.48711806535720825,0.25261661410331726,0.6279829740524292,0.4999520778656006,0.10232658684253693
0.24886387586593628,0.10870302468538284,0.6071809530258179,0.4723997116088867,0.2571239471435547,0.660036563873291,0.5137726068496704,0.10571347922086716
0.7421389818191528,0.0002771024883259088,-0.0006828310433775187,0.3270537853240967,0.4012370705604553,0.3822740614414215,0.5915986895561218,0.09070219844579697
0.7073134779930115,-0.0003216364129912108,0.0012116165598854423,0.6575074791908264,0.01370692066848278,0.48413562774658203,0.43873342871665955,0.02772463485598564
0.4377279281616211,0.2858164608478546,0.4559953808784485,0.5091570019721985,0.27845078706741333,0.4066810607910156,0.43515101075172424,0.1221083551645279
0.43087148666381836,0.31021347641944885,0.47203969955444336,0.48513734340667725,0.28062960505485535,0.4061277508735657,0.4447937309741974,0.08627046644687653
0.5499695539474487,0.3871823251247406,-0.00011572448420338333,0.8998925089836121,0.00014337788161356002,0.40147265791893005,0.26400449872016907,0.3006330728530884
0.27502918243408203,0.2554739713668823,0.5994429588317871,0.47860997915267944,0.2566585838794708,0.5850042104721069,0.4688667356967926,0.10006453841924667
0.6008273959159851,0.4178548753261566,1.3240247426438145e-05,0.6780996322631836,0.019811544567346573,0.4398997724056244,0.37576359510421753,0.08457206934690475
0.5866696238517761,0.41830748319625854,4.4712458475260064e-05,0.7479289174079895,0.0011489861644804478,0.43245938420295715,0.34277772903442383,0.1373906433582306
0.6716217398643494,-0.00048315594904124737,0.00017844325338955969,0.6415100693702698,0.030147019773721695,0.5525827407836914,0.4664819538593292,0.08730018883943558
0.5455741286277771,0.3993588984012604,0.00862862728536129,0.9017946720123291,0.006661421153694391,0.3960750102996826,0.2558637857437134,0.31282249093055725
0.5485535860061646,0.23147046566009521,0.1887330859899521,0.5709975361824036,0.15084166824817657,0.4846172630786896,0.44142499566078186,0.10968413949012756
0.45671382546424866,0.30047449469566345,0.3470674753189087,0.414908766746521,0.31233689188957214,0.4800436496734619,0.4838889241218567,0.09945341944694519
0.26524618268013,0.1861083209514618,0.5881864428520203,0.4638141691684723,0.25322091579437256,0.6446830630302429,0.49357330799102783,0.09895584732294083
0.4585127830505371,0.41847383975982666,0.2808515727519989,0.6345285773277283,0.14808626472949982,0.44716835021972656,0.37369295954704285,0.16974297165870667
0.5487960577011108,0.2584715783596039,0.1865805834531784,0.5954789519309998,0.13638314604759216,0.46827858686447144,0.4239138960838318,0.11554252356290817
0.6363338828086853,0.013124923221766949,0.009076444432139397,0.7820730805397034,0.006294217426329851,0.48374104499816895,0.3938654661178589,0.23100832104682922
0.639265775680542,0.1285347193479538,0.00024037144612520933,0.721599280834198,0.0006276448839344084,0.5096960663795471,0.41202864050865173,0.15770971775054932
0.5376708507537842,-0.0002343198866583407,0.22530338168144226,0.5860847234725952,0.11393265426158905,0.5828208327293396,0.48405709862709045,0.09321484714746475
0.6083090901374817,0.19246084988117218,0.06741835176944733,0.682608962059021,0.04404064267873764,0.48266562819480896,0.4079304337501526,0.14262376725673676
0.5121533274650574,0.31579652428627014,0.32157978415489197,0.45950940251350403,0.30239975452423096,0.39273908734321594,0.45294758677482605,0.11526299268007278
0.6399106979370117,0.2232152223587036,0.00012456720287445933,0.6470083594322205,0.04305768385529518,0.49255213141441345,0.421574205160141,0.09586739540100098
0.4229763448238373,0.24074555933475494,0.5990654230117798,0.4494030177593231,0.26294562220573425,0.4991586208343506,0.4756152033805847,0.08710404485464096
0.2673272490501404,-9.579268953530118e-05,0.6016604900360107,0.4784850478172302,0.25688549876213074,0.6729559898376465,0.5233547687530518,0.10469350963830948
0.6346954107284546,-0.0006352904019877315,0.0005379703361541033,0.6497902870178223,0.005753644276410341,0.6223857402801514,0.4715607166290283,0.07717204838991165
0.6441254615783691,0.027755199000239372,0.0005307734245434403,0.6563164591789246,0.0009824513690546155,0.6166503429412842,0.4661399722099304,0.10456135869026184
0.42846381664276123,0.34525054693222046,0.48636510968208313,0.5746229290962219,0.22011438012123108,0.3498520851135254,0.39711493253707886,0.07816899567842484
0.4911421537399292,0.4184022843837738,0.3815491497516632,0.4928228259086609,0.2949146628379822,0.3151128888130188,0.4179063141345978,0.08646418154239655
0.6843019723892212,0.28358006477355957,-0.00027659506304189563,0.5280914306640625,0.1498037427663803,0.4216768741607666,0.45399925112724304,0.0664205327630043
0.3741086423397064,0.0005822842358611524,0.5856413245201111,0.5147597193717957,0.2478516548871994,0.5338324904441833,0.4976564347743988,0.0865052118897438
0.6271597743034363,0.4161306619644165,-0.00016686684102751315,0.5817978382110596,0.12276022881269455,0.4221639931201935,0.40908050537109375,0.09654544293880463
0.6522364616394043,-0.0006864824099466205,0.00046245718840509653,0.6713294982910156,0.0008823471725918353,0.5880804061889648,0.458027720451355,0.099685437977314
0.6185813546180725,0.33139804005622864,0.10653004795312881,0.39872148633003235,0.3235544264316559,0.3906588852405548,0.4845631718635559,0.1022728979587555
0.6870419979095459,0.31389808654785156,-0.0007056813919916749,0.35156211256980896,0.3472503125667572,0.3823239505290985,0.5158044695854187,0.08594994992017746
0.3654959499835968,0.29303649067878723,0.5416271090507507,0.5282749533653259,0.23800364136695862,0.45500361919403076,0.43359434604644775,0.08574473112821579
0.5460382699966431,0.4006614089012146,-0.00010255119559587911,0.9305111765861511,3.2794087019283324e-05,0.39852291345596313,0.24693134427070618,0.33832475543022156
0.5466025471687317,0.3297182023525238,0.2894299328327179,0.5051177740097046,0.2527145445346832,0.3542599678039551,0.43537336587905884,0.0850343182682991
0.6276358366012573,0.4158644676208496,0.00022872690169606358,0.61037278175354,0.04495329037308693,0.46286439895629883,0.4093265235424042,0.06011590734124184
0.6223864555358887,0.2201300412416458,0.064858078956604,0.5902407765388489,0.081167072057724,0.48836207389831543,0.4402249753475189,0.05626955255866051
0.4165877401828766,-7.22351687727496e-05,0.4540400505065918,0.49506697058677673,0.2348431646823883,0.5771771669387817,0.517771303653717,0.09388655424118042
0.3765369653701782,0.33497822284698486,0.591599702835083,0.5499522089958191,0.2573966085910797,0.3554398715496063,0.40307727456092834,0.08111149817705154
0.6474496722221375,0.0037223200779408216,-5.8585010265232995e-05,0.7648986577987671,-0.00025323283625766635,0.5007543563842773,0.4105263948440552,0.21248309314250946
0.6555455923080444,0.0001872989087132737,-5.0819853640859947e-05,0.7439732551574707,0.0026877010241150856,0.5004916191101074,0.4199709892272949,0.19284135103225708
0.4972516894340515,0.29333287477493286,0.35815712809562683,0.46415412425994873,0.27571186423301697,0.4150121808052063,0.4630154073238373,0.08398107439279556
0.4572296738624573,0.27651485800743103,0.3726160526275635,0.4705550968647003,0.2589322626590729,0.4787727892398834,0.4674495458602905,0.09622460603713989
0.3764953315258026,0.30113813281059265,0.6057025790214539,0.5105704069137573,0.25789856910705566,0.4253217279911041,0.43437066674232483,0.08695275336503983
0.5416009426116943,-0.00019655277719721198,0.22046996653079987,0.5902237892150879,0.11023730784654617,0.5815000534057617,0.4823760390281677,0.09506989270448685
0.6302501559257507,0.41846492886543274,0.00040710228495299816,0.663374125957489,0.034898098558187485,0.43081244826316833,0.37786972522735596,0.09446264058351517
0.3179229199886322,0.2623491883277893,0.6041767597198486,0.4783744812011719,0.25661173462867737,0.5376221537590027,0.46340253949165344,0.08830607682466507
0.5416934490203857,0.41785669326782227,-0.00016748106281738728,0.9494631886482239,-1.1166168405907229e-05,0.3925482928752899,0.23195646703243256,0.3656708598136902
0.646466851234436,0.16421957314014435,0.0335749089717865,0.6315267086029053,0.026206662878394127,0.5109793543815613,0.43051019310951233,0.03479646146297455
0.394315242767334,0.41892850399017334,0.5148991942405701,0.5089623332023621,0.26775965094566345,0.3771398663520813,0.41019028425216675,0.08263084292411804
0.6619718670845032,-0.0004331151721999049,0.0001831937988754362,0.6345784664154053,0.02454492263495922,0.5524559617042542,0.4683600664138794,0.0511048249900341
0.6660574078559875,0.09273573756217957,4.967736094840802e-05,0.6619910597801208,0.0013843753840774298,0.5055227875709534,0.42968490719795227,0.032694291323423386
0.4685439169406891,0.4174906015396118,0.40279680490493774,0.5032474398612976,0.274103045463562,0.3333940804004669,0.4164753556251526,0.08028943836688995
0.5883864164352417,0.24362635612487793,0.1024770513176918,0.612274706363678,0.12323720753192902,0.4634386897087097,0.4207022488117218,0.13921838998794556
0.711436927318573,-0.0003281087556388229,0.0012266319245100021,0.6728951334953308,0.0034971721470355988,0.4702955186367035,0.4273524284362793,0.021288562566041946
0.6362782716751099,-0.0007460573106072843,0.0006181887001730502,0.6532469987869263,0.001080082030966878,0.6414861083030701,0.47147271037101746,0.09560977667570114
0.6109632849693298,0.16107706725597382,0.010955166071653366,0.6867263913154602,0.00547395832836628,0.534937858581543,0.4224180579185486,0.1037125289440155
0.5916576385498047,0.4162302017211914,0.11671270430088043,0.3955945074558258,0.29467883706092834,0.4233977198600769,0.47706565260887146,0.08441747725009918
0.6204378604888916,0.41811448335647583,0.05348249897360802,0.5672138333320618,0.096661776304245,0.43783456087112427,0.41442811489105225,0.05295870825648308
0.271229088306427,0.2952154576778412,0.6009884476661682,0.4781337380409241,0.2564047574996948,0.5784000158309937,0.4609043300151825,0.10100603103637695
0.36185503005981445,0.3682529330253601,0.5979797840118408,0.5184396505355835,0.2555007338523865,0.4047502279281616,0.4173023998737335,0.08255191892385483
0.6220657229423523,0.1729065179824829,0.04662959277629852,0.6220431923866272,0.03341187536716461,0.5385826826095581,0.43895983695983887,0.04388667270541191
0.3414801061153412,0.19330327212810516,0.6058510541915894,0.4781987965106964,0.2568714916706085,0.5375334620475769,0.4740734398365021,0.0886964499950409
0.36786410212516785,0.4169272184371948,0.5896205902099609,0.5750525593757629,0.2534332871437073,0.3065895736217499,0.37387558817863464,0.07770688831806183
0.5720603466033936,0.417074054479599,0.08307190984487534,0.6872117519378662,0.05222689360380173,0.41303393244743347,0.3611529469490051,0.11362279206514359
0.6241468787193298,0.4180850088596344,0.00015644961968064308,0.5984681844711304,0.06867599487304688,0.45749181509017944,0.4112582504749298,0.06827493757009506
0.26759201288223267,0.22156162559986115,0.601491391658783,0.4719083607196808,0.2565484344959259,0.6090236306190491,0.4798354506492615,0.09993889927864075
0.5271400213241577,0.4148789942264557,0.21366888284683228,0.5056247711181641,0.21255475282669067,0.4371240437030792,0.4324725568294525,0.09630054980516434
0.5861679911613464,0.22343163192272186,0.11937183886766434,0.6703230142593384,0.06481019407510757,0.46818023920059204,0.4044288098812103,0.13572727143764496
0.3955521583557129,0.3735648989677429,0.5933188796043396,0.5694235563278198,0.25708621740341187,0.30224937200546265,0.3854050934314728,0.08282928168773651
0.7318472862243652,0.00033530962537042797,-0.0005042089032940567,0.43407759070396423,0.255689799785614,0.4319126605987549,0.5433213710784912,0.07597997784614563
0.6492736339569092,-0.000532583158928901,0.00021711621957365423,0.6486169695854187,0.02509431727230549,0.5595534443855286,0.466962993144989,0.08545242249965668
0.382192462682724,0.4038475453853607,0.605644702911377,0.5295212864875793,0.2626398503780365,0.3457721769809723,0.40363821387290955,0.08347468823194504
0.37549856305122375,0.341337651014328,0.5402246117591858,0.5289778113365173,0.23702369630336761,0.43517330288887024,0.424603134393692,0.08751828223466873
0.6302881836891174,-0.0007658787653781474,0.0006359180551953614,0.645536482334137,0.0010442144703119993,0.6410505771636963,0.4748679995536804,0.07493419945240021
0.34207379817962646,0.00028799165738746524,0.5874087810516357,0.5040751695632935,0.2507511377334595,0.5776331424713135,0.5074785947799683,0.09146473556756973
0.43714556097984314,0.2952515184879303,0.6026660203933716,0.5582550168037415,0.2583044469356537,0.3005768358707428,0.4045322835445404,0.08462953567504883
0.3671351671218872,0.4180331230163574,0.5298176407814026,0.4873475730419159,0.2670440077781677,0.43816936016082764,0.42454054951667786,0.08633037656545639
0.2910020053386688,0.22605225443840027,0.6062555313110352,0.4814213812351227,0.2568470537662506,0.5712728500366211,0.47377631068229675,0.0938611850142479
0.42608845233917236,0.41881147027015686,0.4337891936302185,0.5987144112586975,0.19367708265781403,0.35309502482414246,0.37900662422180176,0.0862257182598114
0.7026920914649963,0.3075431287288666,-0.0002712938585318625,0.42484989762306213,0.2624029815196991,0.3900255858898163,0.49161726236343384,0.07153195887804031
0.6382221579551697,-0.0006050784140825272,0.0004777548019774258,0.6394107341766357,0.013059031218290329,0.6162710189819336,0.4743952453136444,0.07020000368356705
0.47565823793411255,0.2307497262954712,0.3434532582759857,0.5700073838233948,0.16361285746097565,0.4790656864643097,0.4363662302494049,0.07879836857318878
0.26621559262275696,-4.169841486145742e-05,0.6022470593452454,0.4815370738506317,0.25517356395721436,0.671196699142456,0.5260614156723022,0.10065383464097977
0.4616476893424988,0.00011768892727559432,0.36752673983573914,0.42834019660949707,0.29816845059394836,0.5565804243087769,0.5457372069358826,0.09205064922571182
0.36662521958351135,0.416069358587265,0.6062594056129456,0.5743526816368103,0.25873106718063354,0.30701830983161926,0.3778725266456604,0.0833614319562912
0.46174758672714233,0.27307868003845215,0.3954199254512787,0.5367671847343445,0.2076936811208725,0.4445253014564514,0.4379711449146271,0.08532911539077759
0.5413087010383606,0.4157404899597168,-9.3813992862124e-05,0.921086311340332,2.33402556659712e-06,0.39321959018707275,0.24741804599761963,0.3227209150791168
0.6470515727996826,0.41745370626449585,2.9297458240762353e-05,0.5796430110931396,0.08463075757026672,0.43738070130348206,0.4154347777366638,0.061268165707588196
0.5161697864532471,0.1729678064584732,0.18268798291683197,0.5879748463630676,0.1271820068359375,0.5765002965927124,0.4579099416732788,0.1556762009859085
0.5687618851661682,0.4181261956691742,0.024068575352430344,0.6659742593765259,0.011593596078455448,0.5038325786590576,0.3870735764503479,0.08547130227088928
0.656895637512207,-0.0005628231447190046,0.00033761761733330786,0.6512553095817566,0.00789576768875122,0.5874699950218201,0.4636259078979492,0.07173728197813034
0.2248694896697998,0.30113956332206726,0.6069016456604004,0.458560585975647,0.25681084394454956,0.6506811380386353,0.47642782330513,0.10825993120670319
0.5434882640838623,0.4067150354385376,-0.0001522875827504322,0.9467141628265381,6.796501111239195e-05,0.39574891328811646,0.2369696944952011,0.35585305094718933
0.6881487369537354,0.33111703395843506,-0.0003372102219145745,0.41427603363990784,0.2872990369796753,0.3864818811416626,0.489224910736084,0.08615907281637192
0.46496281027793884,0.18902049958705902,0.3350670337677002,0.5280469059944153,0.1803130954504013,0.5427062511444092,0.4686146676540375,0.08665626496076584
0.2836281657218933,0.20624925196170807,0.5950369238853455,0.47641831636428833,0.25875675678253174,0.5939903855323792,0.4802618622779846,0.10005981475114822
0.44246187806129456,0.13516660034656525,0.3185497224330902,0.5779477953910828,0.14586642384529114,0.5866538286209106,0.46758779883384705,0.11278943717479706
0.4008760154247284,0.0003531900292728096,0.5274293422698975,0.48684200644493103,0.26349306106567383,0.5447962880134583,0.5138545632362366,0.09193761646747589
0.6694989800453186,0.24257656931877136,-5.982384755043313e-05,0.6191579103469849,0.039487019181251526,0.4578004777431488,0.42509591579437256,0.03951839730143547
0.6722761988639832,0.4184078574180603,-0.0006126759690232575,0.3600758910179138,0.3517676889896393,0.36406898498535156,0.49312323331832886,0.08831038326025009
0.5972527265548706,0.30673086643218994,0.13525529205799103,0.3882972002029419,0.30827075242996216,0.4344847798347473,0.49892696738243103,0.08632833510637283
0.26939064264297485,0.05062364041805267,0.6007483005523682,0.4902166724205017,0.2543666958808899,0.656745195388794,0.5152061581611633,0.10722997039556503
0.2657686471939087,0.07418578118085861,0.6057158708572388,0.47440287470817566,0.2565019726753235,0.6556524038314819,0.5162534713745117,0.09710846096277237
0.5263501405715942,4.920520223095082e-05,0.28536099195480347,0.5547057390213013,0.15435132384300232,0.5547122955322266,0.49379318952560425,0.08427189290523529
0.6242262125015259,0.0960298404097557,0.0018129280069842935,0.6775094270706177,0.0015572727425023913,0.5619694590568542,0.4406168758869171,0.09924998879432678
0.5002147555351257,0.17035971581935883,0.26483967900276184,0.5234063863754272,0.1960926204919815,0.5178031325340271,0.4757680892944336,0.09880585968494415
0.6493794322013855,0.19810235500335693,4.8515219532418996e-05,0.5778427720069885,0.09824647009372711,0.497006893157959,0.45716172456741333,0.0814908891916275
0.6717655062675476,-0.00042766780825331807,0.00014993685181252658,0.6451941728591919,0.028886253014206886,0.5458442568778992,0.4644732177257538,0.08694181591272354
0.2959672212600708,0.1039111390709877,0.6059987545013428,0.46584227681159973,0.2569081485271454,0.6332398056983948,0.5066049695014954,0.09625593572854996
0.5433892011642456,0.4183948338031769,-8.252955012721941e-05,0.914237916469574,0.00016556716582272202,0.39728909730911255,0.24994397163391113,0.3103880286216736
0.6838192343711853,0.41897282004356384,0.00010911759454756975,0.4341129958629608,0.2564758360385895,0.37594178318977356,0.46893852949142456,0.06962236016988754
0.4337053894996643,0.4188220500946045,0.4282752573490143,0.5449486374855042,0.22820024192333221,0.36993688344955444,0.3996069133281708,0.08367660641670227
0.6554281115531921,-0.0005808054120279849,0.00033805242856033146,0.647589921951294,0.003869802923873067,0.5848512649536133,0.4575860798358917,0.03579634800553322
0.7302203178405762,0.000296776503091678,-0.0006812209030613303,0.3572695255279541,0.3473320007324219,0.41288086771965027,0.5722506642341614,0.08459874987602234
0.26793548464775085,0.07517329603433609,0.6019315719604492,0.48005691170692444,0.25486043095588684,0.6524279117584229,0.5143973231315613,0.09821630269289017
0.6224412322044373,0.10550357401371002,0.001841597375459969,0.6817100644111633,0.0015465354081243277,0.5523868799209595,0.4359268248081207,0.09901120513677597
0.639161229133606,0.07510022819042206,0.00047314632683992386,0.6979771852493286,0.0006256754859350622,0.5737378597259521,0.4403153955936432,0.16261255741119385
0.31859445571899414,0.0817466676235199,0.5382859110832214,0.4887895882129669,0.23023518919944763,0.6385177969932556,0.5042649507522583,0.09416047483682632
0.5080543160438538,0.4127037227153778,0.29309535026550293,0.5226684212684631,0.23152807354927063,0.3691650629043579,0.41723912954330444,0.08650033921003342
0.44726842641830444,0.23180124163627625,0.3749615252017975,0.5560705065727234,0.18567734956741333,0.500303328037262,0.4422127604484558,0.1050422191619873
0.6508305668830872,-0.0006989199900999665,0.0004734912363346666,0.6675021052360535,0.0009127038065344095,0.5909941792488098,0.4596318304538727,0.09329023957252502
0.23305049538612366,0.22258204221725464,0.6054980754852295,0.4535047113895416,0.2565936744213104,0.6655492186546326,0.49046289920806885,0.1051197201013565
0.37592634558677673,0.4194566607475281,0.5937345027923584,0.5852375030517578,0.2554345428943634,0.2783242166042328,0.37350910902023315,0.07676605880260468
0.5509291291236877,0.4123234748840332,-9.652232984080911e-05,0.8701427578926086,0.0003542878548614681,0.4021291732788086,0.2762579917907715,0.25889694690704346
0.6634114384651184,-0.0007206520531326532,0.0004160748212598264,0.7000389099121094,0.0004182545526418835,0.5853964686393738,0.45412513613700867,0.1882350593805313
0.5801420211791992,0.41645917296409607,0.0008460077224299312,0.7589983344078064,0.0015917912824079394,0.4448947310447693,0.33851388096809387,0.16327813267707825
0.6628016233444214,-0.0005240594036877155,0.00026347790844738483,0.6454272270202637,0.021697456017136574,0.5668527483940125,0.4674593508243561,0.08372849225997925
0.2771293818950653,0.27472153306007385,0.5574437975883484,0.48021069169044495,0.23793168365955353,0.6204047799110413,0.47072336077690125,0.10505320876836777
0.5403813719749451,0.41698482632637024,0.18997040390968323,0.5406787991523743,0.1902153193950653,0.4172542989253998,0.41457924246788025,0.10446025431156158
0.24244774878025055,0.22875811159610748,0.5999138951301575,0.42873263359069824,0.2586652636528015,0.670626163482666,0.4904327690601349,0.10069270431995392
0.26419320702552795,-0.00011931311018997803,0.6065981388092041,0.47349292039871216,0.25690069794654846,0.6730976104736328,0.5267350673675537,0.09899216890335083
0.35296040773391724,0.23479951918125153,0.6026203632354736,0.5090664625167847,0.25563985109329224,0.4753250777721405,0.45197969675064087,0.0882016196846962
0.25604623556137085,0.15190041065216064,0.6057628393173218,0.4457941949367523,0.25703126192092896,0.6691111922264099,0.5023139119148254,0.09534245729446411
0.2850137948989868,0.1212557926774025,0.6063641905784607,0.4684217572212219,0.2569241225719452,0.6352012753486633,0.5044599771499634,0.09623682498931885
